-25 1.08e-08 2.02e-07 1 -4.89e-06
-24.6 9.58e-10 1.09e-07 1 -6.11e-06
-24.2 0 1.31e-08 1 -1.21e-06
-23.8 0 0 1 0
-23.4 0 0 1 0
-23 0 0 1 0
-22.6 0 0 1 0
-22.2 0 0 1 0
-21.8 0 0 1 0
-21.4 0 0 1 0
-21 0 0 1 0
-20.6 0 0 1 0
-20.2 0 0 1 0
-19.8 0 0 1 0
-19.4 0 0 1 0
-19 0 0 1 0
-18.6 0 0 1 0
-18.2 0 0 1 0
-17.8 0 0 1 0
-17.4 0 0 1 0
-17 0 0 1 0
-16.6 0 0 1 0
-16.2 0 0 1 0
-15.8 0 0 1 0
-15.4 0 0 1 0
-15 0 0 1 0
-14.6 0 7.45e-06 1 0
-14.2 0 4.88e-05 1 0
-13.8 0 0.000126 1 0
-13.4 0 0.000257 1 0
-13 0 0.000476 1 0
-12.6 0 0.000833 1 0
-12.2 0 0.00139 1 0
-11.8 0 0.00228 1 0
-11.4 0 0.00361 1 0
-11 0 0.00558 1 0
-10.6 0 0.0084 1 0
-10.2 0 0.0123 1 0.00591
-9.8 0.000325 0.0175 1 0.0168
-9.4 0.00156 0.0254 1 0.0231
-9 0.00354 0.0372 1 0.0264
-8.6 0.00642 0.0492 1 0.0305
-8.2 0.0104 0.0633 1 0.0355
-7.8 0.0158 0.0814 1 0.0427
-7.4 0.0234 0.105 1 0.0489
-7 0.0326 0.13 1 0.0535
-6.6 0.044 0.158 1 0.0599
-6.2 0.0581 0.19 1 0.0673
-5.8 0.0754 0.227 1 0.0746
-5.4 0.096 0.266 1 0.081
-5 0.12 0.309 1 0.0877
-4.6 0.148 0.354 1 0.0944
-4.2 0.18 0.401 1 0.0989
-3.8 0.215 0.45 1 0.103
-3.4 0.254 0.498 1 0.107
-3 0.296 0.546 1 0.109
-2.6 0.341 0.593 1 0.11
-2.2 0.388 0.637 1 0.11
-1.8 0.437 0.678 1.07 0.109
-1.4 0.487 0.715 1.1 0.107
-1 0.538 0.748 1.12 0.105
-0.6 0.589 0.777 1.14 0.1
-0.2 0.639 0.803 1.16 0.0968
0.2 0.689 0.825 1.19 0.0935
0.6 0.738 0.841 1.21 0.0886
1 0.785 0.854 1.22 0.0841
1.4 0.831 0.864 1.23 0.0798
1.8 0.875 0.872 1.23 0.0758
2.2 0.918 0.878 1.22 0.0729
2.6 0.96 0.879 1.19 0.0693
3 1 0.88 1.15 0.0667
3.4 1.04 0.879 1.1 0.0658
3.8 1.08 0.878 1.03 0.073
4.2 1.13 0.872 0.955 0.0721
4.6 1.17 0.864 0.874 0.0711
5 1.22 0.854 0.788 0.0703
5.4 1.26 0.841 0.705 0.0694
5.8 1.31 0.825 0.623 0.0762
6.2 1.36 0.803 0.547 0.0752
6.6 1.41 0.777 0.477 0.0743
7 1.46 0.748 0.412 0.0735
7.4 1.51 0.715 0.353 0.0726
7.8 1.56 0.678 0.299 0.0719
8.2 1.61 0.637 0.253 0.0711
8.6 1.66 0.593 0.212 0.0634
9 1.7 0.546 0.177 0.0628
9.4 1.75 0.498 0.145 0.0554
9.8 1.78 0.45 0.118 0.0481
10.2 1.82 0.401 0.0962 0.0478
10.6 1.85 0.354 0.078 0.0407
11 1.88 0.309 0.0623 0.0338
11.4 1.9 0.266 0.0488 0.0269
11.8 1.92 0.227 0.0373 0.0268
12.2 1.94 0.19 0.0282 0.0267
12.6 1.96 0.158 0.0212 0.02
13 1.97 0.13 0.0158 0.0133
13.4 1.98 0.105 0.0116 0.00664
13.8 1.98 0.0814 0.00851 0.00663
14.2 1.99 0.0633 0.0062 0.00663
14.6 1.99 0.0492 0.0045 0.00662
15 2 0.0372 0.00325 0.00662
15.4 2 0.0254 0.00234 0
15.8 2 0.0175 0.00169 0
16.2 2 0.0123 0.00121 0
16.6 2 0.0084 0.000872 0
17 2 0.00558 0.000627 0
17.4 2 0.00361 0.00045 0
17.8 2 0.00228 0.000322 0
18.2 2 0.00139 0.000231 0
18.6 2 0.000833 0.000166 0
19 2 0.000476 0.000119 0
19.4 2 0.000257 8.52e-05 0
19.8 2 0.000126 6.1e-05 0
20.2 2 4.88e-05 4.37e-05 0
20.6 2 7.45e-06 3.14e-05 0
21 2 0 2.24e-05 0
21.4 2 0 1.61e-05 0
21.8 2 0 1.15e-05 0
22.2 2 0 8.26e-06 0
22.6 2 0 5.92e-06 0
23 2 0 4.24e-06 0
23.4 2 0 3.04e-06 0
23.8 2 0 2.18e-06 0
24.2 2 0 1.56e-06 0
24.6 2 0 1.12e-06 0
25 2 0 8.02e-07 0
25.4 2 0 5.75e-07 0
25.8 2 0 4.11e-07 0
26.2 2 0 2.95e-07 0
26.6 2 0 2.11e-07 0
27 2 0 1.51e-07 0
27.4 2 0 1.08e-07 0
27.8 2 0 7.77e-08 0
28.2 2 0 5.57e-08 0
28.6 2 0 3.99e-08 0
29 2 0 2.86e-08 0
29.4 2 0 2.05e-08 0
29.8 2 0 1.47e-08 0
30.2 2 0 1.05e-08 0
30.6 2 0 7.54e-09 0
31 2 0 5.4e-09 0
31.4 2 0 3.87e-09 0
31.8 2 0 2.77e-09 0
32.2 2 0 1.99e-09 0
32.6 2 0 1.42e-09 0
33 2 0 1.02e-09 0
33.4 2 0 7.3e-10 0
33.8 2 0 5.24e-10 0
34.2 2 0 3.75e-10 0
34.6 2 0 2.69e-10 0
35 2 0 1.93e-10 0
35.4 2 0 1.38e-10 0
35.8 2 0 9.88e-11 0
36.2 2 0 7.08e-11 0
36.6 2 0 5.08e-11 0
37 2 0 3.64e-11 0
37.4 2 0 2.61e-11 0
37.8 2 0 1.87e-11 0
38.2 2 0 1.34e-11 0
38.6 2 0 9.6e-12 0
39 2 0 6.88e-12 0
39.4 2 0 4.93e-12 0
39.8 2 0 3.53e-12 0
40.2 2 0 2.53e-12 0
40.6 2 0 1.81e-12 0
41 2 0 1.3e-12 0
41.4 2 0 9.3e-13 0
41.8 2 0 6.66e-13 0
42.2 2 0 4.78e-13 0
42.6 2 0 3.42e-13 0
43 2 0 2.46e-13 0
43.4 2 0 1.74e-13 0
43.9 2 0 1.21e-13 0
44.3 2 0 8.29e-14 0
44.8 2 0 5.63e-14 0
45.2 2 6.12e-13 3.52e-14 0
46.4 2 7.09e-13 1.89e-14 0
46.9 2 2.05e-12 8.9e-15 0
47.7 2 2.34e-12 4.93e-15 0
48.3 2 3.16e-12 2.7e-15 0
49.5 2 3.21e-12 1.14e-15 0
50.4 2 3.55e-12 4.73e-16 0
51.5 2 3.63e-12 2.03e-16 0
51.9 2 3.61e-12 1.03e-16 0
