     -15    0.109     0.41        1   0.0138    0.784
   -14.6    0.117    0.432        1   0.0273     1.47
   -14.2    0.125    0.453        1   0.0267     1.29
   -13.8    0.133    0.475        1   0.0277      1.2
   -13.4    0.142    0.497        1   0.0303     1.17
     -13    0.152    0.519        1   0.0312     1.09
   -12.6    0.162    0.542        1   0.0306    0.956
   -12.2    0.172    0.565        1   0.0314    0.885
   -11.8    0.183    0.588        1   0.0337    0.857
   -11.4    0.195    0.612        1   0.0345    0.792
     -11    0.207    0.636        1   0.0338    0.702
   -10.6    0.219     0.66        1   0.0345    0.651
   -10.2    0.232    0.684        1   0.0366    0.626
    -9.8    0.246    0.709        1   0.0372     0.58
    -9.4     0.26    0.733        1   0.0378    0.536
      -9    0.275    0.758        1   0.0385    0.497
    -8.6     0.29    0.782        1   0.0378    0.447
    -8.2    0.305    0.805        1   0.0384    0.416
    -7.8    0.321    0.828        1   0.0402      0.4
    -7.4    0.338    0.851        1   0.0395    0.363
      -7    0.354    0.873        1     0.04    0.338
    -6.6    0.372    0.894        1   0.0406    0.318
    -6.2    0.389    0.915        1   0.0399    0.289
    -5.8    0.407    0.934        1   0.0405    0.272
    -5.4    0.425    0.953        1   0.0399     0.25
      -5    0.443    0.971        1   0.0394     0.23
    -4.6    0.461    0.988        1   0.0399    0.218
    -4.2     0.48        1        1   0.0394    0.201
    -3.8    0.498     1.02        1   0.0389    0.186
    -3.4    0.517     1.03        1   0.0395    0.178
      -3    0.536     1.04        1    0.038    0.161
    -2.6    0.554     1.05        1   0.0365    0.147
    -2.2    0.572     1.06        1   0.0371    0.141
    -1.8    0.591     1.07        1   0.0368    0.133
    -1.4    0.609     1.08        1   0.0354    0.121
      -1    0.627     1.08        1   0.0341    0.112
    -0.6    0.644     1.09        1   0.0328    0.103
    -0.2    0.661     1.09        1   0.0325   0.0973
     0.2    0.678     1.09        1   0.0323   0.0925
     0.6    0.695     1.09        1   0.0311   0.0856
       1    0.711     1.09        1   0.0299   0.0792
     1.4    0.727     1.09        1   0.0287   0.0735
     1.8    0.742     1.09        1   0.0276   0.0681
     2.2    0.757     1.09     1.01   0.0265   0.0634
     2.6    0.771     1.09        1   0.0254   0.0589
       3    0.785     1.08        1   0.0253   0.0568
     3.4    0.799     1.08        1   0.0243   0.0529
     3.8    0.812     1.07        1   0.0223   0.0475
     4.2    0.824     1.07    0.999   0.0213   0.0442
     4.6    0.836     1.07    0.998   0.0212   0.0429
       5    0.848     1.06    0.996   0.0203     0.04
     5.4    0.859     1.05    0.994   0.0193   0.0373
     5.8     0.87     1.05    0.992   0.0183   0.0347
     6.2     0.88     1.04     0.99   0.0174   0.0323
     6.6     0.89     1.04    0.987   0.0173   0.0316
       7      0.9     1.03    0.985   0.0164   0.0294
     7.4    0.909     1.03    0.982   0.0155   0.0272
     7.8    0.918     1.02    0.979   0.0154   0.0267
     8.2    0.927     1.02    0.975   0.0145   0.0248
     8.6    0.935     1.01    0.972   0.0145   0.0243
       9    0.944     1.01    0.968   0.0144   0.0239
     9.4    0.952     1.01    0.964   0.0127   0.0207
     9.8    0.959        1    0.959   0.0127   0.0204
    10.2    0.967        1    0.955   0.0126   0.0201
    10.6    0.974    0.999    0.949   0.0126   0.0197
      11    0.982    0.997    0.944   0.0126   0.0195
    11.4    0.989    0.996    0.938   0.0117   0.0179
    11.8    0.996    0.995    0.932  0.00918   0.0139
    12.2        1    0.995    0.925   0.0117   0.0174
    12.6     1.01    0.996    0.918   0.0166   0.0245
      13     1.02    0.997     0.91   0.0166    0.024
    13.4     1.03    0.999    0.902  0.00827   0.0119
    13.8     1.03        1    0.894  0.00824   0.0117
    14.2     1.04        1    0.884   0.0165   0.0231
    14.6     1.05     1.01    0.875   0.0164   0.0227
      15     1.06     1.01    0.865  0.00819   0.0112
    15.4     1.06     1.01    0.854  0.00816    0.011
    15.8     1.07     1.02    0.843   0.0163   0.0218
    16.2     1.08     1.02    0.831   0.0162   0.0214
    16.6     1.09     1.03    0.819   0.0162    0.021
      17      1.1     1.03    0.806   0.0161   0.0207
    17.4     1.11     1.04    0.792   0.0161   0.0203
    17.8     1.12     1.04    0.778    0.016   0.0199
    18.2     1.13     1.05    0.764    0.016   0.0196
    18.6     1.14     1.05    0.749    0.016   0.0192
      19     1.15     1.06    0.733   0.0159   0.0189
    19.4     1.16     1.07    0.717   0.0238   0.0276
    19.8     1.18     1.07    0.701   0.0237   0.0272
    20.2     1.19     1.07    0.684   0.0157   0.0177
    20.6      1.2     1.08    0.666   0.0157   0.0174
      21     1.21     1.08    0.649   0.0234   0.0254
    21.4     1.23     1.09     0.63   0.0234    0.025
    21.8     1.24     1.09    0.612   0.0232   0.0242
    22.2     1.26     1.09    0.593   0.0232   0.0238
    22.6     1.27     1.09    0.574   0.0231   0.0231
      23     1.29     1.09    0.556    0.023   0.0227
    23.4      1.3     1.09    0.536   0.0229    0.022
    23.8     1.32     1.09    0.517   0.0304   0.0287
    24.2     1.34     1.09    0.498   0.0302   0.0279
    24.6     1.36     1.09    0.479   0.0226   0.0204
      25     1.37     1.08     0.46   0.0225   0.0198
    25.4     1.39     1.08    0.441   0.0299   0.0259
    25.8     1.41     1.07    0.423   0.0297   0.0252
    26.2     1.43     1.06    0.404   0.0296   0.0245
    26.6     1.45     1.05    0.387   0.0221    0.018
      27     1.46     1.04    0.369    0.022   0.0175
    27.4     1.48     1.03    0.352   0.0293   0.0228
    27.8      1.5     1.02    0.335   0.0291   0.0222
    28.2     1.52        1    0.318    0.029   0.0216
    28.6     1.54    0.988    0.302   0.0289   0.0211
      29     1.56    0.971    0.287   0.0287   0.0205
    29.4     1.58    0.953    0.272   0.0215   0.0151
    29.8     1.59    0.934    0.257   0.0214   0.0147
    30.2     1.61    0.915    0.243   0.0284   0.0193
    30.6     1.63    0.894    0.229   0.0283   0.0188
      31     1.65    0.873    0.217   0.0212   0.0139
    31.4     1.66    0.851    0.204   0.0211   0.0135
    31.8     1.68    0.828    0.192   0.0211   0.0134
    32.2     1.69    0.805    0.181    0.021   0.0131
    32.6     1.71    0.782     0.17   0.0279   0.0171
      33     1.73    0.758     0.16   0.0208   0.0126
    33.4     1.74    0.733     0.15   0.0139  0.00826
    33.8     1.75    0.709    0.141   0.0207   0.0122
    34.2     1.77    0.684    0.132   0.0207    0.012
    34.6     1.78     0.66    0.123   0.0138  0.00789
      35     1.79    0.636    0.115   0.0206   0.0116
    35.4     1.81    0.611    0.108   0.0205   0.0115
    35.8     1.82    0.587    0.101   0.0137  0.00755
    36.2     1.83    0.564   0.0944   0.0136  0.00747
    36.6     1.84     0.54   0.0881   0.0136  0.00738
      37     1.85    0.517   0.0822   0.0136   0.0073
    37.4     1.86    0.495   0.0767   0.0136  0.00723
    37.8     1.87    0.473   0.0715   0.0135  0.00715
    38.2     1.88    0.451   0.0667  0.00676  0.00356
    38.6     1.88    0.431   0.0621  0.00675  0.00352
      39     1.89     0.41   0.0578   0.0135    0.007
    39.4      1.9    0.391   0.0538  0.00673  0.00348
    39.8      1.9    0.372   0.0501  0.00672  0.00344
    40.2     1.91    0.353   0.0466   0.0134  0.00685
    40.6     1.92    0.335   0.0433  0.00671  0.00341
      41     1.92    0.318   0.0403   0.0067  0.00337
    41.4     1.93    0.302   0.0374   0.0067  0.00337
    41.8     1.93    0.286   0.0348  0.00669  0.00334
    42.2     1.94    0.271   0.0323  0.00669  0.00334
    42.6     1.94    0.257     0.03  0.00668   0.0033
      43     1.95    0.243   0.0279  0.00668   0.0033
    43.4     1.95     0.23   0.0259        0        0
    43.8     1.95    0.217    0.024  0.00666  0.00327
    44.2     1.96    0.205   0.0223  0.00666  0.00327
    44.6     1.96    0.193   0.0207        0        0
      45     1.96    0.183   0.0192        0        0
    45.4     1.96    0.172   0.0178  0.00665  0.00324
    45.8     1.97    0.162   0.0165  0.00665  0.00324
    46.2     1.97    0.153   0.0153        0        0
    46.6     1.97    0.144   0.0142        0        0
      47     1.97    0.136   0.0132  0.00664   0.0032
    47.4     1.98    0.128   0.0122  0.00664   0.0032
    47.8     1.98     0.12   0.0113        0        0
    48.2     1.98    0.113   0.0105        0        0
    48.6     1.98    0.106  0.00973        0        0
      49     1.98      0.1  0.00901        0        0
    49.4     1.98    0.094  0.00835  0.00663  0.00317
    49.8     1.99   0.0883  0.00774  0.00663  0.00317
    50.2     1.99    0.083  0.00717        0        0
    50.6     1.99   0.0779  0.00665        0        0
      51     1.99   0.0732  0.00616        0        0
    51.4     1.99   0.0687   0.0057        0        0
    51.8     1.99   0.0644  0.00528        0        0
    52.2     1.99   0.0605  0.00489        0        0
    52.6     1.99   0.0567  0.00454        0        0
      53     1.99   0.0532   0.0042        0        0
    53.4     1.99   0.0499  0.00389        0        0
    53.8     1.99   0.0468  0.00361        0        0
    54.2     1.99   0.0438  0.00334        0        0
    54.6     1.99   0.0411  0.00309        0        0
      55     1.99   0.0385  0.00287        0        0
    55.4     1.99   0.0361  0.00265  0.00662  0.00314
    55.8        2   0.0338  0.00246  0.00662  0.00314
    56.2        2   0.0317  0.00228        0        0
    56.6        2   0.0296  0.00211        0        0
      57        2   0.0278  0.00195        0        0
    57.4        2    0.026  0.00181        0        0
    57.8        2   0.0243  0.00167        0        0
    58.2        2   0.0228  0.00155        0        0
    58.6        2   0.0213  0.00143        0        0
      59        2   0.0199  0.00133        0        0
    59.4        2   0.0187  0.00123        0        0
    59.8        2   0.0175  0.00114        0        0
    60.2        2   0.0163  0.00105        0        0
    60.6        2   0.0153 0.000977        0        0
      61        2   0.0143 0.000905        0        0
    61.4        2   0.0133 0.000838        0        0
    61.8        2   0.0125 0.000776        0        0
    62.2        2   0.0117 0.000718        0        0
    62.6        2   0.0109 0.000666        0        0
      63        2   0.0102 0.000617        0        0
    63.4        2  0.00953 0.000571        0        0
    63.8        2   0.0089 0.000529        0        0
    64.2        2  0.00832  0.00049        0        0
    64.6        2  0.00777 0.000453        0        0
      65        2  0.00726  0.00042        0        0
    65.4        2  0.00679 0.000389        0        0
    65.8        2  0.00634  0.00036        0        0
    66.2        2  0.00592 0.000333        0        0
    66.6        2  0.00553 0.000309        0        0
      67        2  0.00517 0.000286        0        0
    67.4        2  0.00482 0.000265        0        0
    67.8        2   0.0045 0.000245        0        0
    68.2        2  0.00421 0.000227        0        0
    68.6        2  0.00393  0.00021        0        0
      69        2  0.00367 0.000195        0        0
    69.4        2  0.00342  0.00018        0        0
    69.8        2   0.0032 0.000167        0        0
    70.2        2  0.00298 0.000154        0        0
    70.6        2  0.00278 0.000143        0        0
      71        2   0.0026 0.000132        0        0
    71.4        2  0.00242 0.000123        0        0
    71.8        2  0.00226 0.000114        0        0
    72.2        2  0.00211 0.000105        0        0
    72.6        2  0.00197 9.74e-05        0        0
      73        2  0.00184 9.02e-05        0        0
    73.4        2  0.00171 8.36e-05        0        0
    73.8        2   0.0016 7.74e-05        0        0
    74.2        2  0.00149 7.17e-05        0        0
    74.6        2  0.00139 6.63e-05        0        0
      75        2   0.0013 6.14e-05        0        0
    75.4        2  0.00121 5.68e-05        0        0
    75.8        2  0.00113 5.26e-05        0        0
    76.2        2  0.00105 4.87e-05        0        0
    76.6        2 0.000981 4.52e-05        0        0
      77        2 0.000915 4.18e-05        0        0
    77.4        2 0.000854 3.87e-05        0        0
    77.8        2 0.000796 3.58e-05        0        0
    78.2        2 0.000742 3.32e-05        0        0
    78.6        2 0.000692 3.07e-05        0        0
      79        2 0.000645 2.85e-05        0        0
    79.4        2 0.000602 2.63e-05        0        0
    79.8        2 0.000561 2.44e-05        0        0
    80.2        2 0.000523 2.26e-05        0        0
    80.6        2 0.000487 2.09e-05        0        0
      81        2 0.000454 1.94e-05        0        0
    81.4        2 0.000423 1.79e-05        0        0
    81.8        2 0.000394 1.66e-05        0        0
    82.2        2 0.000368 1.54e-05        0        0
    82.6        2 0.000343 1.42e-05        0        0
      83        2 0.000319 1.32e-05        0        0
    83.4        2 0.000297 1.22e-05        0        0
    83.8        2 0.000277 1.13e-05        0        0
    84.2        2 0.000258 1.05e-05        0        0
    84.6        2 0.000241 9.69e-06        0        0
      85        2 0.000224 8.98e-06        0        0
    85.4        2 0.000209 8.31e-06        0        0
    85.8        2 0.000195  7.7e-06        0        0
    86.2        2 0.000181 7.13e-06        0        0
    86.6        2 0.000169  6.6e-06        0        0
      87        2 0.000157 6.11e-06        0        0
    87.4        2 0.000146 5.66e-06        0        0
    87.8        2 0.000136 5.24e-06        0        0
    88.2        2 0.000127 4.85e-06        0        0
    88.6        2 0.000118 4.49e-06        0        0
      89        2  0.00011 4.16e-06        0        0
    89.4        2 0.000103 3.85e-06        0        0
    89.8        2 9.56e-05 3.57e-06        0        0
    90.2        2 8.91e-05  3.3e-06        0        0
    90.6        2 8.29e-05 3.06e-06        0        0
      91        2 7.72e-05 2.83e-06        0        0
    91.4        2 7.19e-05 2.62e-06        0        0
    91.8        2  6.7e-05 2.43e-06        0        0
    92.2        2 6.24e-05 2.25e-06        0        0
    92.6        2  5.8e-05 2.08e-06        0        0
      93        2  5.4e-05 1.93e-06        0        0
    93.4        2 5.03e-05 1.78e-06        0        0
    93.8        2 4.68e-05 1.65e-06        0        0
    94.2        2 4.36e-05 1.53e-06        0        0
    94.6        2 4.06e-05 1.42e-06        0        0
      95        2 3.78e-05 1.31e-06        0        0
    95.4        2 3.51e-05 1.22e-06        0        0
    95.8        2 3.25e-05 1.12e-06        0        0
    96.2        2    3e-05 1.04e-06        0        0
    96.6        2 2.78e-05 9.65e-07        0        0
      97        2 2.57e-05 8.93e-07        0        0
    97.4        2 2.38e-05 8.27e-07        0        0
    97.8        2 2.22e-05 7.65e-07        0        0
    98.2        2 2.09e-05 7.08e-07        0        0
    98.6        2 1.98e-05 6.57e-07        0        0
      99        2  1.9e-05 6.07e-07        0        0
    99.4        2 1.85e-05 5.57e-07        0        0
    99.8        2 1.82e-05 5.31e-07        0        0
