-15 0.0527 0.234 1 0.0112
-14.6 0.0578 0.253 1 0.023
-14.2 0.0634 0.273 1 0.0244
-13.8 0.0695 0.293 1 0.0259
-13.4 0.0762 0.314 1 0.0273
-13 0.0834 0.335 1 0.0286
-12.6 0.0912 0.357 1 0.0302
-12.2 0.0997 0.38 1 0.032
-11.8 0.109 0.404 1 0.0337
-11.4 0.119 0.429 1 0.0339
-11 0.129 0.455 1 0.0346
-10.6 0.14 0.482 1 0.0384
-10.2 0.153 0.51 1 0.039
-9.8 0.165 0.539 1 0.0394
-9.4 0.179 0.569 1 0.0429
-9 0.194 0.598 1 0.0432
-8.6 0.209 0.629 1 0.0435
-8.2 0.225 0.659 1 0.0452
-7.8 0.242 0.689 1 0.0468
-7.4 0.26 0.72 1 0.0483
-7 0.279 0.75 1 0.0485
-6.6 0.298 0.779 1 0.0486
-6.2 0.318 0.808 1 0.05
-5.8 0.339 0.836 1 0.0502
-5.4 0.36 0.863 1 0.0504
-5 0.382 0.889 1 0.0505
-4.6 0.404 0.914 1 0.0507
-4.2 0.427 0.937 1 0.0509
-3.8 0.45 0.959 1 0.05
-3.4 0.473 0.978 1 0.0503
-3 0.497 0.996 1 0.0495
-2.6 0.52 1.01 1 0.0477
-2.2 0.543 1.03 1 0.047
-1.8 0.566 1.04 1 0.0463
-1.4 0.589 1.05 1 0.0457
-1 0.612 1.06 1 0.0442
-0.6 0.634 1.06 1 0.0427
-0.2 0.656 1.07 1 0.0413
0.2 0.677 1.07 1 0.0399
0.6 0.698 1.07 1 0.0385
1 0.718 1.07 1 0.0372
1.4 0.738 1.07 1 0.0351
1.8 0.756 1.07 1.02 0.0329
2.2 0.774 1.06 1.02 0.0327
2.6 0.792 1.06 1.02 0.0306
3 0.808 1.05 1.02 0.0286
3.4 0.824 1.05 1.02 0.0276
3.8 0.839 1.04 1.02 0.0256
4.2 0.853 1.03 1.02 0.0237
4.6 0.866 1.03 1.01 0.0227
5 0.879 1.02 1.01 0.0218
5.4 0.891 1.01 1.01 0.0208
5.8 0.903 1 1.01 0.0198
6.2 0.914 0.998 1.01 0.0189
6.6 0.925 0.991 1 0.0171
7 0.934 0.985 0.998 0.0162
7.4 0.944 0.98 0.994 0.0161
7.8 0.953 0.975 0.99 0.0152
8.2 0.962 0.971 0.985 0.0152
8.6 0.971 0.968 0.98 0.0143
9 0.979 0.965 0.974 0.0143
9.4 0.988 0.963 0.967 0.0142
9.8 0.996 0.963 0.96 0.01
10.2 1 0.963 0.952 0.0117
10.6 1.01 0.963 0.943 0.0166
11 1.02 0.965 0.934 0.0166
11.4 1.03 0.968 0.924 0.0165
11.8 1.04 0.971 0.913 0.0165
12.2 1.05 0.975 0.902 0.0164
12.6 1.06 0.98 0.889 0.0163
13 1.07 0.985 0.875 0.0163
13.4 1.08 0.991 0.861 0.0162
13.8 1.09 0.998 0.846 0.0162
14.2 1.1 1 0.83 0.0161
14.6 1.11 1.01 0.812 0.0161
15 1.12 1.02 0.794 0.016
15.4 1.13 1.03 0.775 0.024
15.8 1.15 1.03 0.756 0.0239
16.2 1.16 1.04 0.735 0.0238
16.6 1.18 1.05 0.713 0.0237
17 1.19 1.05 0.691 0.0236
17.4 1.21 1.06 0.669 0.0313
17.8 1.23 1.06 0.645 0.0234
18.2 1.24 1.07 0.622 0.0232
18.6 1.26 1.07 0.597 0.0309
19 1.28 1.07 0.573 0.0307
19.4 1.3 1.07 0.548 0.0305
19.8 1.32 1.07 0.523 0.0304
20.2 1.34 1.07 0.499 0.0377
20.6 1.37 1.06 0.474 0.0376
21 1.39 1.06 0.45 0.0299
21.4 1.41 1.05 0.426 0.0297
21.8 1.43 1.04 0.403 0.0369
22.2 1.46 1.03 0.38 0.0368
22.6 1.48 1.01 0.357 0.0293
23 1.5 0.996 0.336 0.0364
23.4 1.53 0.978 0.315 0.0362
23.8 1.55 0.959 0.295 0.0288
24.2 1.57 0.937 0.275 0.0358
24.6 1.6 0.914 0.257 0.0357
25 1.62 0.889 0.239 0.0284
25.4 1.64 0.863 0.222 0.0283
25.8 1.66 0.836 0.206 0.0282
26.2 1.68 0.808 0.191 0.028
26.6 1.7 0.779 0.177 0.0279
27 1.72 0.75 0.163 0.0278
27.4 1.74 0.72 0.15 0.0277
27.8 1.76 0.689 0.139 0.0207
28.2 1.77 0.659 0.128 0.0206
28.6 1.79 0.629 0.117 0.0275
29 1.81 0.598 0.108 0.0205
29.4 1.82 0.569 0.0987 0.0137
29.8 1.83 0.539 0.0905 0.0204
30.2 1.85 0.51 0.0828 0.0204
30.6 1.86 0.482 0.0757 0.0136
31 1.87 0.455 0.0692 0.0135
31.4 1.88 0.428 0.0631 0.0135
31.8 1.89 0.403 0.0576 0.0135
32.2 1.9 0.378 0.0526 0.0135
32.6 1.91 0.355 0.0479 0.0134
33 1.92 0.332 0.0436 0.00671
33.4 1.92 0.31 0.0397 0.0067
33.8 1.93 0.29 0.0361 0.0134
34.2 1.94 0.27 0.0329 0.00669
34.6 1.94 0.252 0.0299 0.00668
35 1.95 0.235 0.0271 0.00668
35.4 1.95 0.218 0.0246 0.00666
35.8 1.96 0.203 0.0224 0.00666
36.2 1.96 0.188 0.0203 0
36.6 1.96 0.175 0.0184 0.00665
37 1.97 0.162 0.0167 0.00665
37.4 1.97 0.15 0.0152 0
37.8 1.97 0.139 0.0138 0.00664
38.2 1.98 0.128 0.0125 0.00664
38.6 1.98 0.119 0.0113 0
39 1.98 0.11 0.0102 0
39.4 1.98 0.101 0.00928 0
39.8 1.98 0.0933 0.00841 0
40.2 1.98 0.0861 0.00763 0.00663
40.6 1.99 0.0794 0.0069 0.00663
41 1.99 0.0731 0.00625 0
41.4 1.99 0.0674 0.00566 0
41.8 1.99 0.062 0.00513 0
42.2 1.99 0.0571 0.00465 0
42.6 1.99 0.0526 0.0042 0
43 1.99 0.0484 0.00381 0
43.4 1.99 0.0445 0.00345 0
43.8 1.99 0.0409 0.00312 0
44.2 1.99 0.0376 0.00282 0.00662
44.6 2 0.0345 0.00255 0.00662
45 2 0.0317 0.00231 0
45.4 2 0.0291 0.00209 0
45.8 2 0.0267 0.00189 0
46.2 2 0.0245 0.00171 0
46.6 2 0.0225 0.00155 0
47 2 0.0207 0.0014 0
47.4 2 0.0189 0.00127 0
47.8 2 0.0174 0.00115 0
48.2 2 0.0159 0.00104 0
48.6 2 0.0146 0.000941 0
49 2 0.0134 0.000851 0
49.4 2 0.0123 0.000771 0
49.8 2 0.0112 0.000698 0
50.2 2 0.0103 0.000632 0
50.6 2 0.00943 0.000571 0
51 2 0.00864 0.000517 0
51.4 2 0.00791 0.000468 0
51.8 2 0.00724 0.000424 0
52.2 2 0.00663 0.000384 0
52.6 2 0.00607 0.000347 0
53 2 0.00555 0.000314 0
53.4 2 0.00508 0.000284 0
53.8 2 0.00465 0.000257 0
54.2 2 0.00425 0.000233 0
54.6 2 0.00389 0.000211 0
55 2 0.00356 0.000191 0
55.4 2 0.00325 0.000172 0
55.8 2 0.00297 0.000156 0
56.2 2 0.00272 0.000141 0
56.6 2 0.00249 0.000128 0
57 2 0.00227 0.000115 0
57.4 2 0.00208 0.000105 0
57.8 2 0.0019 9.46e-05 0
58.2 2 0.00173 8.56e-05 0
58.6 2 0.00158 7.75e-05 0
59 2 0.00145 7.01e-05 0
59.4 2 0.00132 6.35e-05 0
59.8 2 0.00121 5.75e-05 0
60.2 2 0.0011 5.2e-05 0
60.6 2 0.00101 4.7e-05 0
61 2 0.00092 4.25e-05 0
61.4 2 0.00084 3.85e-05 0
61.8 2 0.000767 3.48e-05 0
62.2 2 0.000701 3.15e-05 0
62.6 2 0.00064 2.85e-05 0
63 2 0.000584 2.58e-05 0
63.4 2 0.000533 2.33e-05 0
63.8 2 0.000486 2.11e-05 0
64.2 2 0.000444 1.91e-05 0
64.6 2 0.000405 1.73e-05 0
65 2 0.000369 1.56e-05 0
65.4 2 0.000337 1.42e-05 0
65.8 2 0.000308 1.28e-05 0
66.2 2 0.000281 1.16e-05 0
66.6 2 0.000256 1.05e-05 0
67 2 0.000234 9.49e-06 0
67.4 2 0.000213 8.59e-06 0
67.8 2 0.000194 7.77e-06 0
68.2 2 0.000177 7.03e-06 0
68.6 2 0.000162 6.36e-06 0
69 2 0.000147 5.75e-06 0
69.4 2 0.000134 5.21e-06 0
69.8 2 0.000122 4.71e-06 0
70.2 2 0.000112 4.27e-06 0
70.6 2 0.000102 3.86e-06 0
71 2 9.28e-05 3.49e-06 0
71.4 2 8.46e-05 3.16e-06 0
71.8 2 7.71e-05 2.86e-06 0
72.2 2 7.03e-05 2.59e-06 0
72.6 2 6.41e-05 2.34e-06 0
73 2 5.84e-05 2.12e-06 0
73.4 2 5.32e-05 1.92e-06 0
73.8 2 4.85e-05 1.73e-06 0
74.2 2 4.42e-05 1.57e-06 0
74.6 2 4.03e-05 1.42e-06 0
75 2 3.67e-05 1.28e-06 0
75.4 2 3.34e-05 1.16e-06 0
75.8 2 3.05e-05 1.05e-06 0
76.2 2 2.78e-05 9.52e-07 0
76.6 2 2.53e-05 8.61e-07 0
77 2 2.3e-05 7.8e-07 0
77.4 2 2.1e-05 7.05e-07 0
77.8 2 1.91e-05 6.37e-07 0
78.2 2 1.74e-05 5.77e-07 0
78.6 2 1.58e-05 5.22e-07 0
79 2 1.44e-05 4.73e-07 0
79.4 2 1.31e-05 4.28e-07 0
79.8 2 1.2e-05 3.87e-07 0
80.2 2 1.09e-05 3.5e-07 0
80.6 2 9.92e-06 3.17e-07 0
81 2 9.04e-06 2.87e-07 0
81.4 2 8.23e-06 2.59e-07 0
81.8 2 7.49e-06 2.35e-07 0
82.2 2 6.82e-06 2.12e-07 0
82.6 2 6.21e-06 1.92e-07 0
83 2 5.66e-06 1.74e-07 0
83.4 2 5.15e-06 1.57e-07 0
83.8 2 4.69e-06 1.42e-07 0
84.2 2 4.27e-06 1.29e-07 0
84.6 2 3.88e-06 1.17e-07 0
85 2 3.54e-06 1.05e-07 0
85.4 2 3.22e-06 9.54e-08 0
85.8 2 2.93e-06 8.63e-08 0
86.2 2 2.66e-06 7.8e-08 0
86.6 2 2.43e-06 7.07e-08 0
87 2 2.21e-06 6.4e-08 0
87.4 2 2.01e-06 5.79e-08 0
87.8 2 1.83e-06 5.24e-08 0
88.2 2 1.66e-06 4.73e-08 0
88.6 2 1.51e-06 4.29e-08 0
89 2 1.38e-06 3.88e-08 0
89.4 2 1.25e-06 3.51e-08 0
89.8 2 1.14e-06 3.18e-08 0
90.2 2 1.04e-06 2.87e-08 0
90.6 2 9.43e-07 2.6e-08 0
91 2 8.58e-07 2.35e-08 0
91.4 2 7.81e-07 2.13e-08 0
91.8 2 7.1e-07 1.93e-08 0
92.2 2 6.46e-07 1.74e-08 0
92.6 2 5.88e-07 1.58e-08 0
93 2 5.35e-07 1.43e-08 0
93.4 2 4.87e-07 1.29e-08 0
93.8 2 4.43e-07 1.17e-08 0
94.2 2 4.03e-07 1.06e-08 0
94.6 2 3.66e-07 9.56e-09 0
95 2 3.33e-07 8.66e-09 0
95.4 2 3.03e-07 7.84e-09 0
95.8 2 2.74e-07 7.09e-09 0
96.2 2 2.48e-07 6.41e-09 0
96.6 2 2.24e-07 5.8e-09 0
97 2 2.03e-07 5.25e-09 0
97.4 2 1.83e-07 4.75e-09 0
97.8 2 1.67e-07 4.3e-09 0
98.2 2 1.53e-07 3.89e-09 0
98.6 2 1.41e-07 3.52e-09 0
99 2 1.33e-07 3.18e-09 0
99.4 2 1.28e-07 2.85e-09 0
99.8 2 1.26e-07 2.67e-09 0
