Scattering length (a0)                             : 470
Atom number                                        : 183122.555636
Bulk S_pi (this is the exp. observable)            : 1.67895395319
Temperature in dens. profile calc                  : 0.6
Temperature in s_pi profile calc                   : 0.53
Bulk (i.e. trap-averaged) entropy (kb/N)           : 0.716153549479

PROFILES:

r111 (evaluation points along 111)                 : -30, -29.2405, -28.481, -27.7215, -26.962, -26.2025, -25.443, -24.6835, -23.9241, -23.1646, -22.4051, -21.6456, -20.8861, -20.1266, -19.3671, -18.6076, -17.8481, -17.0886, -16.3291, -15.5696, -14.8101, -14.0506, -13.2911, -12.5316, -11.7722, -11.0127, -10.2532, -9.49367, -8.73418, -7.97468, -7.21519, -6.4557, -5.6962, -4.93671, -4.17722, -3.41772, -2.65823, -1.89873, -1.13924, -0.379747, 0.379747, 1.13924, 1.89873, 2.65823, 3.41772, 4.17722, 4.93671, 5.6962, 6.4557, 7.21519, 7.97468, 8.73418, 9.49367, 10.2532, 11.0127, 11.7722, 12.5316, 13.2911, 14.0506, 14.8101, 15.5696, 16.3291, 17.0886, 17.8481, 18.6076, 19.3671, 20.1266, 20.8861, 21.6456, 22.4051, 23.1646, 23.9241, 24.6835, 25.443, 26.2025, 26.962, 27.7215, 28.481, 29.2405, 30, 

t111 (tunneling along 111)                         : 0.0847778, 0.082241, 0.0798733, 0.0775069, 0.0751452, 0.0730301, 0.0709264, 0.0688363, 0.0668886, 0.0650448, 0.0632221, 0.0614397, 0.0598487, 0.0582849, 0.056751, 0.0553074, 0.0539902, 0.052707, 0.0514602, 0.0502916, 0.0492425, 0.0482323, 0.0472628, 0.046336, 0.0455075, 0.0447553, 0.0440462, 0.0433815, 0.0427626, 0.0421907, 0.0416807, 0.0412536, 0.0408718, 0.0405359, 0.0402467, 0.0400048, 0.0398106, 0.0396646, 0.0395672, 0.0395184, 0.0395184, 0.0395672, 0.0396646, 0.0398106, 0.0400048, 0.0402467, 0.0405359, 0.0408718, 0.0412536, 0.0416807, 0.0421907, 0.0427626, 0.0433815, 0.0440462, 0.0447553, 0.0455075, 0.046336, 0.0472628, 0.0482323, 0.0492425, 0.0502916, 0.0514602, 0.052707, 0.0539902, 0.0553074, 0.056751, 0.0582849, 0.0598487, 0.0614397, 0.0632221, 0.0650448, 0.0668886, 0.0688363, 0.0709264, 0.0730301, 0.0751452, 0.0775069, 0.0798733, 0.082241, 0.0847778, 

U111 (onsite inter along 111)                      : 4.75609, 5.046, 5.3439, 5.65982, 5.99495, 6.32982, 6.68278, 7.05463, 7.43224, 7.81826, 8.22199, 8.64158, 9.05437, 9.48189, 9.9225, 10.3666, 10.8047, 11.2525, 11.7091, 12.1635, 12.6025, 13.0412, 13.4794, 13.9156, 14.3304, 14.7268, 15.1129, 15.4863, 15.8444, 16.1847, 16.499, 16.7758, 17.0271, 17.252, 17.4487, 17.6154, 17.7507, 17.8532, 17.9221, 17.9567, 17.9567, 17.9221, 17.8532, 17.7507, 17.6154, 17.4487, 17.252, 17.0271, 16.7758, 16.499, 16.1847, 15.8444, 15.4863, 15.1129, 14.7268, 14.3304, 13.9156, 13.4794, 13.0412, 12.6025, 12.1635, 11.7091, 11.2525, 10.8047, 10.3666, 9.9225, 9.48189, 9.05437, 8.64158, 8.22199, 7.81826, 7.43224, 7.05463, 6.68278, 6.32982, 5.99495, 5.65982, 5.3439, 5.046, 4.75609, 

mu111_Er (chem potential along 111)                : -0.728473, -0.715182, -0.702012, -0.688672, -0.675028, -0.661506, -0.648109, -0.634836, -0.621689, -0.608667, -0.595772, -0.583003, -0.570362, -0.557849, -0.545464, -0.533208, -0.521082, -0.508528, -0.495994, -0.483592, -0.47132, -0.45918, -0.447172, -0.435295, -0.423551, -0.411939, -0.400459, -0.389112, -0.377897, -0.366815, -0.355805, -0.344382, -0.333094, -0.321939, -0.310919, -0.300032, -0.289279, -0.27866, -0.268174, -0.257822, -0.247603, -0.237516, -0.227562, -0.217741, -0.208051, -0.197987, -0.188023, -0.178191, -0.168492, -0.158926, -0.149491, -0.140187, -0.131014, -0.121972, -0.113059, -0.104276, -0.0956216, -0.0870951, -0.0786961, -0.0704241, -0.0618236, -0.0533387, -0.0449814, -0.036751, -0.0286469, -0.0206684, -0.0128147, -0.00508502, 0.00252128, 0.010005, 0.017367, 0.024608, 0.0317289, 0.0387305, 0.0456136, 0.0523792, 0.0592599, 0.0661785, 0.0729788, 0.0796617, 0.0862282, 0.0926792, 0.0990154, 0.105238, 0.111348, 0.117345, 0.123232, 0.129009, 0.134676, 0.140236, 0.145688, 0.151034, 0.156275, 0.161411, 0.166445, 0.171543, 0.176666, 0.181685, 0.186601, 0.191414, 0.196127, 0.200738, 0.20525, 0.209664, 0.21398, 0.218199, 0.222323, 0.226352, 0.230286, 0.234128, 0.237878, 0.241536, 0.245104, 0.248582, 0.251972, 0.255274, 0.25849, 0.261619, 0.264663, 0.267622, 0.270498, 0.273459, 0.276342, 0.27914, 0.281852, 0.284481, 0.287026, 0.289489, 0.291869, 0.294168, 0.296387, 0.298525, 0.300584, 0.302564, 0.304465, 0.306289, 0.308035, 0.309705, 0.311298, 0.312816, 0.314258, 0.315626, 0.316919, 0.318137, 0.319283, 0.320355, 0.321354, 0.32228, 0.323134, 0.323916, 0.324625, 0.325264, 0.325831, 0.326326, 0.326751, 0.327104, 0.327387, 0.327599, 0.32774, 0.327811, 0.327811, 0.32774, 0.327599, 0.327387, 0.327104, 0.326751, 0.326326, 0.325831, 0.325264, 0.324625, 0.323916, 0.323134, 0.32228, 0.321354, 0.320355, 0.319283, 0.318137, 0.316919, 0.315626, 0.314258, 0.312816, 0.311298, 0.309705, 0.308035, 0.306289, 0.304465, 0.302564, 0.300584, 0.298525, 0.296387, 0.294168, 0.291869, 0.289489, 0.287026, 0.284481, 0.281852, 0.27914, 0.276342, 0.273459, 0.270498, 0.267622, 0.264663, 0.261619, 0.25849, 0.255274, 0.251972, 0.248582, 0.245104, 0.241536, 0.237878, 0.234128, 0.230286, 0.226352, 0.222323, 0.218199, 0.21398, 0.209664, 0.20525, 0.200738, 0.196127, 0.191414, 0.186601, 0.181685, 0.176666, 0.171543, 0.166445, 0.161411, 0.156275, 0.151034, 0.145688, 0.140236, 0.134676, 0.129009, 0.123232, 0.117345, 0.111348, 0.105238, 0.0990154, 0.0926792, 0.0862282, 0.0796617, 0.0729788, 0.0661785, 0.0592599, 0.0523792, 0.0456136, 0.0387305, 0.0317289, 0.024608, 0.017367, 0.010005, 0.00252128, -0.00508502, -0.0128147, -0.0206684, -0.0286469, -0.036751, -0.0449814, -0.0533387, -0.0618236, -0.0704241, -0.0786961, -0.0870951, -0.0956216, -0.104276, -0.113059, -0.121972, -0.131014, -0.140187, -0.149491, -0.158926, -0.168492, -0.178191, -0.188023, -0.197987, -0.208051, -0.217741, -0.227562, -0.237516, -0.247603, -0.257822, -0.268174, -0.27866, -0.289279, -0.300032, -0.310919, -0.321939, -0.333094, -0.344382, -0.355805, -0.366815, -0.377897, -0.389112, -0.400459, -0.411939, -0.423551, -0.435295, -0.447172, -0.45918, -0.47132, -0.483592, -0.495994, -0.508528, -0.521082, -0.533208, -0.545464, -0.557849, -0.570362, -0.583003, -0.595772, -0.608667, -0.621689, -0.634836, -0.648109, -0.661506, -0.675028, -0.688672, -0.702012, -0.715182, -0.728473, 

n111 (density along 111, calc at T = Tdens)        : 1.88558e-05, 5.88459e-05, 0.0001955, 0.000607375, 0.00176906, 0.00503874, 0.012332, 0.0259259, 0.0489645, 0.0818193, 0.118126, 0.166046, 0.222687, 0.287266, 0.359874, 0.440197, 0.52363, 0.60189, 0.67807, 0.752878, 0.809951, 0.870593, 0.919198, 0.954136, 0.977181, 0.989402, 0.994832, 0.997783, 0.998653, 1.00074, 1.00239, 1.00386, 1.0049, 1.00515, 1.00271, 1.0018, 1.0013, 1.00074, 1.00029, 1.00003, 1.00003, 1.00029, 1.00074, 1.0013, 1.0018, 1.00271, 1.00515, 1.0049, 1.00386, 1.00239, 1.00074, 0.998653, 0.997783, 0.994832, 0.989402, 0.977181, 0.954136, 0.919198, 0.870593, 0.809951, 0.752878, 0.67807, 0.60189, 0.52363, 0.440197, 0.359874, 0.287266, 0.222687, 0.166046, 0.118126, 0.0818193, 0.0489645, 0.0259259, 0.012332, 0.00503874, 0.00176906, 0.000607375, 0.0001955, 5.88459e-05, 1.88558e-05, 

dens111 (density along 111, calc at T = Tspi)      : nan, nan, nan, nan, nan, nan, nan, nan, nan, nan, nan, nan, nan, nan, nan, nan, nan, nan, 0.720564, 0.778676, 0.826069, 0.87133, 0.912372, 0.950418, 0.977502, 0.991437, 0.996215, 0.99872, 0.999045, 1.00164, 1.00328, 1.00184, 1.00144, 1.00587, 1.00651, 1.00669, 1.00428, 1.00227, 1.00084, 1.00009, 1.00009, 1.00084, 1.00227, 1.00428, 1.00669, 1.00651, 1.00587, 1.00144, 1.00184, 1.00328, 1.00164, 0.999045, 0.99872, 0.996215, 0.991437, 0.977502, 0.950418, 0.912372, 0.87133, 0.826069, 0.778676, 0.720564, nan, nan, nan, nan, nan, nan, nan, nan, nan, nan, nan, nan, nan, nan, nan, nan, nan, nan, 

entr111 (entropy along 111)                        : nan, nan, nan, nan, nan, nan, nan, nan, nan, nan, nan, nan, nan, nan, nan, nan, nan, nan, 0.521625, 0.539427, 0.553004, 0.577663, 0.605023, 0.613175, 0.610215, 0.605216, 0.618884, 0.631562, 0.642204, 0.643647, 0.636494, 0.631555, 0.633782, 0.634708, 0.637059, 0.639423, 0.639209, 0.638777, 0.638529, 0.638419, 0.638419, 0.638529, 0.638777, 0.639209, 0.639423, 0.637059, 0.634708, 0.633782, 0.631555, 0.636494, 0.643647, 0.642204, 0.631562, 0.618884, 0.605216, 0.610215, 0.613175, 0.605023, 0.577663, 0.553004, 0.539427, 0.521625, nan, nan, nan, nan, nan, nan, nan, nan, nan, nan, nan, nan, nan, nan, nan, nan, nan, nan, 

spi111 (local s_pi along 111)                      : 1, 1, 1, 1, 1, 1, 1, 1, 1, 1, 1, 1, 1, 1, 1, 1, 1, 1, 1.26936, 1.44186, 1.58224, 1.70932, 2.16339, 2.56781, 2.76022, 2.72827, 2.66176, 2.55063, 2.44765, 2.32735, 2.25898, 2.22557, 2.18905, 2.15129, 2.11827, 2.0898, 2.07201, 2.06061, 2.05298, 2.04908, 2.04908, 2.05298, 2.06061, 2.07201, 2.0898, 2.11827, 2.15129, 2.18905, 2.22557, 2.25898, 2.32735, 2.44765, 2.55063, 2.66176, 2.72827, 2.76022, 2.56781, 2.16339, 1.70932, 1.58224, 1.44186, 1.26936, 1, 1, 1, 1, 1, 1, 1, 1, 1, 1, 1, 1, 1, 1, 1, 1, 1, 1, 


PROFILES WITH A FINER GRID:

r111_fine (evaluation points along 111)            : -30, -29.8119, -29.6238, -29.4357, -29.2476, -29.0596, -28.8715, -28.6834, -28.4953, -28.3072, -28.1191, -27.931, -27.7429, -27.5549, -27.3668, -27.1787, -26.9906, -26.8025, -26.6144, -26.4263, -26.2382, -26.0502, -25.8621, -25.674, -25.4859, -25.2978, -25.1097, -24.9216, -24.7335, -24.5455, -24.3574, -24.1693, -23.9812, -23.7931, -23.605, -23.4169, -23.2288, -23.0408, -22.8527, -22.6646, -22.4765, -22.2884, -22.1003, -21.9122, -21.7241, -21.5361, -21.348, -21.1599, -20.9718, -20.7837, -20.5956, -20.4075, -20.2194, -20.0313, -19.8433, -19.6552, -19.4671, -19.279, -19.0909, -18.9028, -18.7147, -18.5266, -18.3386, -18.1505, -17.9624, -17.7743, -17.5862, -17.3981, -17.21, -17.0219, -16.8339, -16.6458, -16.4577, -16.2696, -16.0815, -15.8934, -15.7053, -15.5172, -15.3292, -15.1411, -14.953, -14.7649, -14.5768, -14.3887, -14.2006, -14.0125, -13.8245, -13.6364, -13.4483, -13.2602, -13.0721, -12.884, -12.6959, -12.5078, -12.3197, -12.1317, -11.9436, -11.7555, -11.5674, -11.3793, -11.1912, -11.0031, -10.815, -10.627, -10.4389, -10.2508, -10.0627, -9.87461, -9.68652, -9.49843, -9.31034, -9.12226, -8.93417, -8.74608, -8.55799, -8.36991, -8.18182, -7.99373, -7.80564, -7.61755, -7.42947, -7.24138, -7.05329, -6.8652, -6.67712, -6.48903, -6.30094, -6.11285, -5.92476, -5.73668, -5.54859, -5.3605, -5.17241, -4.98433, -4.79624, -4.60815, -4.42006, -4.23197, -4.04389, -3.8558, -3.66771, -3.47962, -3.29154, -3.10345, -2.91536, -2.72727, -2.53918, -2.3511, -2.16301, -1.97492, -1.78683, -1.59875, -1.41066, -1.22257, -1.03448, -0.846395, -0.658307, -0.470219, -0.282132, -0.0940439, 0.0940439, 0.282132, 0.470219, 0.658307, 0.846395, 1.03448, 1.22257, 1.41066, 1.59875, 1.78683, 1.97492, 2.16301, 2.3511, 2.53918, 2.72727, 2.91536, 3.10345, 3.29154, 3.47962, 3.66771, 3.8558, 4.04389, 4.23197, 4.42006, 4.60815, 4.79624, 4.98433, 5.17241, 5.3605, 5.54859, 5.73668, 5.92476, 6.11285, 6.30094, 6.48903, 6.67712, 6.8652, 7.05329, 7.24138, 7.42947, 7.61755, 7.80564, 7.99373, 8.18182, 8.36991, 8.55799, 8.74608, 8.93417, 9.12226, 9.31034, 9.49843, 9.68652, 9.87461, 10.0627, 10.2508, 10.4389, 10.627, 10.815, 11.0031, 11.1912, 11.3793, 11.5674, 11.7555, 11.9436, 12.1317, 12.3197, 12.5078, 12.6959, 12.884, 13.0721, 13.2602, 13.4483, 13.6364, 13.8245, 14.0125, 14.2006, 14.3887, 14.5768, 14.7649, 14.953, 15.1411, 15.3292, 15.5172, 15.7053, 15.8934, 16.0815, 16.2696, 16.4577, 16.6458, 16.8339, 17.0219, 17.21, 17.3981, 17.5862, 17.7743, 17.9624, 18.1505, 18.3386, 18.5266, 18.7147, 18.9028, 19.0909, 19.279, 19.4671, 19.6552, 19.8433, 20.0313, 20.2194, 20.4075, 20.5956, 20.7837, 20.9718, 21.1599, 21.348, 21.5361, 21.7241, 21.9122, 22.1003, 22.2884, 22.4765, 22.6646, 22.8527, 23.0408, 23.2288, 23.4169, 23.605, 23.7931, 23.9812, 24.1693, 24.3574, 24.5455, 24.7335, 24.9216, 25.1097, 25.2978, 25.4859, 25.674, 25.8621, 26.0502, 26.2382, 26.4263, 26.6144, 26.8025, 26.9906, 27.1787, 27.3668, 27.5549, 27.7429, 27.931, 28.1191, 28.3072, 28.4953, 28.6834, 28.8715, 29.0596, 29.2476, 29.4357, 29.6238, 29.8119, 30, 

n111_fine (density along 111, calc at T = Tdens)   : 1.88558e-05, 5.88459e-05, 0.0001955, 0.000607375, 0.00176906, 0.00503874, 0.012332, 0.0259259, 0.0489645, 0.0818193, 0.118126, 0.166046, 0.222687, 0.287266, 0.359874, 0.440197, 0.52363, 0.60189, 0.67807, 0.752878, 0.809951, 0.870593, 0.919198, 0.954136, 0.977181, 0.989402, 0.994832, 0.997783, 0.998653, 1.00074, 1.00239, 1.00386, 1.0049, 1.00515, 1.00271, 1.0018, 1.0013, 1.00074, 1.00029, 1.00003, 1.00003, 1.00029, 1.00074, 1.0013, 1.0018, 1.00271, 1.00515, 1.0049, 1.00386, 1.00239, 1.00074, 0.998653, 0.997783, 0.994832, 0.989402, 0.977181, 0.954136, 0.919198, 0.870593, 0.809951, 0.752878, 0.67807, 0.60189, 0.52363, 0.440197, 0.359874, 0.287266, 0.222687, 0.166046, 0.118126, 0.0818193, 0.0489645, 0.0259259, 0.012332, 0.00503874, 0.00176906, 0.000607375, 0.0001955, 5.88459e-05, 1.88558e-05, 

spi111_fine (local s_pi along 111)                 : 1, 1, 1, 1, 1, 1, 1, 1, 1, 1, 1, 1, 1, 1, 1, 1, 1, 1, 1, 1, 1, 1, 1, 1, 1, 1, 1, 1, 1, 1, 1, 1, 1, 1, 1, 1, 1, 1, 1, 1, 1, 1, 1, 1, 1, 1, 1, 1, 1, 1, 1, 1, 1, 1, 1, 1, 1, 1, 1, 1, 1, 1, 1, 1, 1, 1, 1, 1, 1, 1, 1.19388, 1.22029, 1.2477, 1.27856, 1.31687, 1.3642, 1.40977, 1.45252, 1.49171, 1.52735, 1.55947, 1.58809, 1.61488, 1.65055, 1.68541, 1.71363, 1.75381, 1.89172, 2.04361, 2.18286, 2.2917, 2.39252, 2.49009, 2.57601, 2.65598, 2.72589, 2.75431, 2.76013, 2.7606, 2.7477, 2.73264, 2.7281, 2.72046, 2.70289, 2.68464, 2.66193, 2.6341, 2.60542, 2.57755, 2.55173, 2.52958, 2.50681, 2.47981, 2.4506, 2.41777, 2.38684, 2.35815, 2.33063, 2.30525, 2.28129, 2.26783, 2.26013, 2.25256, 2.24486, 2.23656, 2.22735, 2.21835, 2.20954, 2.20069, 2.19138, 2.18162, 2.17211, 2.16289, 2.15381, 2.14501, 2.13651, 2.12846, 2.12073, 2.11323, 2.10596, 2.09896, 2.09222, 2.08576, 2.08085, 2.07702, 2.07346, 2.07016, 2.06711, 2.06432, 2.06177, 2.05947, 2.05739, 2.0555, 2.05385, 2.05242, 2.05123, 2.05027, 2.04955, 2.04907, 2.04883, 2.04883, 2.04907, 2.04955, 2.05027, 2.05123, 2.05242, 2.05385, 2.0555, 2.05739, 2.05947, 2.06177, 2.06432, 2.06711, 2.07016, 2.07346, 2.07702, 2.08085, 2.08576, 2.09222, 2.09896, 2.10596, 2.11323, 2.12073, 2.12846, 2.13651, 2.14501, 2.15381, 2.16289, 2.17211, 2.18162, 2.19138, 2.20069, 2.20954, 2.21835, 2.22735, 2.23656, 2.24486, 2.25256, 2.26013, 2.26783, 2.28129, 2.30525, 2.33063, 2.35815, 2.38684, 2.41777, 2.4506, 2.47981, 2.50681, 2.52958, 2.55173, 2.57755, 2.60542, 2.6341, 2.66193, 2.68464, 2.70289, 2.72046, 2.7281, 2.73264, 2.7477, 2.7606, 2.76013, 2.75431, 2.72589, 2.65598, 2.57601, 2.49009, 2.39252, 2.2917, 2.18286, 2.04361, 1.89172, 1.75381, 1.71363, 1.68541, 1.65055, 1.61488, 1.58809, 1.55947, 1.52735, 1.49171, 1.45252, 1.40977, 1.3642, 1.31687, 1.27856, 1.2477, 1.22029, 1.19388, 1, 1, 1, 1, 1, 1, 1, 1, 1, 1, 1, 1, 1, 1, 1, 1, 1, 1, 1, 1, 1, 1, 1, 1, 1, 1, 1, 1, 1, 1, 1, 1, 1, 1, 1, 1, 1, 1, 1, 1, 1, 1, 1, 1, 1, 1, 1, 1, 1, 1, 1, 1, 1, 1, 1, 1, 1, 1, 1, 1, 1, 1, 1, 1, 1, 1, 1, 1, 1, 1, 

