     -15   0.0542     0.24        1   0.0119     2.12
   -14.6   0.0597    0.261        1   0.0245     4.04
   -14.2   0.0657    0.282        1    0.026     3.65
   -13.8   0.0723    0.303        1   0.0276      3.3
   -13.4   0.0795    0.326        1   0.0292     2.99
     -13   0.0874    0.349        1    0.031      2.7
   -12.6    0.096    0.373        1    0.032      2.4
   -12.2    0.105    0.399        1   0.0352     2.24
   -11.8    0.116    0.426        1   0.0376     2.06
   -11.4    0.127    0.454        1   0.0381     1.78
     -11    0.139    0.484        1   0.0402     1.62
   -10.6    0.152    0.516    0.944   0.0437     1.51
   -10.2    0.167    0.548    0.938   0.0454     1.36
    -9.8    0.182    0.582    0.931    0.047      1.2
    -9.4    0.199    0.618    0.924   0.0499     1.11
      -9    0.217    0.654    0.917   0.0513    0.985
    -8.6    0.236    0.691    0.909   0.0539    0.897
    -8.2    0.257     0.73      0.9   0.0576    0.832
    -7.8     0.28    0.768    0.891   0.0586    0.738
    -7.4    0.303    0.807    0.881   0.0607    0.665
      -7    0.329    0.847     0.87    0.064    0.614
    -6.6    0.356    0.886    0.858   0.0647    0.544
    -6.2    0.384    0.925    0.845   0.0676    0.499
    -5.8    0.415    0.964    0.832   0.0693    0.453
    -5.4    0.446        1    0.818   0.0708    0.408
      -5     0.48     1.04    0.803   0.0734    0.376
    -4.6    0.515     1.07    0.787   0.0738    0.336
    -4.2    0.551     1.11     0.77   0.0752    0.305
    -3.8    0.589     1.14    0.752   0.0766    0.278
    -3.4    0.628     1.17    0.733   0.0778    0.254
      -3    0.669      1.2    0.713   0.0782     0.23
    -2.6     0.71     1.22    0.692   0.0784    0.208
    -2.2    0.753     1.24    0.671   0.0797    0.192
    -1.8    0.797     1.26    0.648   0.0791    0.174
    -1.4    0.841     1.28    0.625   0.0786    0.158
      -1    0.886     1.29    0.601    0.079    0.145
    -0.6    0.932     1.29    0.577   0.0777    0.131
    -0.2    0.977      1.3    0.553   0.0739    0.116
     0.2     1.02      1.3    0.528   0.0769    0.111
     0.6     1.07     1.29    0.504   0.0735   0.0994
       1     1.11     1.29    0.479   0.0723   0.0906
     1.4     1.16     1.28    0.454   0.0715   0.0845
     1.8      1.2     1.26    0.429   0.0705   0.0776
     2.2     1.25     1.24    0.405   0.0697   0.0727
     2.6     1.29     1.22    0.382   0.0612   0.0602
       3     1.33      1.2    0.358   0.0606   0.0566
     3.4     1.37     1.17    0.336     0.06   0.0533
     3.8     1.41     1.14    0.314   0.0595   0.0503
     4.2     1.45     1.11    0.293   0.0516   0.0419
     4.6     1.48     1.07    0.273   0.0511   0.0397
       5     1.52     1.04    0.253   0.0508   0.0381
     5.4     1.55        1    0.235   0.0504   0.0362
     5.8     1.59    0.964    0.218     0.05   0.0348
     6.2     1.62    0.925    0.201   0.0355    0.024
     6.6     1.64    0.886    0.186   0.0353   0.0231
       7     1.67    0.847    0.171   0.0421   0.0269
     7.4      1.7    0.807    0.158   0.0349   0.0218
     7.8     1.72    0.768    0.145   0.0278   0.0169
     8.2     1.74     0.73    0.133   0.0277   0.0165
     8.6     1.76    0.691    0.122   0.0276   0.0161
       9     1.78    0.654    0.112   0.0275   0.0158
     9.4      1.8    0.618    0.102   0.0274   0.0154
     9.8     1.82    0.582   0.0934   0.0205   0.0114
    10.2     1.83    0.548   0.0853   0.0204   0.0111
    10.6     1.85    0.515   0.0779   0.0204    0.011
      11     1.86    0.484   0.0711   0.0136  0.00723
    11.4     1.87    0.453   0.0648   0.0135  0.00715
    11.8     1.88    0.424    0.059   0.0135  0.00707
    12.2     1.89    0.397   0.0537   0.0135    0.007
    12.6      1.9    0.371   0.0488   0.0135  0.00693
      13     1.91    0.346   0.0444   0.0134  0.00685
    13.4     1.92    0.322   0.0403   0.0134  0.00678
    13.8     1.93      0.3   0.0367   0.0067  0.00337
    14.2     1.93    0.279   0.0333  0.00669  0.00334
    14.6     1.94    0.259   0.0302   0.0134  0.00664
      15     1.95    0.241   0.0274  0.00668   0.0033
    15.4     1.95    0.223   0.0249  0.00666  0.00327
    15.8     1.96    0.207   0.0226  0.00666  0.00327
    16.2     1.96    0.192   0.0205        0        0
    16.6     1.96    0.178   0.0186  0.00665  0.00324
      17     1.97    0.164   0.0168  0.00665  0.00324
    17.4     1.97    0.152   0.0153        0        0
    17.8     1.97     0.14   0.0138  0.00664   0.0032
    18.2     1.98     0.13   0.0125  0.00664   0.0032
    18.6     1.98     0.12   0.0114        0        0
      19     1.98    0.111   0.0103        0        0
    19.4     1.98    0.102  0.00932        0        0
    19.8     1.98    0.094  0.00844        0        0
    20.2     1.98   0.0867  0.00764  0.00663  0.00317
    20.6     1.99   0.0799  0.00693  0.00663  0.00317
      21     1.99   0.0736  0.00628        0        0
    21.4     1.99   0.0677  0.00568        0        0
    21.8     1.99   0.0623  0.00514        0        0
    22.2     1.99   0.0574  0.00465        0        0
    22.6     1.99   0.0528  0.00421        0        0
      23     1.99   0.0485  0.00381        0        0
    23.4     1.99   0.0446  0.00345        0        0
    23.8     1.99    0.041  0.00312        0        0
    24.2     1.99   0.0377  0.00283  0.00662  0.00314
    24.6        2   0.0346  0.00256  0.00662  0.00314
      25        2   0.0318  0.00232        0        0
    25.4        2   0.0292   0.0021        0        0
    25.8        2   0.0268   0.0019        0        0
    26.2        2   0.0246  0.00171        0        0
    26.6        2   0.0226  0.00155        0        0
      27        2   0.0207   0.0014        0        0
    27.4        2    0.019  0.00127        0        0
    27.8        2   0.0174  0.00115        0        0
    28.2        2    0.016  0.00104        0        0
    28.6        2   0.0146 0.000941        0        0
      29        2   0.0134 0.000852        0        0
    29.4        2   0.0123 0.000772        0        0
    29.8        2   0.0113 0.000698        0        0
    30.2        2   0.0103 0.000632        0        0
    30.6        2  0.00944 0.000572        0        0
      31        2  0.00865 0.000518        0        0
    31.4        2  0.00792 0.000469        0        0
    31.8        2  0.00725 0.000424        0        0
    32.2        2  0.00663 0.000384        0        0
    32.6        2  0.00607 0.000347        0        0
      33        2  0.00556 0.000314        0        0
    33.4        2  0.00508 0.000284        0        0
    33.8        2  0.00465 0.000257        0        0
    34.2        2  0.00425 0.000233        0        0
    34.6        2  0.00389 0.000211        0        0
      35        2  0.00356 0.000191        0        0
    35.4        2  0.00325 0.000172        0        0
    35.8        2  0.00297 0.000156        0        0
    36.2        2  0.00272 0.000141        0        0
    36.6        2  0.00249 0.000128        0        0
      37        2  0.00227 0.000115        0        0
    37.4        2  0.00208 0.000105        0        0
    37.8        2   0.0019 9.46e-05        0        0
    38.2        2  0.00173 8.56e-05        0        0
    38.6        2  0.00158 7.75e-05        0        0
      39        2  0.00145 7.01e-05        0        0
    39.4        2  0.00132 6.35e-05        0        0
    39.8        2  0.00121 5.75e-05        0        0
    40.2        2   0.0011  5.2e-05        0        0
    40.6        2  0.00101  4.7e-05        0        0
      41        2  0.00092 4.25e-05        0        0
    41.4        2  0.00084 3.85e-05        0        0
    41.8        2 0.000767 3.48e-05        0        0
    42.2        2 0.000701 3.15e-05        0        0
    42.6        2  0.00064 2.85e-05        0        0
      43        2 0.000584 2.58e-05        0        0
    43.4        2 0.000533 2.33e-05        0        0
    43.8        2 0.000486 2.11e-05        0        0
    44.2        2 0.000444 1.91e-05        0        0
    44.6        2 0.000405 1.73e-05        0        0
      45        2  0.00037 1.56e-05        0        0
    45.4        2 0.000337 1.42e-05        0        0
    45.8        2 0.000308 1.28e-05        0        0
    46.2        2 0.000281 1.16e-05        0        0
    46.6        2 0.000256 1.05e-05        0        0
      47        2 0.000234 9.49e-06        0        0
    47.4        2 0.000213 8.59e-06        0        0
    47.8        2 0.000194 7.77e-06        0        0
    48.2        2 0.000177 7.03e-06        0        0
    48.6        2 0.000162 6.36e-06        0        0
      49        2 0.000147 5.75e-06        0        0
    49.4        2 0.000134 5.21e-06        0        0
    49.8        2 0.000123 4.71e-06        0        0
    50.2        2 0.000112 4.27e-06        0        0
    50.6        2 0.000102 3.86e-06        0        0
      51        2 9.28e-05 3.49e-06        0        0
    51.4        2 8.46e-05 3.16e-06        0        0
    51.8        2 7.71e-05 2.86e-06        0        0
    52.2        2 7.03e-05 2.59e-06        0        0
    52.6        2 6.41e-05 2.34e-06        0        0
      53        2 5.84e-05 2.12e-06        0        0
    53.4        2 5.32e-05 1.92e-06        0        0
    53.8        2 4.85e-05 1.73e-06        0        0
    54.2        2 4.42e-05 1.57e-06        0        0
    54.6        2 4.03e-05 1.42e-06        0        0
      55        2 3.67e-05 1.28e-06        0        0
    55.4        2 3.34e-05 1.16e-06        0        0
    55.8        2 3.05e-05 1.05e-06        0        0
    56.2        2 2.78e-05 9.52e-07        0        0
    56.6        2 2.53e-05 8.61e-07        0        0
      57        2  2.3e-05  7.8e-07        0        0
    57.4        2  2.1e-05 7.05e-07        0        0
    57.8        2 1.91e-05 6.37e-07        0        0
    58.2        2 1.74e-05 5.77e-07        0        0
    58.6        2 1.58e-05 5.22e-07        0        0
      59        2 1.44e-05 4.73e-07        0        0
    59.4        2 1.31e-05 4.28e-07        0        0
    59.8        2  1.2e-05 3.87e-07        0        0
    60.2        2 1.09e-05  3.5e-07        0        0
    60.6        2 9.92e-06 3.17e-07        0        0
      61        2 9.04e-06 2.87e-07        0        0
    61.4        2 8.23e-06 2.59e-07        0        0
    61.8        2 7.49e-06 2.35e-07        0        0
    62.2        2 6.82e-06 2.12e-07        0        0
    62.6        2 6.21e-06 1.92e-07        0        0
      63        2 5.66e-06 1.74e-07        0        0
    63.4        2 5.15e-06 1.57e-07        0        0
    63.8        2 4.69e-06 1.42e-07        0        0
    64.2        2 4.27e-06 1.29e-07        0        0
    64.6        2 3.88e-06 1.17e-07        0        0
      65        2 3.54e-06 1.05e-07        0        0
    65.4        2 3.22e-06 9.54e-08        0        0
    65.8        2 2.93e-06 8.63e-08        0        0
    66.2        2 2.66e-06  7.8e-08        0        0
    66.6        2 2.42e-06 7.07e-08        0        0
      67        2 2.21e-06  6.4e-08        0        0
    67.4        2 2.01e-06 5.79e-08        0        0
    67.8        2 1.83e-06 5.24e-08        0        0
    68.2        2 1.66e-06 4.73e-08        0        0
    68.6        2 1.51e-06 4.29e-08        0        0
      69        2 1.38e-06 3.88e-08        0        0
    69.4        2 1.25e-06 3.51e-08        0        0
    69.8        2 1.14e-06 3.18e-08        0        0
    70.2        2 1.04e-06 2.87e-08        0        0
    70.6        2 9.44e-07  2.6e-08        0        0
      71        2 8.59e-07 2.35e-08        0        0
    71.4        2 7.81e-07 2.13e-08        0        0
    71.8        2 7.11e-07 1.93e-08        0        0
    72.2        2 6.46e-07 1.74e-08        0        0
    72.6        2 5.88e-07 1.58e-08        0        0
      73        2 5.35e-07 1.43e-08        0        0
    73.4        2 4.87e-07 1.29e-08        0        0
    73.8        2 4.43e-07 1.17e-08        0        0
    74.2        2 4.03e-07 1.06e-08        0        0
    74.6        2 3.66e-07 9.56e-09        0        0
      75        2 3.33e-07 8.66e-09        0        0
    75.4        2 3.03e-07 7.84e-09        0        0
    75.8        2 2.75e-07 7.09e-09        0        0
    76.2        2 2.51e-07 6.41e-09        0        0
    76.6        2 2.28e-07  5.8e-09        0        0
      77        2 2.07e-07 5.25e-09        0        0
    77.4        2 1.88e-07 4.75e-09        0        0
    77.8        2 1.71e-07  4.3e-09        0        0
    78.2        2 1.56e-07 3.89e-09        0        0
    78.6        2 1.42e-07 3.52e-09        0        0
      79        2 1.29e-07 3.18e-09        0        0
    79.4        2 1.17e-07 2.88e-09        0        0
    79.8        2 1.07e-07 2.61e-09        0        0
    80.2        2 9.69e-08 2.36e-09        0        0
    80.6        2  8.8e-08 2.13e-09        0        0
      81        2    8e-08 1.93e-09        0        0
    81.4        2 7.28e-08 1.75e-09        0        0
    81.8        2 6.62e-08 1.58e-09        0        0
    82.2        2 6.01e-08 1.43e-09        0        0
    82.6        2 5.47e-08 1.29e-09        0        0
      83        2 4.97e-08 1.17e-09        0        0
    83.4        2 4.52e-08 1.06e-09        0        0
    83.8        2 4.11e-08  9.6e-10        0        0
    84.2        2 3.73e-08 8.68e-10        0        0
    84.6        2 3.39e-08 7.85e-10        0        0
      85        2 3.08e-08  7.1e-10        0        0
    85.4        2  2.8e-08 6.43e-10        0        0
    85.8        2 2.55e-08 5.81e-10        0        0
    86.2        2 2.31e-08 5.26e-10        0        0
    86.6        2  2.1e-08 4.76e-10        0        0
      87        2 1.91e-08 4.31e-10        0        0
    87.4        2 1.74e-08  3.9e-10        0        0
    87.8        2 1.58e-08 3.53e-10        0        0
    88.2        2 1.44e-08 3.19e-10        0        0
    88.6        2  1.3e-08 2.89e-10        0        0
      89        2 1.18e-08 2.61e-10        0        0
    89.4        2 1.08e-08 2.36e-10        0        0
    89.8        2 9.78e-09 2.14e-10        0        0
    90.2        2 8.89e-09 1.94e-10        0        0
    90.6        2 8.09e-09 1.75e-10        0        0
      91        2 7.36e-09 1.59e-10        0        0
    91.4        2 6.69e-09 1.43e-10        0        0
    91.8        2 6.08e-09  1.3e-10        0        0
    92.2        2 5.52e-09 1.17e-10        0        0
    92.6        2 5.02e-09 1.06e-10        0        0
      93        2 4.56e-09 9.61e-11        0        0
    93.4        2 4.15e-09  8.7e-11        0        0
    93.8        2 3.77e-09 7.86e-11        0        0
    94.2        2 3.42e-09 7.12e-11        0        0
    94.6        2 3.11e-09 6.45e-11        0        0
      95        2 2.82e-09 5.84e-11        0        0
    95.4        2 2.55e-09 5.28e-11        0        0
    95.8        2 2.31e-09 4.77e-11        0        0
    96.2        2 2.08e-09 4.32e-11        0        0
    96.6        2 1.87e-09 3.91e-11        0        0
      97        2 1.69e-09 3.54e-11        0        0
    97.4        2 1.53e-09  3.2e-11        0        0
    97.8        2 1.38e-09  2.9e-11        0        0
    98.2        2 1.26e-09 2.62e-11        0        0
    98.6        2 1.17e-09 2.37e-11        0        0
      99        2  1.1e-09 2.14e-11        0        0
    99.4        2 1.06e-09 1.92e-11        0        0
    99.8        2 1.04e-09  1.8e-11        0        0
