-25 9.58e-07 1.4e-05 1 9.29e-06
-24.6 1.07e-06 1.66e-05 1 1.89e-05
-24.2 1.19e-06 1.94e-05 1 2.27e-05
-23.8 1.36e-06 2.29e-05 1 2.92e-05
-23.4 1.58e-06 2.72e-05 1 3.7e-05
-23 1.88e-06 3.28e-05 1 4.7e-05
-22.6 2.28e-06 4.01e-05 1 5.97e-05
-22.2 2.83e-06 4.94e-05 1 7.49e-05
-21.8 3.56e-06 6.18e-05 1 9.11e-05
-21.4 4.51e-06 7.76e-05 1 0.00011
-21 5.76e-06 9.78e-05 1 0.000132
-20.6 7.37e-06 0.000124 1 0.000157
-20.2 9.46e-06 0.000156 1 0.000185
-19.8 1.21e-05 0.000198 1 0.000221
-19.4 1.56e-05 0.00025 1 0.000265
-19 2.01e-05 0.000317 1 0.000308
-18.6 2.57e-05 0.0004 1 0.00037
-18.2 3.33e-05 0.000506 1 0.000443
-17.8 4.29e-05 0.00064 1 0.000518
-17.4 5.52e-05 0.000808 1 0.000613
-17 7.11e-05 0.00102 1 0.00073
-16.6 9.17e-05 0.00129 1 0.000862
-16.2 0.000118 0.00163 1 0.00103
-15.8 0.000153 0.00206 1 0.00124
-15.4 0.000198 0.0026 1 0.00148
-15 0.000257 0.00329 1 0.00177
-14.6 0.000334 0.00416 1 0.00218
-14.2 0.00044 0.00526 1 0.00264
-13.8 0.000576 0.00665 1 0.00317
-13.4 0.000759 0.00841 1 0.00385
-13 0.001 0.0106 1 0.00472
-12.6 0.00133 0.0134 1 0.00586
-12.2 0.00178 0.0169 1 0.00723
-11.8 0.00239 0.0213 1 0.00884
-11.4 0.00321 0.0268 1 0.0108
-11 0.00431 0.0336 1 0.0132
-10.6 0.0058 0.0419 1 0.016
-10.2 0.00778 0.0521 1 0.0192
-9.8 0.0104 0.0644 1 0.0228
-9.4 0.0138 0.0792 1 0.0269
-9 0.0182 0.0967 1 0.0315
-8.6 0.0238 0.117 1 0.0366
-8.2 0.0309 0.141 1 0.042
-7.8 0.0397 0.168 1 0.0475
-7.4 0.0504 0.199 1 0.0535
-7 0.0635 0.234 1 0.0598
-6.6 0.0791 0.271 1 0.0657
-6.2 0.0974 0.312 1 0.0721
-5.8 0.119 0.356 1 0.0772
-5.4 0.143 0.403 1 0.0827
-5 0.171 0.451 1 0.0871
-4.6 0.201 0.501 1 0.0923
-4.2 0.236 0.551 1 0.0971
-3.8 0.273 0.601 1 0.0989
-3.4 0.313 0.65 1 0.102
-3 0.356 0.698 1.03 0.103
-2.6 0.401 0.744 1.04 0.104
-2.2 0.448 0.787 1.04 0.105
-1.8 0.497 0.827 1.05 0.105
-1.4 0.548 0.864 1.05 0.105
-1 0.6 0.897 1.06 0.103
-0.6 0.652 0.925 1.05 0.101
-0.2 0.705 0.95 1.05 0.1
0.2 0.759 0.97 1.04 0.0978
0.6 0.812 0.986 1.02 0.0956
1 0.866 0.998 0.991 0.0944
1.4 0.92 1.01 0.958 0.0917
1.8 0.973 1.01 0.917 0.0925
2.2 1.03 1.01 0.869 0.0884
2.6 1.08 1.01 0.815 0.0812
3 1.13 0.998 0.757 0.0879
3.4 1.19 0.986 0.696 0.0866
3.8 1.24 0.97 0.633 0.0776
4.2 1.29 0.95 0.571 0.0841
4.6 1.35 0.925 0.511 0.0831
5 1.4 0.897 0.453 0.0745
5.4 1.45 0.864 0.398 0.0736
5.8 1.5 0.827 0.348 0.0728
6.2 1.55 0.787 0.301 0.072
6.6 1.6 0.744 0.26 0.0642
7 1.64 0.698 0.222 0.0635
7.4 1.69 0.65 0.189 0.063
7.8 1.73 0.601 0.159 0.0486
8.2 1.76 0.551 0.133 0.0483
8.6 1.8 0.501 0.111 0.048
9 1.83 0.451 0.0915 0.0409
9.4 1.86 0.403 0.0751 0.0339
9.8 1.88 0.356 0.0613 0.027
10.2 1.9 0.312 0.0498 0.0269
10.6 1.92 0.271 0.0402 0.0268
11 1.94 0.234 0.0322 0.0201
11.4 1.95 0.199 0.0258 0.0133
11.8 1.96 0.168 0.0205 0.0133
12.2 1.97 0.141 0.0162 0.0133
12.6 1.98 0.117 0.0128 0.00664
13 1.98 0.0967 0.0101 0.00663
13.4 1.99 0.0792 0.00794 0.00663
13.8 1.99 0.0644 0.00623 0
14.2 1.99 0.0521 0.00488 0
14.6 1.99 0.0419 0.00381 0.00662
15 2 0.0336 0.00298 0.00662
15.4 2 0.0268 0.00233 0
15.8 2 0.0213 0.00182 0
16.2 2 0.0169 0.00142 0
16.6 2 0.0134 0.0011 0
17 2 0.0106 0.000861 0
17.4 2 0.00841 0.000672 0
17.8 2 0.00665 0.000524 0
18.2 2 0.00526 0.000408 0
18.6 2 0.00416 0.000318 0
19 2 0.00329 0.000248 0
19.4 2 0.0026 0.000193 0
19.8 2 0.00206 0.00015 0
20.2 2 0.00163 0.000117 0
20.6 2 0.00129 9.12e-05 0
21 2 0.00102 7.1e-05 0
21.4 2 0.000808 5.53e-05 0
21.8 2 0.00064 4.31e-05 0
22.2 2 0.000506 3.36e-05 0
22.6 2 0.0004 2.61e-05 0
23 2 0.000317 2.04e-05 0
23.4 2 0.00025 1.59e-05 0
23.8 2 0.000198 1.23e-05 0
24.2 2 0.000156 9.61e-06 0
24.6 2 0.000124 7.49e-06 0
25 2 9.76e-05 5.84e-06 0
25.4 2 7.71e-05 4.54e-06 0
25.8 2 6.09e-05 3.54e-06 0
26.2 2 4.8e-05 2.75e-06 0
26.6 2 3.8e-05 2.14e-06 0
27 2 3e-05 1.67e-06 0
27.4 2 2.37e-05 1.3e-06 0
27.8 2 1.87e-05 1.01e-06 0
28.2 2 1.48e-05 7.9e-07 0
28.6 2 1.16e-05 6.15e-07 0
29 2 9.2e-06 4.79e-07 0
29.4 2 7.26e-06 3.73e-07 0
29.8 2 5.73e-06 2.9e-07 0
30.2 2 4.53e-06 2.26e-07 0
30.6 2 3.56e-06 1.76e-07 0
31 2 2.8e-06 1.37e-07 0
31.4 2 2.21e-06 1.07e-07 0
31.8 2 1.74e-06 8.33e-08 0
32.2 2 1.37e-06 6.48e-08 0
32.6 2 1.08e-06 5.05e-08 0
33 2 8.5e-07 3.93e-08 0
33.4 2 6.7e-07 3.06e-08 0
33.8 2 5.28e-07 2.38e-08 0
34.2 2 4.15e-07 1.86e-08 0
34.6 2 3.27e-07 1.45e-08 0
35 2 2.58e-07 1.13e-08 0
35.4 2 2.03e-07 8.78e-09 0
35.8 2 1.6e-07 6.84e-09 0
36.2 2 1.26e-07 5.32e-09 0
36.6 2 9.9e-08 4.14e-09 0
37 2 7.8e-08 3.23e-09 0
37.4 2 6.15e-08 2.51e-09 0
37.8 2 4.83e-08 1.96e-09 0
38.2 2 3.79e-08 1.53e-09 0
38.6 2 2.97e-08 1.19e-09 0
39 2 2.33e-08 9.24e-10 0
39.4 2 1.83e-08 7.19e-10 0
39.8 2 1.45e-08 5.6e-10 0
40.2 2 1.13e-08 4.36e-10 0
40.6 2 8.94e-09 3.4e-10 0
41 2 7.04e-09 2.65e-10 0
41.4 2 5.51e-09 2.06e-10 0
41.8 2 4.32e-09 1.61e-10 0
42.2 2 3.41e-09 1.25e-10 0
42.6 2 2.64e-09 9.75e-11 0
43 2 2.07e-09 7.59e-11 0
43.4 2 1.64e-09 5.91e-11 0
43.8 2 1.32e-09 4.6e-11 0
44.2 2 1.05e-09 3.58e-11 0
44.6 2 8.47e-10 2.79e-11 0
45 2 6.96e-10 2.18e-11 0
45.4 2 5.62e-10 1.67e-11 0
45.9 2 4.87e-10 1.28e-11 0
46.3 2 4.38e-10 9.65e-12 0
46.7 2 4.01e-10 7.02e-12 0
47.5 2 3.84e-10 4.71e-12 0
48.4 2 3.31e-10 2.74e-12 0
49.5 2 3.27e-10 1.49e-12 0
50.4 2 3.03e-10 8.49e-13 0
50.9 2 3.22e-10 4.49e-13 0
51.8 2 3.54e-10 3.1e-13 0
52.7 2 3.86e-10 1.76e-13 0
53.5 2 4.12e-10 1.02e-13 0
54.1 2 4.06e-10 7.32e-14 0
54.9 2 4.45e-10 4.7e-14 0
55.4 2 4.44e-10 3.26e-14 0
55.9 2 4.67e-10 2.29e-14 0
56.4 2 4.54e-10 1.73e-14 0
56.9 2 4.44e-10 1.31e-14 0
57.4 2 4.46e-10 9.18e-15 0
58.2 2 4.54e-10 5.86e-15 0
59 2 4.58e-10 3.58e-15 0
59.4 2 4.45e-10 2.34e-15 0
60.1 2 4.19e-10 1.63e-15 0
61.5 2 3.97e-10 8.95e-16 0
61.9 2 3.81e-10 5.04e-16 0
62.5 2 3.7e-10 3.93e-16 0
63 2 3.47e-10 2.63e-16 0
64.9 2 3.23e-10 1.43e-16 0
65.4 2 2.75e-10 6.44e-17 0
65.8 2 2.33e-10 3.93e-17 0
66.2 2 2.12e-10 3.87e-17 0
66.6 2 1.71e-10 2.94e-17 0
67 2 1.42e-10 2.12e-17 0
67.8 2 1.12e-10 1.47e-17 0
68.2 2 9.11e-11 1.05e-17 0
68.6 2 5.91e-11 8.55e-18 0
69 2 4.16e-11 6.65e-18 0
69.4 2 2.29e-11 5.18e-18 0
69.8 2 2.08e-12 4.03e-18 0
70.2 2 0 3.14e-18 0
70.6 2 0 2.45e-18 0
71 2 0 1.91e-18 0
71.4 2 0 1.48e-18 0
71.8 2 0 1.16e-18 0
72.2 2 0 8.99e-19 0
72.6 2 2.46e-17 7.01e-19 0
73 2 1.4e-18 5.46e-19 0
73.4 2 0 4.25e-19 0
73.8 2 0 3.31e-19 0
74.2 2 0 2.58e-19 0
74.6 2 0 2.01e-19 0
75 2 0 1.56e-19 0
75.4 2 0 1.22e-19 0
75.8 2 0 9.48e-20 0
76.2 2 0 7.39e-20 0
76.6 2 0 5.75e-20 0
77 2 0 4.48e-20 0
77.4 2 0 3.49e-20 0
77.8 2 0 2.72e-20 0
78.2 2 0 2.12e-20 0
78.6 2 0 1.65e-20 0
79 2 0 1.28e-20 0
79.4 2 0 1e-20 0
79.8 2 0 7.79e-21 0
80.2 2 0 6.06e-21 0
80.6 2 0 4.72e-21 0
81 2 0 3.68e-21 0
81.4 2 0 2.86e-21 0
81.8 2 0 2.23e-21 0
82.2 2 0 1.74e-21 0
82.6 2 0 1.35e-21 0
83 2 0 1.05e-21 0
83.4 2 0 8.2e-22 0
83.8 2 0 6.39e-22 0
84.2 2 0 4.98e-22 0
84.6 2 0 3.88e-22 0
85 2 0 3.02e-22 0
85.4 2 0 2.35e-22 0
85.8 2 0 1.83e-22 0
86.2 2 0 1.43e-22 0
86.6 2 0 1.11e-22 0
87 2 0 8.66e-23 0
87.4 2 0 6.74e-23 0
87.8 2 0 5.25e-23 0
88.2 2 0 4.09e-23 0
88.6 2 0 3.18e-23 0
89 2 0 2.48e-23 0
89.4 2 0 1.93e-23 0
89.8 2 0 1.5e-23 0
90.2 2 0 1.17e-23 0
90.6 2 0 9.1e-24 0
91 2 0 7.09e-24 0
91.4 2 0 5.53e-24 0
91.8 2 0 4.31e-24 0
92.2 2 0 3.36e-24 0
92.6 2 0 2.61e-24 0
93 2 0 2.03e-24 0
93.4 2 0 1.58e-24 0
93.8 2 0 1.23e-24 0
94.2 2 0 9.61e-25 0
94.6 2 0 7.49e-25 0
95 2 0 5.83e-25 0
95.4 2 0 4.54e-25 0
95.8 2 0 3.54e-25 0
96.2 2 0 2.75e-25 0
96.6 2 0 2.14e-25 0
97 2 0 1.67e-25 0
97.4 2 0 1.3e-25 0
97.8 2 0 1.01e-25 0
98.2 2 0 7.89e-26 0
98.6 2 0 6.14e-26 0
99 2 0 4.76e-26 0
99.4 2 0 3.63e-26 0
99.8 2 0 3.08e-26 0
