-25 4.19e-05 0.000471 1 0.000202
-24.6 5.06e-05 0.000566 1 0.000404
-24.2 5.98e-05 0.000665 1 0.000415
-23.8 7.01e-05 0.000774 1 0.00045
-23.4 8.21e-05 0.000898 1 0.000501
-23 9.63e-05 0.00104 1 0.000578
-22.6 0.000114 0.00121 1 0.000663
-22.2 0.000135 0.00078 1 0.000745
-21.8 0.00016 0.00038 1 0.000842
-21.4 0.00019 0.000269 1 0.000981
-21 0.000228 0.000458 1 0.00113
-20.6 0.000273 0.00097 1 0.00127
-20.2 0.000327 0.00183 1 0.00145
-19.8 0.000393 0.00305 1 0.00163
-19.4 0.000471 0.00467 1 0.00184
-19 0.000565 0.00673 1 0.00208
-18.6 0.000678 0.00926 1 0.00235
-18.2 0.000814 0.0123 1 0.00267
-17.8 0.000978 0.0159 1 0.0038
-15 0.00353 0.0202 1 0.00615
-14.6 0.00424 0.0251 1 0.0081
-14.2 0.00511 0.0308 1 0.00917
-13.8 0.00614 0.0374 1 0.0103
-13.4 0.00739 0.0449 1 0.0117
-13 0.00889 0.0535 1 0.0133
-12.6 0.0107 0.0632 1 0.0151
-12.2 0.0129 0.0743 1 0.017
-11.8 0.0155 0.0867 1 0.019
-11.4 0.0186 0.101 1 0.0216
-11 0.0224 0.116 1 0.0242
-10.6 0.0268 0.134 1 0.0269
-10.2 0.0321 0.153 1 0.0303
-9.8 0.0384 0.175 1 0.0338
-9.4 0.0458 0.199 1 0.0374
-9 0.0545 0.227 1 0.0412
-8.6 0.0646 0.257 1 0.0452
-8.2 0.0763 0.289 1 0.0494
-7.8 0.0898 0.325 1 0.0533
-7.4 0.105 0.362 1 0.0585
-7 0.123 0.403 1 0.062
-6.6 0.142 0.445 1 0.0654
-6.2 0.164 0.489 1 0.07
-5.8 0.188 0.535 1 0.0741
-5.4 0.215 0.582 1 0.0779
-5 0.244 0.629 1 0.08
-4.6 0.275 0.677 1 0.0832
-4.2 0.309 0.724 1 0.0863
-3.8 0.345 0.77 1 0.0879
-3.4 0.383 0.815 1 0.0884
-3 0.422 0.857 1 0.0899
-2.6 0.464 0.898 1 0.0915
-2.2 0.507 0.935 0.998 0.0909
-1.8 0.551 0.97 0.994 0.0905
-1.4 0.596 1 0.987 0.0901
-1 0.642 1.03 0.977 0.0898
-0.6 0.689 1.05 0.964 0.0887
-0.2 0.736 1.07 0.948 0.0877
0.2 0.784 1.09 0.929 0.0868
0.6 0.832 1.11 0.905 0.0851
1 0.88 1.12 0.878 0.0835
1.4 0.928 1.12 0.846 0.082
1.8 0.976 1.13 0.811 0.0774
2.2 1.02 1.13 0.773 0.0778
2.6 1.07 1.12 0.732 0.0815
3 1.12 1.12 0.689 0.0803
3.4 1.17 1.11 0.644 0.0791
3.8 1.22 1.09 0.599 0.0703
4.2 1.26 1.07 0.553 0.0694
4.6 1.31 1.05 0.507 0.0762
5 1.36 1.03 0.462 0.0678
5.4 1.4 1 0.419 0.067
5.8 1.45 0.97 0.378 0.0663
6.2 1.49 0.935 0.339 0.0656
6.6 1.54 0.898 0.302 0.065
7 1.58 0.857 0.268 0.0572
7.4 1.62 0.815 0.237 0.0568
7.8 1.66 0.77 0.208 0.0493
8.2 1.69 0.724 0.183 0.0489
8.6 1.73 0.677 0.159 0.0486
9 1.76 0.629 0.138 0.0414
9.4 1.79 0.582 0.119 0.0343
9.8 1.81 0.535 0.103 0.0342
10.2 1.84 0.489 0.0884 0.034
10.6 1.86 0.445 0.0757 0.0271
11 1.88 0.403 0.0647 0.0203
11.4 1.89 0.362 0.055 0.0202
11.8 1.91 0.325 0.0467 0.0202
12.2 1.92 0.289 0.0395 0.0201
12.6 1.94 0.257 0.0334 0.0201
13 1.95 0.227 0.0282 0.00668
13.4 1.95 0.199 0.0238 0.00666
13.8 1.96 0.175 0.02 0.0133
14.2 1.97 0.153 0.0168 0.00665
14.6 1.97 0.133 0.0141 0.00664
15 1.98 0.115 0.0118 0.00664
15.4 1.98 0.0999 0.0099 0
15.8 1.98 0.0863 0.00828 0.00663
16.2 1.99 0.0744 0.00692 0.00663
16.6 1.99 0.0641 0.00579 0
17 1.99 0.0551 0.00484 0
17.4 1.99 0.0473 0.00404 0
17.8 1.99 0.0405 0.00338 0.00662
18.2 2 0.0347 0.00282 0.00662
18.6 2 0.0297 0.00235 0
19 2 0.0254 0.00196 0
19.4 2 0.0217 0.00164 0
19.8 2 0.0185 0.00137 0
20.2 2 0.0158 0.00114 0
20.6 2 0.0135 0.000951 0
21 2 0.0115 0.000793 0
21.4 2 0.0098 0.000661 0
21.8 2 0.00834 0.000551 0
22.2 2 0.0071 0.00046 0
22.6 2 0.00604 0.000384 0
23 2 0.00514 0.00032 0
23.4 2 0.00437 0.000267 0
23.8 2 0.00371 0.000222 0
24.2 2 0.00316 0.000185 0
24.6 2 0.00268 0.000155 0
25 2 0.00228 0.000129 0
25.4 2 0.00193 0.000108 0
25.8 2 0.00164 8.97e-05 0
26.2 2 0.00139 7.48e-05 0
26.6 2 0.00118 6.25e-05 0
27 2 0.001 5.2e-05 0
27.4 2 0.000848 4.33e-05 0
27.8 2 0.000718 3.61e-05 0
28.2 2 0.000608 3.01e-05 0
28.6 2 0.000515 2.51e-05 0
29 2 0.000436 2.1e-05 0
29.4 2 0.000369 1.75e-05 0
29.8 2 0.000313 1.46e-05 0
30.2 2 0.000265 1.21e-05 0
30.6 2 0.000224 1.01e-05 0
31 2 0.000189 8.45e-06 0
31.4 2 0.00016 7.04e-06 0
31.8 2 0.000135 5.87e-06 0
32.2 2 0.000114 4.89e-06 0
32.6 2 9.68e-05 4.08e-06 0
33 2 8.18e-05 3.4e-06 0
33.4 2 6.91e-05 2.84e-06 0
33.8 2 5.83e-05 2.36e-06 0
34.2 2 4.93e-05 1.97e-06 0
34.6 2 4.16e-05 1.64e-06 0
35 2 3.51e-05 1.37e-06 0
35.4 2 2.97e-05 1.14e-06 0
35.8 2 2.5e-05 9.53e-07 0
36.2 2 2.11e-05 7.94e-07 0
36.6 2 1.78e-05 6.63e-07 0
37 2 1.5e-05 5.53e-07 0
37.4 2 1.27e-05 4.61e-07 0
37.8 2 1.07e-05 3.84e-07 0
38.2 2 9.02e-06 3.2e-07 0
38.6 2 7.6e-06 2.67e-07 0
39 2 6.41e-06 2.22e-07 0
39.4 2 5.4e-06 1.85e-07 0
39.8 2 4.55e-06 1.55e-07 0
40.2 2 3.84e-06 1.29e-07 0
40.6 2 3.23e-06 1.07e-07 0
41 2 2.73e-06 8.95e-08 0
41.4 2 2.3e-06 7.47e-08 0
41.8 2 1.94e-06 6.23e-08 0
42.2 2 1.63e-06 5.2e-08 0
42.6 2 1.37e-06 4.33e-08 0
43 2 1.16e-06 3.61e-08 0
43.4 2 9.74e-07 3.01e-08 0
43.8 2 8.21e-07 2.51e-08 0
44.2 2 6.91e-07 2.09e-08 0
44.6 2 5.82e-07 1.74e-08 0
45 2 4.9e-07 1.45e-08 0
45.4 2 4.12e-07 1.21e-08 0
45.8 2 3.47e-07 1.01e-08 0
46.2 2 2.92e-07 8.43e-09 0
46.6 2 2.46e-07 7.03e-09 0
47 2 2.06e-07 5.86e-09 0
47.4 2 1.74e-07 4.88e-09 0
47.8 2 1.46e-07 4.07e-09 0
48.2 2 1.22e-07 3.4e-09 0
48.6 2 1.03e-07 2.83e-09 0
49 2 8.65e-08 2.36e-09 0
49.4 2 7.27e-08 1.97e-09 0
49.8 2 6.12e-08 1.64e-09 0
50.2 2 5.14e-08 1.37e-09 0
50.6 2 4.32e-08 1.14e-09 0
51 2 3.63e-08 9.51e-10 0
51.4 2 3.05e-08 7.93e-10 0
51.8 2 2.56e-08 6.61e-10 0
52.2 2 2.14e-08 5.51e-10 0
52.6 2 1.8e-08 4.59e-10 0
53 2 1.51e-08 3.83e-10 0
53.4 2 1.26e-08 3.19e-10 0
53.8 2 1.06e-08 2.66e-10 0
54.2 2 8.85e-09 2.22e-10 0
54.6 2 7.4e-09 1.85e-10 0
55 2 6.17e-09 1.54e-10 0
55.4 2 5.12e-09 1.29e-10 0
55.8 2 4.24e-09 1.07e-10 0
56.2 2 3.52e-09 8.94e-11 0
56.6 2 2.89e-09 7.45e-11 0
57 2 2.36e-09 6.22e-11 0
57.4 2 1.93e-09 5.19e-11 0
57.8 2 1.57e-09 4.33e-11 0
58.2 2 1.26e-09 3.6e-11 0
58.6 2 1.03e-09 3.01e-11 0
59 2 8.12e-10 2.51e-11 0
59.4 2 6.62e-10 2.09e-11 0
59.8 2 5.26e-10 1.74e-11 0
60.2 2 4.2e-10 1.46e-11 0
60.6 2 3.48e-10 1.21e-11 0
61.1 2 2.98e-10 9.75e-12 0
61.7 2 2.63e-10 7.75e-12 0
62.1 2 2.12e-10 6.19e-12 0
62.6 2 1.93e-10 4.69e-12 0
63.4 2 1.69e-10 3.04e-12 0
65.6 2 1.44e-10 1.58e-12 0
66.4 2 1.51e-10 6.93e-13 0
68.3 2 1.8e-10 4.2e-13 0
69.9 2 1.88e-10 1.66e-13 0
72.9 2 1.99e-10 4.72e-14 0
73.6 2 1.85e-10 2.61e-14 0
74.9 2 1.82e-10 1.47e-14 0
76.6 2 2.01e-10 8.35e-15 0
78.4 2 2.15e-10 2.86e-15 0
82.9 2 2.24e-10 6.1e-16 0
85.5 2 2.31e-10 0 0
86.3 2 2.37e-10 7.17e-17 0
86.7 2 2.41e-10 6.49e-17 0
87.8 2 2.52e-10 5.84e-17 0
88.2 2 2.57e-10 4.26e-17 0
