      -9    3e-06        0        1 0.000211 3.33e+05        1
    -8.8    5e-06        0        1 0.000562 5.56e+05        1
    -8.6    9e-06        0        1 0.000856 3.44e+05        1
    -8.4  1.6e-05        0        1  0.00122 1.88e+05        1
    -8.2  2.8e-05        0        1  0.00171 1.04e+05        1
      -8  4.8e-05        0        1  0.00249 5.95e+04        1
    -7.8  8.4e-05        0        1  0.00366 3.51e+04        1
    -7.6 0.000147        0        1  0.00531    2e+04        1
    -7.4 0.000257        0        1  0.00761 1.14e+04        1
    -7.2 0.000445        0        1   0.0107 6.43e+03        1
      -7 0.000758        0        1   0.0151 3.68e+03        1
    -6.8  0.00129        0        1   0.0209 2.14e+03        1
    -6.6  0.00215        0        1   0.0273 1.21e+03        1
    -6.4  0.00344        0        1    0.035      697        1
    -6.2  0.00537        0        1   0.0434      416        1
      -6  0.00805        0        1   0.0514      250        1
    -5.8   0.0116        0        1   0.0603      157        1
    -5.6   0.0163        0        1   0.0711      104        1
    -5.4   0.0225        0        1   0.0812     70.3        1
    -5.2   0.0301        0        1   0.0917     48.1        1
      -5   0.0397        0        1   0.0992     33.5        1
    -4.8   0.0504        0        1    0.103       23        1
    -4.6   0.0625        0        1    0.106     16.5        1
    -4.4   0.0756        0        1    0.109     12.3        1
    -4.2   0.0901        0        1    0.113     9.48        1
      -4    0.106        0     1.01    0.119     7.59    0.928
    -3.8    0.124        0     1.02    0.121     5.98    0.922
    -3.6    0.142        0     1.02    0.118     4.63    0.915
    -3.4    0.161        0     1.02    0.119     3.79    0.909
    -3.2    0.181        0     1.03    0.118     3.09    0.901
      -3    0.201        0     1.03    0.119      2.6    0.894
    -2.8    0.223        0     1.03    0.121     2.23    0.883
    -2.6    0.245        0     1.04    0.122     1.92     0.87
    -2.4    0.269        0     1.04    0.127      1.7    0.861
    -2.2    0.294        0     1.05     0.13     1.51    0.847
      -2    0.321        0     1.05    0.132     1.32    0.837
    -1.8    0.348        0     1.06    0.135     1.17    0.826
    -1.6    0.378        0     1.07    0.141     1.07    0.818
    -1.4    0.409        0     1.08    0.139    0.932    0.809
    -1.2     0.44        0     1.09    0.138    0.816    0.803
      -1    0.472        0     1.11    0.137    0.722    0.792
    -0.8    0.504        0     1.12    0.134    0.632    0.783
    -0.6    0.536        0     1.14    0.129    0.551    0.775
    -0.4    0.567        0     1.15    0.127    0.491    0.763
    -0.2    0.599        0     1.18    0.125    0.441    0.752
       0     0.63        0     1.22    0.121    0.391    0.738
     0.2    0.661        0     1.25    0.117     0.35    0.723
     0.4    0.691        0     1.29    0.111     0.31    0.715
     0.6     0.72        0     1.35    0.108     0.28    0.698
     0.8    0.749        0     1.43    0.105    0.255    0.686
       1    0.777        0     1.51   0.0997    0.228     0.67
     1.2    0.804        0     1.62   0.0968    0.209    0.653
     1.4    0.831        0     1.76    0.094    0.192    0.637
     1.6    0.857        0     2.04   0.0878    0.171     0.62
     1.8    0.881        0     2.32   0.0835    0.155    0.612
       2    0.905        0     2.65    0.081    0.144    0.599
     2.2    0.928        0     3.49   0.0735    0.125    0.584
     2.4    0.948        0     3.92   0.0662    0.109    0.569
     2.6    0.967        0     4.75   0.0607   0.0965    0.555
     2.8    0.984        0      5.9   0.0553   0.0853    0.552
       3        1        0     6.02     0.06   0.0897    0.539
     3.2     1.02        0     5.71   0.0498   0.0728    0.535
     3.4     1.03        0     4.45   0.0494     0.07     0.52
     3.6     1.05        0     3.53   0.0656   0.0907    0.513
     3.8     1.07        0     3.02   0.0652   0.0874    0.506
       4     1.09        0     2.19   0.0809    0.104    0.495
     4.2     1.12        0     1.83   0.0804    0.101    0.482
     4.4     1.14        0     1.53   0.0797   0.0954    0.465
     4.6     1.17        0     1.25   0.0949     0.11    0.453
     4.8      1.2        0     1.09   0.0785   0.0876    0.439
       5     1.22        0    0.962   0.0779   0.0833    0.426
     5.2     1.25        0    0.854   0.0928   0.0961    0.411
     5.4     1.28        0    0.761   0.0921   0.0916    0.393
     5.6     1.31        0    0.679   0.0914   0.0875    0.378
     5.8     1.34        0    0.616   0.0907   0.0836    0.357
       6     1.37        0    0.559     0.09     0.08     0.34
     6.2      1.4        0    0.506   0.0894   0.0766    0.322
     6.4     1.43        0    0.457   0.0888   0.0734    0.302
     6.6     1.46        0    0.416    0.103   0.0816    0.283
     6.8      1.5        0    0.378    0.102   0.0783    0.264
       7     1.53        0    0.341   0.0868   0.0641    0.244
     7.2     1.56        0    0.307   0.0862   0.0617    0.226
     7.4     1.59        0    0.277   0.0857   0.0594    0.208
     7.6     1.62        0    0.249   0.0851   0.0572    0.191
     7.8     1.65        0    0.224   0.0846   0.0551    0.174
       8     1.68        0    0.201   0.0841   0.0532     0.16
     8.2     1.71        0    0.181   0.0698    0.043    0.146
     8.4     1.73        0    0.162   0.0555   0.0334    0.134
     8.6     1.75        0    0.145   0.0691   0.0406    0.122
     8.8     1.78        0    0.129   0.0688   0.0397    0.111
       9      1.8        0    0.115   0.0548   0.0309   0.0999
     9.2     1.82        0    0.102   0.0546   0.0302   0.0895
     9.4     1.84        0   0.0895   0.0544   0.0295   0.0797
     9.6     1.86        0   0.0779   0.0542   0.0289   0.0701
     9.8     1.88        0   0.0671   0.0405   0.0213   0.0609
      10     1.89        0   0.0569   0.0404   0.0209   0.0522
    10.2     1.91        0   0.0477   0.0403   0.0207   0.0441
    10.4     1.92        0   0.0396   0.0402   0.0202   0.0369
    10.6     1.94        0   0.0325   0.0401     0.02   0.0305
    10.8     1.95        0    0.026   0.0267   0.0131   0.0245
      11     1.96        0   0.0203   0.0266    0.013   0.0193
    11.2     1.97        0   0.0153   0.0266   0.0129   0.0147
    11.4     1.98        0   0.0114   0.0133  0.00641    0.011
    11.6     1.98        0  0.00822   0.0133  0.00634  0.00796
    11.8     1.99        0  0.00586   0.0133  0.00634  0.00572
      12     1.99        0  0.00405        0        0  0.00397
    12.2     1.99        0  0.00269   0.0132  0.00628  0.00266
    12.4        2        0  0.00172   0.0132  0.00628  0.00171
    12.6        2        0  0.00108        0        0  0.00107
    12.8        2        0 0.000644        0        0 0.000642
      13        2        0 0.000379        0        0 0.000379
    13.2        2        0 0.000222        0        0 0.000222
    13.4        2        0 0.000128        0        0 0.000128
    13.6        2        0  7.3e-05        0        0  7.3e-05
    13.8        2        0  4.2e-05        0        0  4.2e-05
      14        2        0  2.4e-05        0        0  2.4e-05
    14.2        2        0  1.4e-05        0        0  1.4e-05
    14.4        2        0    8e-06        0        0    8e-06
    14.6        2        0    4e-06        0        0    4e-06
    14.8        2        0    2e-06        0        0    3e-06
      15        2        0    1e-06        0        0    1e-06
