     -25        0        0        0        0        0        0 1.12e-13
   -24.8        0        0        0        0        0        0 1.48e-13
   -24.6        0        0        0        0        0        0 1.94e-13
   -24.4        0        0        0        0        0        0 2.57e-13
   -24.2        0        0        0        0        0        0 3.39e-13
     -24        0        0        0        0        0        0 4.47e-13
   -23.8        0        0        0        0        0        0 5.91e-13
   -23.6        0        0        0        0        0        0 7.79e-13
   -23.4        0        0        0        0        0        0 1.03e-12
   -23.2        0        0        0        0        0        0 1.36e-12
     -23        0        0        0        0        0        0 1.79e-12
   -22.8        0        0        0        0        0        0 2.37e-12
   -22.6        0        0        0        0        0        0 3.13e-12
   -22.4        0        0        0        0        0        0 4.13e-12
   -22.2        0        0        0        0        0        0        0
     -22        0        0        0        0        0        0 1.34e-11
   -21.8        0        0        0        0        0        0 1.67e-10
     -19        0        0        0        0        0        0 3.92e-10
   -18.8        0        0        0        0        0        0  6.3e-10
   -18.6        0        0        0        0        0        0 8.09e-10
   -18.4        0        0        0        0        0        0 1.07e-09
   -18.2        0        0        0        0        0        0 1.41e-09
     -18        0        0        0        0        0        0 1.86e-09
   -17.8        0        0        0        0        0        0 2.46e-09
   -17.6        0        0        0        0        0        0 3.24e-09
   -17.4        0        0        0        0        0        0 4.28e-09
   -17.2        0        0        0        0        0        0 5.65e-09
     -17        0        0        0        0        0        0 7.45e-09
   -16.8        0        0        0        0        0        0 9.85e-09
   -16.6        0        0        0        0        0        0  1.3e-08
   -16.4        0        0        0        0        0        0 1.72e-08
   -16.2        0        0        0        0        0        0 2.27e-08
     -16        0        0        0        0        0        0 2.99e-08
   -15.8        0        0        0        0        0        0 3.95e-08
   -15.6        0        0        0        0        0        0 5.21e-08
   -15.4        0        0        0        0        0        0 6.89e-08
   -15.2        0        0        0        0        0        0  9.1e-08
     -15        0        0        0        0        0        0  1.2e-07
   -14.8        0        0        0        0        0        0 1.58e-07
   -14.6        0        0        0        0        0        0 2.09e-07
   -14.4        0        0        0        0        0        0 2.76e-07
   -14.2        0        0        0        0        0        0 3.65e-07
     -14        0        0        0        0        0        0 4.81e-07
   -13.8        0        0        0        0        0        0 6.36e-07
   -13.6        0        0        0        0        0        0 8.39e-07
   -13.4        0        0        0        0        0        0 1.11e-06
   -13.2        0        0        0        0        0        0 1.46e-06
     -13        0        0        0        0        0        0 1.93e-06
   -12.8        0        0        0        0        0        0 2.55e-06
   -12.6        0        0        0        0        0        0 3.37e-06
   -12.4        0        0        0        0        0        0 4.44e-06
   -12.2        0        0        0        0        0        0 5.86e-06
     -12        0        0        0        0        0        0 7.74e-06
   -11.8        0        0        0        0        0        0 1.02e-05
   -11.6        0        0        0        0        0        0 1.35e-05
   -11.4        0        0        0        0        0        0 1.78e-05
   -11.2        0        0        0        0        0        0 2.35e-05
     -11        0        0        0        0        0        0  3.1e-05
   -10.8        0        0        0        0        0        0  4.1e-05
   -10.6        0        0        0        0        0        0 5.41e-05
   -10.4        0        0        0        0        0        0 7.14e-05
   -10.2        0        0        0        0        0        0 9.42e-05
     -10        0        0        0        0        0        0 0.000124
    -9.8        0        0        0        0        0        0 0.000164
    -9.6        0        0        0        0        0        0 0.000217
    -9.4        0        0        0        0        0        0 0.000286
    -9.2        0        0        0        0        0        0 0.000377
      -9        0        0        0        0        0        0 0.000498
    -8.8        0        0        0        0        0        0 0.000656
    -8.6        0        0        0        0        0        0 0.000865
    -8.4        0        0        0        0        0        0  0.00114
    -8.2        0        0        0        0        0        0   0.0015
      -8        0        0        0        0        0        0  0.00198
    -7.8        0        0        0        0        0        0   0.0026
    -7.6        0        0        0        0        0        0  0.00341
    -7.4        0        0        0        0        0        0  0.00446
    -7.2        0        0        0        0        0        0  0.00583
      -7        0        0        0        0        0        0  0.00762
    -6.8        0        0        0        0        0        0  0.00989
    -6.6        0        0        0        0        0        0   0.0128
    -6.4        0        0        0        0        0        0   0.0165
    -6.2        0        0        0        0        0        0   0.0211
      -6        0        0        0        0        0        0   0.0268
    -5.8        0        0        0        0        0        0   0.0337
    -5.6        0        0        0        0        0        0   0.0422
    -5.4        0        0        0        0        0        0   0.0522
    -5.2        0        0        0        0        0        0   0.0633
      -5        0        0        0        0        0        0   0.0923
    -4.8        0        0        0        0        0        0    0.113
    -4.6        0        0        0        0        0        0    0.115
    -4.4        0        0        0        0        0        0    0.109
    -4.2        0        0        0        0        0        0    0.104
      -4        0        0        0        0        0        0    0.137
    -3.8        0        0        0        0        0        0     0.15
    -3.6        0        0        0        0        0        0    0.162
    -3.4        0        0        0        0        0        0    0.166
    -3.2        0        0        0        0        0        0    0.169
      -3        0        0        0        0        0        0    0.179
    -2.8        0        0        0        0        0        0     0.21
    -2.6        0        0        0        0        0        0    0.245
    -2.4        0        0        0        0        0        0    0.276
    -2.2        0        0        0        0        0        0    0.302
      -2        0        0        0        0        0        0    0.323
    -1.8        0        0        0        0        0        0     0.34
    -1.6        0        0        0        0        0        0    0.355
    -1.4        0        0        0        0        0        0    0.373
    -1.2        0        0        0        0        0        0    0.397
      -1        0        0        0        0        0        0    0.423
    -0.8        0        0        0        0        0        0    0.446
    -0.6        0        0        0        0        0        0    0.469
    -0.4        0        0        0        0        0        0    0.491
    -0.2        0        0        0        0        0        0    0.515
 1.6e-14        0        0        0        0        0        0    0.538
     0.2        0        0        0        0        0        0    0.565
     0.4        0        0        0        0        0        0     0.59
     0.6        0        0        0        0        0        0    0.606
     0.8        0        0        0        0        0        0    0.614
       1        0        0        0        0        0        0    0.623
     1.2        0        0        0        0        0        0    0.647
     1.4        0        0        0        0        0        0    0.672
     1.6        0        0        0        0        0        0    0.697
     1.8        0        0        0        0        0        0     0.72
       2        0        0        0        0        0        0    0.743
     2.2        0        0        0        0        0        0    0.766
     2.4        0        0        0        0        0        0    0.775
     2.6        0        0        0        0        0        0    0.782
     2.8        0        0        0        0        0        0    0.788
       3        0        0        0        0        0        0    0.792
     3.2        0        0        0        0        0        0    0.796
     3.4        0        0        0        0        0        0    0.806
     3.6        0        0        0        0        0        0    0.815
     3.8        0        0        0        0        0        0    0.823
       4        0        0        0        0        0        0    0.824
     4.2        0        0        0        0        0        0    0.823
     4.4        0        0        0        0        0        0    0.826
     4.6        0        0        0        0        0        0    0.828
     4.8        0        0        0        0        0        0     0.83
       5        0        0        0        0        0        0    0.831
     5.2        0        0        0        0        0        0    0.832
     5.4        0        0        0        0        0        0    0.832
     5.6        0        0        0        0        0        0    0.833
     5.8        0        0        0        0        0        0    0.834
       6        0        0        0        0        0        0    0.834
     6.2        0        0        0        0        0        0    0.834
     6.4        0        0        0        0        0        0    0.834
     6.6        0        0        0        0        0        0    0.835
     6.8        0        0        0        0        0        0    0.835
       7        0        0        0        0        0        0    0.835
     7.2        0        0        0        0        0        0    0.835
     7.4        0        0        0        0        0        0    0.835
     7.6        0        0        0        0        0        0    0.835
     7.8        0        0        0        0        0        0    0.835
       8        0        0        0        0        0        0    0.835
     8.2        0        0        0        0        0        0    0.835
     8.4        0        0        0        0        0        0    0.835
     8.6        0        0        0        0        0        0    0.835
     8.8        0        0        0        0        0        0    0.835
       9        0        0        0        0        0        0    0.835
     9.2        0        0        0        0        0        0    0.835
     9.4        0        0        0        0        0        0    0.835
     9.6        0        0        0        0        0        0    0.835
     9.8        0        0        0        0        0        0    0.835
      10        0        0        0        0        0        0    0.835
    10.2        0        0        0        0        0        0    0.835
    10.4        0        0        0        0        0        0    0.835
    10.6        0        0        0        0        0        0    0.835
    10.8        0        0        0        0        0        0    0.835
      11        0        0        0        0        0        0    0.835
    11.2        0        0        0        0        0        0    0.835
    11.4        0        0        0        0        0        0    0.835
    11.6        0        0        0        0        0        0    0.834
    11.8        0        0        0        0        0        0    0.834
      12        0        0        0        0        0        0    0.834
    12.2        0        0        0        0        0        0    0.834
    12.4        0        0        0        0        0        0    0.833
    12.6        0        0        0        0        0        0    0.832
    12.8        0        0        0        0        0        0    0.832
      13        0        0        0        0        0        0    0.831
    13.2        0        0        0        0        0        0     0.83
    13.4        0        0        0        0        0        0    0.828
    13.6        0        0        0        0        0        0    0.826
    13.8        0        0        0        0        0        0    0.823
      14        0        0        0        0        0        0    0.824
    14.2        0        0        0        0        0        0    0.823
    14.4        0        0        0        0        0        0    0.815
    14.6        0        0        0        0        0        0    0.806
    14.8        0        0        0        0        0        0    0.796
      15        0        0        0        0        0        0    0.792
    15.2        0        0        0        0        0        0    0.788
    15.4        0        0        0        0        0        0    0.782
    15.6        0        0        0        0        0        0    0.775
    15.8        0        0        0        0        0        0    0.766
      16        0        0        0        0        0        0    0.743
    16.2        0        0        0        0        0        0     0.72
    16.4        0        0        0        0        0        0    0.697
    16.6        0        0        0        0        0        0    0.672
    16.8        0        0        0        0        0        0    0.647
      17        0        0        0        0        0        0    0.623
    17.2        0        0        0        0        0        0    0.614
    17.4        0        0        0        0        0        0    0.606
    17.6        0        0        0        0        0        0     0.59
    17.8        0        0        0        0        0        0    0.565
      18        0        0        0        0        0        0    0.538
    18.2        0        0        0        0        0        0    0.515
    18.4        0        0        0        0        0        0    0.491
    18.6        0        0        0        0        0        0    0.469
    18.8        0        0        0        0        0        0    0.446
      19        0        0        0        0        0        0    0.423
    19.2        0        0        0        0        0        0    0.397
    19.4        0        0        0        0        0        0    0.373
    19.6        0        0        0        0        0        0    0.355
    19.8        0        0        0        0        0        0     0.34
      20        0        0        0        0        0        0    0.323
    20.2        0        0        0        0        0        0    0.302
    20.4        0        0        0        0        0        0    0.276
    20.6        0        0        0        0        0        0    0.245
    20.8        0        0        0        0        0        0     0.21
      21        0        0        0        0        0        0    0.179
    21.2        0        0        0        0        0        0    0.169
    21.4        0        0        0        0        0        0    0.166
    21.6        0        0        0        0        0        0    0.162
    21.8        0        0        0        0        0        0     0.15
      22        0        0        0        0        0        0    0.137
    22.2        0        0        0        0        0        0    0.104
    22.4        0        0        0        0        0        0    0.109
    22.6        0        0        0        0        0        0    0.115
    22.8        0        0        0        0        0        0    0.113
      23        0        0        0        0        0        0   0.0923
    23.2        0        0        0        0        0        0   0.0633
    23.4        0        0        0        0        0        0   0.0522
    23.6        0        0        0        0        0        0   0.0422
    23.8        0        0        0        0        0        0   0.0337
      24        0        0        0        0        0        0   0.0268
    24.2        0        0        0        0        0        0   0.0211
    24.4        0        0        0        0        0        0   0.0165
    24.6        0        0        0        0        0        0   0.0128
    24.8        0        0        0        0        0        0  0.00989
      25        0        0        0        0        0        0  0.00762
    25.2        0        0        0        0        0        0  0.00583
    25.4        0        0        0        0        0        0  0.00446
    25.6        0        0        0        0        0        0  0.00341
    25.8        0        0        0        0        0        0   0.0026
      26        0        0        0        0        0        0  0.00198
    26.2        0        0        0        0        0        0   0.0015
    26.4        0        0        0        0        0        0  0.00114
    26.6        0        0        0        0        0        0 0.000865
    26.8        0        0        0        0        0        0 0.000656
      27        0        0        0        0        0        0 0.000498
    27.2        0        0        0        0        0        0 0.000377
    27.4        0        0        0        0        0        0 0.000286
    27.6        0        0        0        0        0        0 0.000217
    27.8        0        0        0        0        0        0 0.000164
      28        0        0        0        0        0        0 0.000124
    28.2        0        0        0        0        0        0 9.42e-05
    28.4        0        0        0        0        0        0 7.14e-05
    28.6        0        0        0        0        0        0 5.41e-05
    28.8        0        0        0        0        0        0  4.1e-05
      29        0        0        0        0        0        0  3.1e-05
    29.2        0        0        0        0        0        0 2.35e-05
    29.4        0        0        0        0        0        0 1.78e-05
    29.6        0        0        0        0        0        0 1.35e-05
    29.8        0        0        0        0        0        0 1.02e-05
      30        0        0        0        0        0        0 7.74e-06
    30.2        0        0        0        0        0        0 5.86e-06
    30.4        0        0        0        0        0        0 4.44e-06
    30.6        0        0        0        0        0        0 3.37e-06
    30.8        0        0        0        0        0        0 2.55e-06
      31        0        0        0        0        0        0 1.93e-06
    31.2        0        0        0        0        0        0 1.46e-06
    31.4        0        0        0        0        0        0 1.11e-06
    31.6        0        0        0        0        0        0 8.39e-07
    31.8        0        0        0        0        0        0 6.36e-07
      32        0        0        0        0        0        0 4.81e-07
    32.2        0        0        0        0        0        0 3.65e-07
    32.4        0        0        0        0        0        0 2.76e-07
    32.6        0        0        0        0        0        0 2.09e-07
    32.8        0        0        0        0        0        0 1.58e-07
      33        0        0        0        0        0        0  1.2e-07
    33.2        0        0        0        0        0        0  9.1e-08
    33.4        0        0        0        0        0        0 6.89e-08
    33.6        0        0        0        0        0        0 5.21e-08
    33.8        0        0        0        0        0        0 3.95e-08
      34        0        0        0        0        0        0 2.99e-08
    34.2        0        0        0        0        0        0 2.27e-08
    34.4        0        0        0        0        0        0 1.72e-08
    34.6        0        0        0        0        0        0  1.3e-08
    34.8        0        0        0        0        0        0 9.85e-09
      35        0        0        0        0        0        0 7.45e-09
    35.2        0        0        0        0        0        0 5.65e-09
    35.4        0        0        0        0        0        0 4.28e-09
    35.6        0        0        0        0        0        0 3.24e-09
    35.8        0        0        0        0        0        0 2.46e-09
      36        0        0        0        0        0        0 1.86e-09
    36.2        0        0        0        0        0        0 1.41e-09
    36.4        0        0        0        0        0        0 1.07e-09
    36.6        0        0        0        0        0        0 8.09e-10
    36.8        0        0        0        0        0        0  6.3e-10
      37        0        0        0        0        0        0 3.92e-10
    39.8        0        0        0        0        0        0 1.67e-10
      40        0        0        0        0        0        0 1.34e-11
    40.2        0        0        0        0        0        0        0
    40.4        0        0        0        0        0        0 4.13e-12
    40.6        0        0        0        0        0        0 3.13e-12
    40.8        0        0        0        0        0        0 2.37e-12
      41        0        0        0        0        0        0 1.79e-12
    41.2        0        0        0        0        0        0 1.36e-12
    41.4        0        0        0        0        0        0 1.03e-12
    41.6        0        0        0        0        0        0 7.79e-13
    41.8        0        0        0        0        0        0 5.91e-13
      42        0        0        0        0        0        0 4.47e-13
    42.2        0        0        0        0        0        0 3.39e-13
    42.4        0        0        0        0        0        0 2.57e-13
    42.6        0        0        0        0        0        0 1.94e-13
    42.8        0        0        0        0        0        0 1.47e-13
      43        0        0        0        0        0        0 1.11e-13
    43.2        0        0        0        0        0        0 8.45e-14
    43.4        0        0        0        0        0        0  6.4e-14
    43.6        0        0        0        0        0        0 4.84e-14
    43.8        0        0        0        0        0        0 3.67e-14
      44        0        0        0        0        0        0 2.78e-14
    44.2        0        0        0        0        0        0 2.11e-14
    44.4        0        0        0        0        0        0  1.6e-14
    44.6        0        0        0        0        0        0 1.21e-14
    44.8        0        0        0        0        0        0 9.14e-15
      45        0        0        0        0        0        0 6.93e-15
    45.2        0        0        0        0        0        0 5.26e-15
    45.4        0        0        0        0        0        0 3.98e-15
    45.6        0        0        0        0        0        0 3.01e-15
    45.8        0        0        0        0        0        0 2.28e-15
      46        0        0        0        0        0        0 1.73e-15
    46.2        0        0        0        0        0        0 1.31e-15
    46.4        0        0        0        0        0        0 9.92e-16
    46.6        0        0        0        0        0        0 7.51e-16
    46.8        0        0        0        0        0        0 5.69e-16
      47        0        0        0        0        0        0 4.31e-16
    47.2        0        0        0        0        0        0 3.27e-16
    47.4        0        0        0        0        0        0 2.48e-16
    47.6        0        0        0        0        0        0 1.88e-16
    47.8        0        0        0        0        0        0 1.42e-16
      48        0        0        0        0        0        0 1.08e-16
    48.2        0        0        0        0        0        0 8.15e-17
    48.4        0        0        0        0        0        0 6.16e-17
    48.6        0        0        0        0        0        0 4.67e-17
    48.8        0        0        0        0        0        0 3.54e-17
      49        0        0        0        0        0        0 2.68e-17
    49.2        0        0        0        0        0        0 2.03e-17
    49.4        0        0        0        0        0        0 1.54e-17
    49.6        0        0        0        0        0        0 1.16e-17
    49.8        0        0        0        0        0        0 8.82e-18
      50        0        0        0        0        0        0 6.68e-18
    50.2        0        0        0        0        0        0 5.07e-18
    50.4        0        0        0        0        0        0 3.83e-18
    50.6        0        0        0        0        0        0 2.91e-18
    50.8        0        0        0        0        0        0  2.2e-18
      51        0        0        0        0        0        0 1.67e-18
    51.2        0        0        0        0        0        0 1.26e-18
    51.4        0        0        0        0        0        0 9.55e-19
    51.6        0        0        0        0        0        0 7.24e-19
    51.8        0        0        0        0        0        0 5.49e-19
      52        0        0        0        0        0        0 4.15e-19
    52.2        0        0        0        0        0        0 3.15e-19
    52.4        0        0        0        0        0        0 2.38e-19
    52.6        0        0        0        0        0        0 1.81e-19
    52.8        0        0        0        0        0        0 1.37e-19
      53        0        0        0        0        0        0 1.04e-19
    53.2        0        0        0        0        0        0 7.86e-20
    53.4        0        0        0        0        0        0 5.95e-20
    53.6        0        0        0        0        0        0  4.5e-20
    53.8        0        0        0        0        0        0 3.41e-20
      54        0        0        0        0        0        0 2.58e-20
    54.2        0        0        0        0        0        0 1.96e-20
    54.4        0        0        0        0        0        0 1.48e-20
    54.6        0        0        0        0        0        0 1.12e-20
    54.8        0        0        0        0        0        0 8.49e-21
      55        0        0        0        0        0        0 6.44e-21
    55.2        0        0        0        0        0        0 4.88e-21
    55.4        0        0        0        0        0        0  3.7e-21
    55.6        0        0        0        0        0        0  2.8e-21
    55.8        0        0        0        0        0        0 2.12e-21
      56        0        0        0        0        0        0 1.61e-21
    56.2        0        0        0        0        0        0 1.22e-21
    56.4        0        0        0        0        0        0 9.22e-22
    56.6        0        0        0        0        0        0 6.98e-22
    56.8        0        0        0        0        0        0 5.29e-22
      57        0        0        0        0        0        0 4.01e-22
    57.2        0        0        0        0        0        0 3.03e-22
    57.4        0        0        0        0        0        0  2.3e-22
    57.6        0        0        0        0        0        0 1.74e-22
    57.8        0        0        0        0        0        0 1.32e-22
      58        0        0        0        0        0        0 9.99e-23
    58.2        0        0        0        0        0        0 7.56e-23
    58.4        0        0        0        0        0        0 5.73e-23
    58.6        0        0        0        0        0        0 4.34e-23
    58.8        0        0        0        0        0        0 3.29e-23
      59        0        0        0        0        0        0 2.49e-23
    59.2        0        0        0        0        0        0 1.89e-23
    59.4        0        0        0        0        0        0 1.43e-23
    59.6        0        0        0        0        0        0 1.08e-23
    59.8        0        0        0        0        0        0  8.2e-24
      60        0        0        0        0        0        0 6.21e-24
    60.2        0        0        0        0        0        0  4.7e-24
    60.4        0        0        0        0        0        0 3.56e-24
    60.6        0        0        0        0        0        0  2.7e-24
    60.8        0        0        0        0        0        0 2.04e-24
      61        0        0        0        0        0        0 1.55e-24
    61.2        0        0        0        0        0        0 1.17e-24
    61.4        0        0        0        0        0        0 8.88e-25
    61.6        0        0        0        0        0        0 6.73e-25
    61.8        0        0        0        0        0        0  5.1e-25
      62        0        0        0        0        0        0 3.86e-25
    62.2        0        0        0        0        0        0 2.93e-25
    62.4        0        0        0        0        0        0 2.22e-25
    62.6        0        0        0        0        0        0 1.68e-25
    62.8        0        0        0        0        0        0 1.27e-25
      63        0        0        0        0        0        0 9.63e-26
    63.2        0        0        0        0        0        0  7.3e-26
    63.4        0        0        0        0        0        0 5.52e-26
    63.6        0        0        0        0        0        0 4.18e-26
    63.8        0        0        0        0        0        0 3.17e-26
      64        0        0        0        0        0        0  2.4e-26
    64.2        0        0        0        0        0        0 1.82e-26
    64.4        0        0        0        0        0        0 1.38e-26
    64.6        0        0        0        0        0        0 1.04e-26
    64.8        0        0        0        0        0        0  7.9e-27
      65        0        0        0        0        0        0 5.99e-27
    65.2        0        0        0        0        0        0 4.53e-27
    65.4        0        0        0        0        0        0 3.43e-27
    65.6        0        0        0        0        0        0  2.6e-27
    65.8        0        0        0        0        0        0 1.97e-27
      66        0        0        0        0        0        0 1.49e-27
    66.2        0        0        0        0        0        0 1.13e-27
    66.4        0        0        0        0        0        0 8.56e-28
    66.6        0        0        0        0        0        0 6.49e-28
    66.8        0        0        0        0        0        0 4.91e-28
      67        0        0        0        0        0        0 3.72e-28
    67.2        0        0        0        0        0        0 2.82e-28
    67.4        0        0        0        0        0        0 2.14e-28
    67.6        0        0        0        0        0        0 1.62e-28
    67.8        0        0        0        0        0        0 1.23e-28
      68        0        0        0        0        0        0 9.29e-29
    68.2        0        0        0        0        0        0 7.03e-29
    68.4        0        0        0        0        0        0 5.32e-29
    68.6        0        0        0        0        0        0 4.03e-29
    68.8        0        0        0        0        0        0 3.05e-29
      69        0        0        0        0        0        0 2.32e-29
    69.2        0        0        0        0        0        0 1.76e-29
    69.4        0        0        0        0        0        0 1.33e-29
    69.6        0        0        0        0        0        0 1.01e-29
    69.8        0        0        0        0        0        0 7.63e-30
      70        0        0        0        0        0        0 5.77e-30
    70.2        0        0        0        0        0        0 4.37e-30
    70.4        0        0        0        0        0        0 3.31e-30
    70.6        0        0        0        0        0        0 2.51e-30
    70.8        0        0        0        0        0        0  1.9e-30
      71        0        0        0        0        0        0 1.44e-30
    71.2        0        0        0        0        0        0 1.09e-30
    71.4        0        0        0        0        0        0 8.25e-31
    71.6        0        0        0        0        0        0 6.26e-31
    71.8        0        0        0        0        0        0 4.74e-31
      72        0        0        0        0        0        0 3.59e-31
    72.2        0        0        0        0        0        0 2.72e-31
    72.4        0        0        0        0        0        0 2.06e-31
    72.6        0        0        0        0        0        0 1.56e-31
    72.8        0        0        0        0        0        0 1.18e-31
      73        0        0        0        0        0        0 8.95e-32
    73.2        0        0        0        0        0        0 6.78e-32
    73.4        0        0        0        0        0        0 5.13e-32
    73.6        0        0        0        0        0        0 3.89e-32
    73.8        0        0        0        0        0        0 2.94e-32
      74        0        0        0        0        0        0 2.23e-32
    74.2        0        0        0        0        0        0 1.69e-32
    74.4        0        0        0        0        0        0 1.28e-32
    74.6        0        0        0        0        0        0  9.7e-33
    74.8        0        0        0        0        0        0 7.35e-33
      75        0        0        0        0        0        0 5.56e-33
    75.2        0        0        0        0        0        0 4.21e-33
    75.4        0        0        0        0        0        0 3.19e-33
    75.6        0        0        0        0        0        0 2.42e-33
    75.8        0        0        0        0        0        0 1.83e-33
      76        0        0        0        0        0        0 1.39e-33
    76.2        0        0        0        0        0        0 1.05e-33
    76.4        0        0        0        0        0        0 7.95e-34
    76.6        0        0        0        0        0        0 6.03e-34
    76.8        0        0        0        0        0        0 4.56e-34
      77        0        0        0        0        0        0 3.46e-34
    77.2        0        0        0        0        0        0 2.62e-34
    77.4        0        0        0        0        0        0 1.98e-34
    77.6        0        0        0        0        0        0  1.5e-34
    77.8        0        0        0        0        0        0 1.14e-34
      78        0        0        0        0        0        0 8.63e-35
    78.2        0        0        0        0        0        0 6.53e-35
    78.4        0        0        0        0        0        0 4.95e-35
    78.6        0        0        0        0        0        0 3.75e-35
    78.8        0        0        0        0        0        0 2.84e-35
      79        0        0        0        0        0        0 2.15e-35
    79.2        0        0        0        0        0        0 1.63e-35
    79.4        0        0        0        0        0        0 1.24e-35
    79.6        0        0        0        0        0        0 9.37e-36
    79.8        0        0        0        0        0        0 7.09e-36
      80        0        0        0        0        0        0 5.36e-36
    80.2        0        0        0        0        0        0 4.06e-36
    80.4        0        0        0        0        0        0 3.08e-36
    80.6        0        0        0        0        0        0 2.33e-36
    80.8        0        0        0        0        0        0 1.77e-36
      81        0        0        0        0        0        0 1.34e-36
    81.2        0        0        0        0        0        0 1.01e-36
    81.4        0        0        0        0        0        0 7.67e-37
    81.6        0        0        0        0        0        0 5.81e-37
    81.8        0        0        0        0        0        0  4.4e-37
      82        0        0        0        0        0        0 3.34e-37
    82.2        0        0        0        0        0        0 2.53e-37
    82.4        0        0        0        0        0        0 1.91e-37
    82.6        0        0        0        0        0        0 1.45e-37
    82.8        0        0        0        0        0        0  1.1e-37
      83        0        0        0        0        0        0 8.31e-38
    83.2        0        0        0        0        0        0  6.3e-38
    83.4        0        0        0        0        0        0 4.77e-38
    83.6        0        0        0        0        0        0 3.62e-38
    83.8        0        0        0        0        0        0 2.74e-38
      84        0        0        0        0        0        0 2.07e-38
    84.2        0        0        0        0        0        0 1.57e-38
    84.4        0        0        0        0        0        0 1.19e-38
    84.6        0        0        0        0        0        0 9.01e-39
    84.8        0        0        0        0        0        0 6.83e-39
      85        0        0        0        0        0        0 5.17e-39
    85.2        0        0        0        0        0        0 3.92e-39
    85.4        0        0        0        0        0        0 2.96e-39
    85.6        0        0        0        0        0        0 2.25e-39
    85.8        0        0        0        0        0        0  1.7e-39
      86        0        0        0        0        0        0 1.29e-39
    86.2        0        0        0        0        0        0 9.75e-40
    86.4        0        0        0        0        0        0 7.39e-40
    86.6        0        0        0        0        0        0  5.6e-40
    86.8        0        0        0        0        0        0 4.24e-40
      87        0        0        0        0        0        0 3.22e-40
    87.2        0        0        0        0        0        0 2.44e-40
    87.4        0        0        0        0        0        0 1.85e-40
    87.6        0        0        0        0        0        0  1.4e-40
    87.8        0        0        0        0        0        0 1.06e-40
      88        0        0        0        0        0        0 8.02e-41
    88.2        0        0        0        0        0        0 6.07e-41
    88.4        0        0        0        0        0        0  4.6e-41
    88.6        0        0        0        0        0        0 3.49e-41
    88.8        0        0        0        0        0        0 2.64e-41
      89        0        0        0        0        0        0    2e-41
    89.2        0        0        0        0        0        0 1.51e-41
    89.4        0        0        0        0        0        0 1.15e-41
    89.6        0        0        0        0        0        0 8.69e-42
    89.8        0        0        0        0        0        0 6.58e-42
      90        0        0        0        0        0        0 4.98e-42
    90.2        0        0        0        0        0        0 3.77e-42
    90.4        0        0        0        0        0        0 2.86e-42
    90.6        0        0        0        0        0        0 2.17e-42
    90.8        0        0        0        0        0        0 1.64e-42
      91        0        0        0        0        0        0 1.24e-42
    91.2        0        0        0        0        0        0  9.4e-43
    91.4        0        0        0        0        0        0 7.13e-43
    91.6        0        0        0        0        0        0  5.4e-43
    91.8        0        0        0        0        0        0 4.09e-43
      92        0        0        0        0        0        0  3.1e-43
    92.2        0        0        0        0        0        0 2.35e-43
    92.4        0        0        0        0        0        0 1.78e-43
    92.6        0        0        0        0        0        0 1.35e-43
    92.8        0        0        0        0        0        0 1.02e-43
      93        0        0        0        0        0        0 7.72e-44
    93.2        0        0        0        0        0        0 5.86e-44
    93.4        0        0        0        0        0        0 4.43e-44
    93.6        0        0        0        0        0        0 3.36e-44
    93.8        0        0        0        0        0        0 2.55e-44
      94        0        0        0        0        0        0 1.93e-44
    94.2        0        0        0        0        0        0 1.46e-44
    94.4        0        0        0        0        0        0 1.11e-44
    94.6        0        0        0        0        0        0 8.38e-45
    94.8        0        0        0        0        0        0 6.35e-45
      95        0        0        0        0        0        0 4.81e-45
    95.2        0        0        0        0        0        0 3.64e-45
    95.4        0        0        0        0        0        0 2.76e-45
    95.6        0        0        0        0        0        0 2.09e-45
    95.8        0        0        0        0        0        0 1.58e-45
      96        0        0        0        0        0        0  1.2e-45
    96.2        0        0        0        0        0        0 9.07e-46
    96.4        0        0        0        0        0        0 6.87e-46
    96.6        0        0        0        0        0        0 5.21e-46
    96.8        0        0        0        0        0        0 3.94e-46
      97        0        0        0        0        0        0 2.99e-46
    97.2        0        0        0        0        0        0 2.26e-46
    97.4        0        0        0        0        0        0 1.71e-46
    97.6        0        0        0        0        0        0  1.3e-46
    97.8        0        0        0        0        0        0 9.83e-47
      98        0        0        0        0        0        0 7.45e-47
    98.2        0        0        0        0        0        0 5.64e-47
    98.4        0        0        0        0        0        0 4.27e-47
    98.6        0        0        0        0        0        0 3.24e-47
    98.8        0        0        0        0        0        0 2.45e-47
      99        0        0        0        0        0        0 1.86e-47
    99.2        0        0        0        0        0        0 1.41e-47
    99.4        0        0        0        0        0        0 1.07e-47
    99.6        0        0        0        0        0        0 7.86e-48
    99.8        0        0        0        0        0        0 6.23e-48
