     -25        0        0        0        0        0        0 1.08e-08
   -24.8        0        0        0        0        0        0 1.28e-08
   -24.6        0        0        0        0        0        0  1.5e-08
   -24.4        0        0        0        0        0        0 1.78e-08
   -24.2        0        0        0        0        0        0  2.1e-08
     -24        0        0        0        0        0        0 2.48e-08
   -23.8        0        0        0        0        0        0 2.93e-08
   -23.6        0        0        0        0        0        0 3.46e-08
   -23.4        0        0        0        0        0        0 4.09e-08
   -23.2        0        0        0        0        0        0 4.83e-08
     -23        0        0        0        0        0        0 5.71e-08
   -22.8        0        0        0        0        0        0 6.74e-08
   -22.6        0        0        0        0        0        0 7.96e-08
   -22.4        0        0        0        0        0        0  9.4e-08
   -22.2        0        0        0        0        0        0 1.11e-07
     -22        0        0        0        0        0        0 1.31e-07
   -21.8        0        0        0        0        0        0 1.55e-07
   -21.6        0        0        0        0        0        0 1.83e-07
   -21.4        0        0        0        0        0        0 2.16e-07
   -21.2        0        0        0        0        0        0 2.56e-07
     -21        0        0        0        0        0        0 3.02e-07
   -20.8        0        0        0        0        0        0 3.57e-07
   -20.6        0        0        0        0        0        0 4.21e-07
   -20.4        0        0        0        0        0        0 4.98e-07
   -20.2        0        0        0        0        0        0 5.88e-07
     -20        0        0        0        0        0        0 6.95e-07
   -19.8        0        0        0        0        0        0 8.21e-07
   -19.6        0        0        0        0        0        0  9.7e-07
   -19.4        0        0        0        0        0        0 1.15e-06
   -19.2        0        0        0        0        0        0 1.35e-06
     -19        0        0        0        0        0        0  1.6e-06
   -18.8        0        0        0        0        0        0 1.89e-06
   -18.6        0        0        0        0        0        0 2.23e-06
   -18.4        0        0        0        0        0        0 2.64e-06
   -18.2        0        0        0        0        0        0 3.12e-06
     -18        0        0        0        0        0        0 3.68e-06
   -17.8        0        0        0        0        0        0 4.35e-06
   -17.6        0        0        0        0        0        0 5.14e-06
   -17.4        0        0        0        0        0        0 6.07e-06
   -17.2        0        0        0        0        0        0 7.17e-06
     -17        0        0        0        0        0        0 8.47e-06
   -16.8        0        0        0        0        0        0    1e-05
   -16.6        0        0        0        0        0        0 1.18e-05
   -16.4        0        0        0        0        0        0  1.4e-05
   -16.2        0        0        0        0        0        0 1.65e-05
     -16        0        0        0        0        0        0 1.95e-05
   -15.8        0        0        0        0        0        0  2.3e-05
   -15.6        0        0        0        0        0        0 2.72e-05
   -15.4        0        0        0        0        0        0 3.21e-05
   -15.2        0        0        0        0        0        0 3.79e-05
     -15        0        0        0        0        0        0 4.48e-05
   -14.8        0        0        0        0        0        0  5.3e-05
   -14.6        0        0        0        0        0        0 6.26e-05
   -14.4        0        0        0        0        0        0 7.39e-05
   -14.2        0        0        0        0        0        0 8.73e-05
     -14        0        0        0        0        0        0 0.000103
   -13.8        0        0        0        0        0        0 0.000122
   -13.6        0        0        0        0        0        0 0.000144
   -13.4        0        0        0        0        0        0  0.00017
   -13.2        0        0        0        0        0        0 0.000201
     -13        0        0        0        0        0        0 0.000237
   -12.8        0        0        0        0        0        0  0.00028
   -12.6        0        0        0        0        0        0 0.000331
   -12.4        0        0        0        0        0        0 0.000391
   -12.2        0        0        0        0        0        0 0.000461
     -12        0        0        0        0        0        0 0.000545
   -11.8        0        0        0        0        0        0 0.000643
   -11.6        0        0        0        0        0        0  0.00076
   -11.4        0        0        0        0        0        0 0.000897
   -11.2        0        0        0        0        0        0  0.00106
     -11        0        0        0        0        0        0  0.00125
   -10.8        0        0        0        0        0        0  0.00148
   -10.6        0        0        0        0        0        0  0.00174
   -10.4        0        0        0        0        0        0  0.00205
   -10.2        0        0        0        0        0        0  0.00242
     -10        0        0        0        0        0        0  0.00286
    -9.8        0        0        0        0        0        0  0.00337
    -9.6        0        0        0        0        0        0  0.00397
    -9.4        0        0        0        0        0        0  0.00467
    -9.2        0        0        0        0        0        0   0.0055
      -9        0        0        0        0        0        0  0.00646
    -8.8        0        0        0        0        0        0   0.0076
    -8.6        0        0        0        0        0        0  0.00892
    -8.4        0        0        0        0        0        0   0.0105
    -8.2        0        0        0        0        0        0   0.0123
      -8        0        0        0        0        0        0   0.0143
    -7.8        0        0        0        0        0        0   0.0168
    -7.6        0        0        0        0        0        0   0.0195
    -7.4        0        0        0        0        0        0   0.0227
    -7.2        0        0        0        0        0        0   0.0264
      -7        0        0        0        0        0        0   0.0306
    -6.8        0        0        0        0        0        0   0.0353
    -6.6        0        0        0        0        0        0   0.0407
    -6.4        0        0        0        0        0        0   0.0467
    -6.2        0        0        0        0        0        0   0.0533
      -6        0        0        0        0        0        0   0.0618
    -5.8        0        0        0        0        0        0   0.0693
    -5.6        0        0        0        0        0        0   0.0774
    -5.4        0        0        0        0        0        0   0.0864
    -5.2        0        0        0        0        0        0   0.0969
      -5        0        0        0        0        0        0    0.109
    -4.8        0        0        0        0        0        0    0.121
    -4.6        0        0        0        0        0        0    0.134
    -4.4        0        0        0        0        0        0    0.147
    -4.2        0        0        0        0        0        0     0.16
      -4        0        0        0        0        0        0    0.175
    -3.8        0        0        0        0        0        0    0.191
    -3.6        0        0        0        0        0        0    0.208
    -3.4        0        0        0        0        0        0    0.226
    -3.2        0        0        0        0        0        0    0.245
      -3        0        0        0        0        0        0    0.263
    -2.8        0        0        0        0        0        0    0.284
    -2.6        0        0        0        0        0        0    0.306
    -2.4        0        0        0        0        0        0    0.327
    -2.2        0        0        0        0        0        0    0.347
      -2        0        0        0        0        0        0    0.366
    -1.8        0        0        0        0        0        0    0.388
    -1.6        0        0        0        0        0        0     0.41
    -1.4        0        0        0        0        0        0    0.432
    -1.2        0        0        0        0        0        0    0.454
      -1        0        0        0        0        0        0    0.476
    -0.8        0        0        0        0        0        0    0.497
    -0.6        0        0        0        0        0        0    0.519
    -0.4        0        0        0        0        0        0     0.54
    -0.2        0        0        0        0        0        0    0.562
 1.6e-14        0        0        0        0        0        0    0.583
     0.2        0        0        0        0        0        0    0.604
     0.4        0        0        0        0        0        0    0.623
     0.6        0        0        0        0        0        0    0.642
     0.8        0        0        0        0        0        0    0.661
       1        0        0        0        0        0        0    0.679
     1.2        0        0        0        0        0        0    0.698
     1.4        0        0        0        0        0        0    0.716
     1.6        0        0        0        0        0        0    0.732
     1.8        0        0        0        0        0        0    0.748
       2        0        0        0        0        0        0    0.762
     2.2        0        0        0        0        0        0    0.775
     2.4        0        0        0        0        0        0    0.787
     2.6        0        0        0        0        0        0    0.799
     2.8        0        0        0        0        0        0     0.81
       3        0        0        0        0        0        0     0.82
     3.2        0        0        0        0        0        0    0.829
     3.4        0        0        0        0        0        0    0.837
     3.6        0        0        0        0        0        0    0.844
     3.8        0        0        0        0        0        0    0.851
       4        0        0        0        0        0        0    0.857
     4.2        0        0        0        0        0        0    0.862
     4.4        0        0        0        0        0        0    0.866
     4.6        0        0        0        0        0        0     0.87
     4.8        0        0        0        0        0        0    0.874
       5        0        0        0        0        0        0    0.877
     5.2        0        0        0        0        0        0     0.88
     5.4        0        0        0        0        0        0    0.882
     5.6        0        0        0        0        0        0    0.884
     5.8        0        0        0        0        0        0    0.886
       6        0        0        0        0        0        0    0.888
     6.2        0        0        0        0        0        0    0.889
     6.4        0        0        0        0        0        0     0.89
     6.6        0        0        0        0        0        0    0.891
     6.8        0        0        0        0        0        0    0.892
       7        0        0        0        0        0        0    0.893
     7.2        0        0        0        0        0        0    0.893
     7.4        0        0        0        0        0        0    0.894
     7.6        0        0        0        0        0        0    0.894
     7.8        0        0        0        0        0        0    0.894
       8        0        0        0        0        0        0    0.895
     8.2        0        0        0        0        0        0    0.895
     8.4        0        0        0        0        0        0    0.895
     8.6        0        0        0        0        0        0    0.895
     8.8        0        0        0        0        0        0    0.895
       9        0        0        0        0        0        0    0.895
     9.2        0        0        0        0        0        0    0.895
     9.4        0        0        0        0        0        0    0.895
     9.6        0        0        0        0        0        0    0.895
     9.8        0        0        0        0        0        0    0.895
      10        0        0        0        0        0        0    0.895
    10.2        0        0        0        0        0        0    0.894
    10.4        0        0        0        0        0        0    0.894
    10.6        0        0        0        0        0        0    0.894
    10.8        0        0        0        0        0        0    0.893
      11        0        0        0        0        0        0    0.893
    11.2        0        0        0        0        0        0    0.892
    11.4        0        0        0        0        0        0    0.891
    11.6        0        0        0        0        0        0     0.89
    11.8        0        0        0        0        0        0    0.889
      12        0        0        0        0        0        0    0.888
    12.2        0        0        0        0        0        0    0.886
    12.4        0        0        0        0        0        0    0.884
    12.6        0        0        0        0        0        0    0.882
    12.8        0        0        0        0        0        0     0.88
      13        0        0        0        0        0        0    0.877
    13.2        0        0        0        0        0        0    0.874
    13.4        0        0        0        0        0        0     0.87
    13.6        0        0        0        0        0        0    0.866
    13.8        0        0        0        0        0        0    0.862
      14        0        0        0        0        0        0    0.857
    14.2        0        0        0        0        0        0    0.851
    14.4        0        0        0        0        0        0    0.844
    14.6        0        0        0        0        0        0    0.837
    14.8        0        0        0        0        0        0    0.829
      15        0        0        0        0        0        0     0.82
    15.2        0        0        0        0        0        0     0.81
    15.4        0        0        0        0        0        0    0.799
    15.6        0        0        0        0        0        0    0.787
    15.8        0        0        0        0        0        0    0.775
      16        0        0        0        0        0        0    0.762
    16.2        0        0        0        0        0        0    0.748
    16.4        0        0        0        0        0        0    0.732
    16.6        0        0        0        0        0        0    0.716
    16.8        0        0        0        0        0        0    0.698
      17        0        0        0        0        0        0    0.679
    17.2        0        0        0        0        0        0    0.661
    17.4        0        0        0        0        0        0    0.642
    17.6        0        0        0        0        0        0    0.623
    17.8        0        0        0        0        0        0    0.604
      18        0        0        0        0        0        0    0.583
    18.2        0        0        0        0        0        0    0.562
    18.4        0        0        0        0        0        0     0.54
    18.6        0        0        0        0        0        0    0.519
    18.8        0        0        0        0        0        0    0.497
      19        0        0        0        0        0        0    0.476
    19.2        0        0        0        0        0        0    0.454
    19.4        0        0        0        0        0        0    0.432
    19.6        0        0        0        0        0        0     0.41
    19.8        0        0        0        0        0        0    0.388
      20        0        0        0        0        0        0    0.366
    20.2        0        0        0        0        0        0    0.347
    20.4        0        0        0        0        0        0    0.327
    20.6        0        0        0        0        0        0    0.306
    20.8        0        0        0        0        0        0    0.284
      21        0        0        0        0        0        0    0.263
    21.2        0        0        0        0        0        0    0.245
    21.4        0        0        0        0        0        0    0.226
    21.6        0        0        0        0        0        0    0.208
    21.8        0        0        0        0        0        0    0.191
      22        0        0        0        0        0        0    0.175
    22.2        0        0        0        0        0        0     0.16
    22.4        0        0        0        0        0        0    0.147
    22.6        0        0        0        0        0        0    0.134
    22.8        0        0        0        0        0        0    0.121
      23        0        0        0        0        0        0    0.109
    23.2        0        0        0        0        0        0   0.0969
    23.4        0        0        0        0        0        0   0.0864
    23.6        0        0        0        0        0        0   0.0774
    23.8        0        0        0        0        0        0   0.0693
      24        0        0        0        0        0        0   0.0618
    24.2        0        0        0        0        0        0   0.0533
    24.4        0        0        0        0        0        0   0.0467
    24.6        0        0        0        0        0        0   0.0407
    24.8        0        0        0        0        0        0   0.0353
      25        0        0        0        0        0        0   0.0306
    25.2        0        0        0        0        0        0   0.0264
    25.4        0        0        0        0        0        0   0.0227
    25.6        0        0        0        0        0        0   0.0195
    25.8        0        0        0        0        0        0   0.0168
      26        0        0        0        0        0        0   0.0143
    26.2        0        0        0        0        0        0   0.0123
    26.4        0        0        0        0        0        0   0.0105
    26.6        0        0        0        0        0        0  0.00892
    26.8        0        0        0        0        0        0   0.0076
      27        0        0        0        0        0        0  0.00646
    27.2        0        0        0        0        0        0   0.0055
    27.4        0        0        0        0        0        0  0.00467
    27.6        0        0        0        0        0        0  0.00397
    27.8        0        0        0        0        0        0  0.00337
      28        0        0        0        0        0        0  0.00286
    28.2        0        0        0        0        0        0  0.00242
    28.4        0        0        0        0        0        0  0.00205
    28.6        0        0        0        0        0        0  0.00174
    28.8        0        0        0        0        0        0  0.00148
      29        0        0        0        0        0        0  0.00125
    29.2        0        0        0        0        0        0  0.00106
    29.4        0        0        0        0        0        0 0.000897
    29.6        0        0        0        0        0        0  0.00076
    29.8        0        0        0        0        0        0 0.000643
      30        0        0        0        0        0        0 0.000545
    30.2        0        0        0        0        0        0 0.000461
    30.4        0        0        0        0        0        0 0.000391
    30.6        0        0        0        0        0        0 0.000331
    30.8        0        0        0        0        0        0  0.00028
      31        0        0        0        0        0        0 0.000237
    31.2        0        0        0        0        0        0 0.000201
    31.4        0        0        0        0        0        0  0.00017
    31.6        0        0        0        0        0        0 0.000144
    31.8        0        0        0        0        0        0 0.000122
      32        0        0        0        0        0        0 0.000103
    32.2        0        0        0        0        0        0 8.73e-05
    32.4        0        0        0        0        0        0 7.39e-05
    32.6        0        0        0        0        0        0 6.26e-05
    32.8        0        0        0        0        0        0  5.3e-05
      33        0        0        0        0        0        0 4.48e-05
    33.2        0        0        0        0        0        0 3.79e-05
    33.4        0        0        0        0        0        0 3.21e-05
    33.6        0        0        0        0        0        0 2.72e-05
    33.8        0        0        0        0        0        0  2.3e-05
      34        0        0        0        0        0        0 1.95e-05
    34.2        0        0        0        0        0        0 1.65e-05
    34.4        0        0        0        0        0        0  1.4e-05
    34.6        0        0        0        0        0        0 1.18e-05
    34.8        0        0        0        0        0        0    1e-05
      35        0        0        0        0        0        0 8.47e-06
    35.2        0        0        0        0        0        0 7.17e-06
    35.4        0        0        0        0        0        0 6.07e-06
    35.6        0        0        0        0        0        0 5.14e-06
    35.8        0        0        0        0        0        0 4.35e-06
      36        0        0        0        0        0        0 3.68e-06
    36.2        0        0        0        0        0        0 3.12e-06
    36.4        0        0        0        0        0        0 2.64e-06
    36.6        0        0        0        0        0        0 2.23e-06
    36.8        0        0        0        0        0        0 1.89e-06
      37        0        0        0        0        0        0  1.6e-06
    37.2        0        0        0        0        0        0 1.35e-06
    37.4        0        0        0        0        0        0 1.15e-06
    37.6        0        0        0        0        0        0  9.7e-07
    37.8        0        0        0        0        0        0 8.21e-07
      38        0        0        0        0        0        0 6.95e-07
    38.2        0        0        0        0        0        0 5.88e-07
    38.4        0        0        0        0        0        0 4.98e-07
    38.6        0        0        0        0        0        0 4.21e-07
    38.8        0        0        0        0        0        0 3.57e-07
      39        0        0        0        0        0        0 3.02e-07
    39.2        0        0        0        0        0        0 2.56e-07
    39.4        0        0        0        0        0        0 2.16e-07
    39.6        0        0        0        0        0        0 1.83e-07
    39.8        0        0        0        0        0        0 1.55e-07
      40        0        0        0        0        0        0 1.31e-07
    40.2        0        0        0        0        0        0 1.11e-07
    40.4        0        0        0        0        0        0  9.4e-08
    40.6        0        0        0        0        0        0 7.96e-08
    40.8        0        0        0        0        0        0 6.74e-08
      41        0        0        0        0        0        0 5.71e-08
    41.2        0        0        0        0        0        0 4.83e-08
    41.4        0        0        0        0        0        0 4.09e-08
    41.6        0        0        0        0        0        0 3.46e-08
    41.8        0        0        0        0        0        0 2.93e-08
      42        0        0        0        0        0        0 2.48e-08
    42.2        0        0        0        0        0        0  2.1e-08
    42.4        0        0        0        0        0        0 1.78e-08
    42.6        0        0        0        0        0        0  1.5e-08
    42.8        0        0        0        0        0        0 1.27e-08
      43        0        0        0        0        0        0 1.08e-08
    43.2        0        0        0        0        0        0  9.6e-09
    43.4        0        0        0        0        0        0 7.44e-09
    43.6        0        0        0        0        0        0 4.35e-09
    47.2        0        0        0        0        0        0 1.49e-09
    47.4        0        0        0        0        0        0        0
    47.6        0        0        0        0        0        0 2.33e-10
    47.8        0        0        0        0        0        0 1.97e-10
      48        0        0        0        0        0        0 1.67e-10
    48.2        0        0        0        0        0        0 1.48e-10
    48.4        0        0        0        0        0        0 1.15e-10
    48.6        0        0        0        0        0        0  6.9e-11
    51.5        0        0        0        0        0        0 2.62e-11
    51.7        0        0        0        0        0        0 1.29e-12
    51.9        0        0        0        0        0        0 6.48e-12
    52.1        0        0        0        0        0        0 5.48e-12
    52.3        0        0        0        0        0        0 4.64e-12
    52.5        0        0        0        0        0        0 3.93e-12
    52.7        0        0        0        0        0        0 3.33e-12
    52.9        0        0        0        0        0        0 2.82e-12
    53.1        0        0        0        0        0        0 2.38e-12
    53.3        0        0        0        0        0        0 2.02e-12
    53.5        0        0        0        0        0        0 1.71e-12
    53.7        0        0        0        0        0        0 1.45e-12
    53.9        0        0        0        0        0        0 1.22e-12
    54.1        0        0        0        0        0        0 1.04e-12
    54.3        0        0        0        0        0        0 8.78e-13
    54.5        0        0        0        0        0        0 7.42e-13
    54.7        0        0        0        0        0        0 6.28e-13
    54.9        0        0        0        0        0        0 5.32e-13
    55.1        0        0        0        0        0        0  4.5e-13
    55.3        0        0        0        0        0        0 3.81e-13
    55.5        0        0        0        0        0        0 3.23e-13
    55.7        0        0        0        0        0        0 2.73e-13
    55.9        0        0        0        0        0        0 2.31e-13
    56.1        0        0        0        0        0        0 1.96e-13
    56.3        0        0        0        0        0        0 1.66e-13
    56.5        0        0        0        0        0        0  1.4e-13
    56.7        0        0        0        0        0        0 1.19e-13
    56.9        0        0        0        0        0        0    1e-13
    57.1        0        0        0        0        0        0 8.49e-14
    57.3        0        0        0        0        0        0  7.2e-14
    57.5        0        0        0        0        0        0 6.09e-14
    57.7        0        0        0        0        0        0 5.16e-14
    57.9        0        0        0        0        0        0 4.37e-14
    58.1        0        0        0        0        0        0  3.7e-14
    58.3        0        0        0        0        0        0 3.13e-14
    58.5        0        0        0        0        0        0 2.65e-14
    58.7        0        0        0        0        0        0 2.24e-14
    58.9        0        0        0        0        0        0  1.9e-14
    59.1        0        0        0        0        0        0 1.61e-14
    59.3        0        0        0        0        0        0 1.36e-14
    59.5        0        0        0        0        0        0 1.15e-14
    59.7        0        0        0        0        0        0 9.74e-15
    59.9        0        0        0        0        0        0 8.25e-15
    60.1        0        0        0        0        0        0 6.98e-15
    60.3        0        0        0        0        0        0 5.91e-15
    60.5        0        0        0        0        0        0    5e-15
    60.7        0        0        0        0        0        0 4.23e-15
    60.9        0        0        0        0        0        0 3.58e-15
    61.1        0        0        0        0        0        0 3.03e-15
    61.3        0        0        0        0        0        0 2.57e-15
    61.5        0        0        0        0        0        0 2.17e-15
    61.7        0        0        0        0        0        0 1.84e-15
    61.9        0        0        0        0        0        0 1.56e-15
    62.1        0        0        0        0        0        0 1.32e-15
    62.3        0        0        0        0        0        0 1.12e-15
    62.5        0        0        0        0        0        0 9.46e-16
    62.7        0        0        0        0        0        0    8e-16
    62.9        0        0        0        0        0        0 6.77e-16
    63.1        0        0        0        0        0        0 5.73e-16
    63.3        0        0        0        0        0        0 4.85e-16
    63.5        0        0        0        0        0        0 4.11e-16
    63.7        0        0        0        0        0        0 3.48e-16
    63.9        0        0        0        0        0        0 2.94e-16
    64.1        0        0        0        0        0        0 2.49e-16
    64.3        0        0        0        0        0        0 2.11e-16
    64.5        0        0        0        0        0        0 1.78e-16
    64.7        0        0        0        0        0        0 1.51e-16
    64.9        0        0        0        0        0        0 1.28e-16
    65.1        0        0        0        0        0        0 1.08e-16
    65.3        0        0        0        0        0        0 9.16e-17
    65.5        0        0        0        0        0        0 7.75e-17
    65.7        0        0        0        0        0        0 6.56e-17
    65.9        0        0        0        0        0        0 5.55e-17
    66.1        0        0        0        0        0        0  4.7e-17
    66.3        0        0        0        0        0        0 3.98e-17
    66.5        0        0        0        0        0        0 3.37e-17
    66.7        0        0        0        0        0        0 2.85e-17
    66.9        0        0        0        0        0        0 2.41e-17
    67.1        0        0        0        0        0        0 2.04e-17
    67.3        0        0        0        0        0        0 1.73e-17
    67.5        0        0        0        0        0        0 1.46e-17
    67.7        0        0        0        0        0        0 1.24e-17
    67.9        0        0        0        0        0        0 1.05e-17
    68.1        0        0        0        0        0        0 8.88e-18
    68.3        0        0        0        0        0        0 7.52e-18
    68.5        0        0        0        0        0        0 6.37e-18
    68.7        0        0        0        0        0        0 5.39e-18
    68.9        0        0        0        0        0        0 4.56e-18
    69.1        0        0        0        0        0        0 3.86e-18
    69.3        0        0        0        0        0        0 3.27e-18
    69.5        0        0        0        0        0        0 2.77e-18
    69.7        0        0        0        0        0        0 2.34e-18
    69.9        0        0        0        0        0        0 1.98e-18
    70.1        0        0        0        0        0        0 1.68e-18
    70.3        0        0        0        0        0        0 1.42e-18
    70.5        0        0        0        0        0        0  1.2e-18
    70.7        0        0        0        0        0        0 1.02e-18
    70.9        0        0        0        0        0        0 8.62e-19
    71.1        0        0        0        0        0        0 7.29e-19
    71.3        0        0        0        0        0        0 6.17e-19
    71.5        0        0        0        0        0        0 5.22e-19
    71.7        0        0        0        0        0        0 4.42e-19
    71.9        0        0        0        0        0        0 3.74e-19
    72.1        0        0        0        0        0        0 3.17e-19
    72.3        0        0        0        0        0        0 2.68e-19
    72.5        0        0        0        0        0        0 2.27e-19
    72.7        0        0        0        0        0        0 1.92e-19
    72.9        0        0        0        0        0        0 1.63e-19
    73.1        0        0        0        0        0        0 1.38e-19
    73.3        0        0        0        0        0        0 1.17e-19
    73.5        0        0        0        0        0        0 9.87e-20
    73.7        0        0        0        0        0        0 8.35e-20
    73.9        0        0        0        0        0        0 7.07e-20
    74.1        0        0        0        0        0        0 5.99e-20
    74.3        0        0        0        0        0        0 5.07e-20
    74.5        0        0        0        0        0        0 4.29e-20
    74.7        0        0        0        0        0        0 3.63e-20
    74.9        0        0        0        0        0        0 3.07e-20
    75.1        0        0        0        0        0        0  2.6e-20
    75.3        0        0        0        0        0        0  2.2e-20
    75.5        0        0        0        0        0        0 1.86e-20
    75.7        0        0        0        0        0        0 1.58e-20
    75.9        0        0        0        0        0        0 1.34e-20
    76.1        0        0        0        0        0        0 1.13e-20
    76.3        0        0        0        0        0        0 9.57e-21
    76.5        0        0        0        0        0        0  8.1e-21
    76.7        0        0        0        0        0        0 6.86e-21
    76.9        0        0        0        0        0        0  5.8e-21
    77.1        0        0        0        0        0        0 4.91e-21
    77.3        0        0        0        0        0        0 4.16e-21
    77.5        0        0        0        0        0        0 3.52e-21
    77.7        0        0        0        0        0        0 2.98e-21
    77.9        0        0        0        0        0        0 2.52e-21
    78.1        0        0        0        0        0        0 2.13e-21
    78.3        0        0        0        0        0        0 1.81e-21
    78.5        0        0        0        0        0        0 1.53e-21
    78.7        0        0        0        0        0        0  1.3e-21
    78.9        0        0        0        0        0        0  1.1e-21
    79.1        0        0        0        0        0        0 9.29e-22
    79.3        0        0        0        0        0        0 7.86e-22
    79.5        0        0        0        0        0        0 6.65e-22
    79.7        0        0        0        0        0        0 5.63e-22
    79.9        0        0        0        0        0        0 4.76e-22
    80.1        0        0        0        0        0        0 4.03e-22
    80.3        0        0        0        0        0        0 3.41e-22
    80.5        0        0        0        0        0        0 2.89e-22
    80.7        0        0        0        0        0        0 2.45e-22
    80.9        0        0        0        0        0        0 2.07e-22
    81.1        0        0        0        0        0        0 1.75e-22
    81.3        0        0        0        0        0        0 1.48e-22
    81.5        0        0        0        0        0        0 1.26e-22
    81.7        0        0        0        0        0        0 1.06e-22
    81.9        0        0        0        0        0        0 8.99e-23
    82.1        0        0        0        0        0        0 7.61e-23
    82.3        0        0        0        0        0        0 6.45e-23
    82.5        0        0        0        0        0        0 5.46e-23
    82.7        0        0        0        0        0        0 4.62e-23
    82.9        0        0        0        0        0        0 3.91e-23
    83.1        0        0        0        0        0        0 3.31e-23
    83.3        0        0        0        0        0        0  2.8e-23
    83.5        0        0        0        0        0        0 2.37e-23
    83.7        0        0        0        0        0        0 2.01e-23
    83.9        0        0        0        0        0        0  1.7e-23
    84.1        0        0        0        0        0        0 1.44e-23
    84.3        0        0        0        0        0        0 1.22e-23
    84.5        0        0        0        0        0        0 1.03e-23
    84.7        0        0        0        0        0        0 8.73e-24
    84.9        0        0        0        0        0        0 7.39e-24
    85.1        0        0        0        0        0        0 6.25e-24
    85.3        0        0        0        0        0        0 5.29e-24
    85.5        0        0        0        0        0        0 4.48e-24
    85.7        0        0        0        0        0        0 3.79e-24
    85.9        0        0        0        0        0        0 3.21e-24
    86.1        0        0        0        0        0        0 2.72e-24
    86.3        0        0        0        0        0        0  2.3e-24
    86.5        0        0        0        0        0        0 1.95e-24
    86.7        0        0        0        0        0        0 1.65e-24
    86.9        0        0        0        0        0        0  1.4e-24
    87.1        0        0        0        0        0        0 1.18e-24
    87.3        0        0        0        0        0        0    1e-24
    87.5        0        0        0        0        0        0 8.47e-25
    87.7        0        0        0        0        0        0 7.16e-25
    87.9        0        0        0        0        0        0 6.06e-25
    88.1        0        0        0        0        0        0 5.13e-25
    88.3        0        0        0        0        0        0 4.34e-25
    88.5        0        0        0        0        0        0 3.68e-25
    88.7        0        0        0        0        0        0 3.11e-25
    88.9        0        0        0        0        0        0 2.63e-25
    89.1        0        0        0        0        0        0 2.23e-25
    89.3        0        0        0        0        0        0 1.89e-25
    89.5        0        0        0        0        0        0  1.6e-25
    89.7        0        0        0        0        0        0 1.35e-25
    89.9        0        0        0        0        0        0 1.14e-25
    90.1        0        0        0        0        0        0 9.69e-26
    90.3        0        0        0        0        0        0 8.21e-26
    90.5        0        0        0        0        0        0 6.95e-26
    90.7        0        0        0        0        0        0 5.88e-26
    90.9        0        0        0        0        0        0 4.98e-26
    91.1        0        0        0        0        0        0 4.21e-26
    91.3        0        0        0        0        0        0 3.57e-26
    91.5        0        0        0        0        0        0 3.02e-26
    91.7        0        0        0        0        0        0 2.56e-26
    91.9        0        0        0        0        0        0 2.16e-26
    92.1        0        0        0        0        0        0 1.83e-26
    92.3        0        0        0        0        0        0 1.55e-26
    92.5        0        0        0        0        0        0 1.31e-26
    92.7        0        0        0        0        0        0 1.11e-26
    92.9        0        0        0        0        0        0 9.39e-27
    93.1        0        0        0        0        0        0 7.95e-27
    93.3        0        0        0        0        0        0 6.74e-27
    93.5        0        0        0        0        0        0  5.7e-27
    93.7        0        0        0        0        0        0 4.83e-27
    93.9        0        0        0        0        0        0 4.09e-27
    94.1        0        0        0        0        0        0 3.46e-27
    94.3        0        0        0        0        0        0 2.93e-27
    94.5        0        0        0        0        0        0 2.48e-27
    94.7        0        0        0        0        0        0  2.1e-27
    94.9        0        0        0        0        0        0 1.78e-27
    95.1        0        0        0        0        0        0  1.5e-27
    95.3        0        0        0        0        0        0 1.27e-27
    95.5        0        0        0        0        0        0 1.08e-27
    95.7        0        0        0        0        0        0 9.12e-28
    95.9        0        0        0        0        0        0 7.72e-28
    96.1        0        0        0        0        0        0 6.53e-28
    96.3        0        0        0        0        0        0 5.53e-28
    96.5        0        0        0        0        0        0 4.68e-28
    96.7        0        0        0        0        0        0 3.96e-28
    96.9        0        0        0        0        0        0 3.35e-28
    97.1        0        0        0        0        0        0 2.84e-28
    97.3        0        0        0        0        0        0  2.4e-28
    97.5        0        0        0        0        0        0 2.03e-28
    97.7        0        0        0        0        0        0 1.72e-28
    97.9        0        0        0        0        0        0 1.46e-28
    98.1        0        0        0        0        0        0 1.23e-28
    98.3        0        0        0        0        0        0 1.04e-28
    98.5        0        0        0        0        0        0 8.84e-29
    98.7        0        0        0        0        0        0 7.47e-29
    98.9        0        0        0        0        0        0 6.33e-29
    99.1        0        0        0        0        0        0 5.36e-29
    99.3        0        0        0        0        0        0 4.54e-29
    99.5        0        0        0        0        0        0  3.8e-29
    99.7        0        0        0        0        0        0  3.2e-29
    99.9        0        0        0        0        0        0 2.97e-29
