     -25        0        0        0        0        0        0   0.0324
   -24.8        0        0        0        0        0        0   0.0335
   -24.6        0        0        0        0        0        0   0.0346
   -24.4        0        0        0        0        0        0   0.0357
   -24.2        0        0        0        0        0        0   0.0369
     -24        0        0        0        0        0        0   0.0381
   -23.8        0        0        0        0        0        0   0.0393
   -23.6        0        0        0        0        0        0   0.0406
   -23.4        0        0        0        0        0        0   0.0419
   -23.2        0        0        0        0        0        0   0.0432
     -23        0        0        0        0        0        0   0.0446
   -22.8        0        0        0        0        0        0   0.0461
   -22.6        0        0        0        0        0        0   0.0475
   -22.4        0        0        0        0        0        0   0.0491
   -22.2        0        0        0        0        0        0   0.0506
     -22        0        0        0        0        0        0   0.0522
   -21.8        0        0        0        0        0        0   0.0539
   -21.6        0        0        0        0        0        0   0.0556
   -21.4        0        0        0        0        0        0   0.0574
   -21.2        0        0        0        0        0        0   0.0592
     -21        0        0        0        0        0        0   0.0611
   -20.8        0        0        0        0        0        0    0.063
   -20.6        0        0        0        0        0        0    0.065
   -20.4        0        0        0        0        0        0    0.067
   -20.2        0        0        0        0        0        0   0.0691
     -20        0        0        0        0        0        0   0.0712
   -19.8        0        0        0        0        0        0   0.0735
   -19.6        0        0        0        0        0        0   0.0757
   -19.4        0        0        0        0        0        0   0.0781
   -19.2        0        0        0        0        0        0   0.0805
     -19        0        0        0        0        0        0    0.083
   -18.8        0        0        0        0        0        0   0.0855
   -18.6        0        0        0        0        0        0   0.0881
   -18.4        0        0        0        0        0        0   0.0908
   -18.2        0        0        0        0        0        0   0.0936
     -18        0        0        0        0        0        0   0.0964
   -17.8        0        0        0        0        0        0   0.0994
   -17.6        0        0        0        0        0        0    0.102
   -17.4        0        0        0        0        0        0    0.105
   -17.2        0        0        0        0        0        0    0.108
     -17        0        0        0        0        0        0    0.112
   -16.8        0        0        0        0        0        0    0.115
   -16.6        0        0        0        0        0        0    0.118
   -16.4        0        0        0        0        0        0    0.122
   -16.2        0        0        0        0        0        0    0.125
     -16        0        0        0        0        0        0    0.129
   -15.8        0        0        0        0        0        0    0.133
   -15.6        0        0        0        0        0        0    0.137
   -15.4        0        0        0        0        0        0     0.14
   -15.2        0        0        0        0        0        0    0.144
     -15        0        0        0        0        0        0    0.149
   -14.8        0        0        0        0        0        0    0.153
   -14.6        0        0        0        0        0        0    0.157
   -14.4        0        0        0        0        0        0    0.161
   -14.2        0        0        0        0        0        0    0.166
     -14        0        0        0        0        0        0     0.17
   -13.8        0        0        0        0        0        0    0.175
   -13.6        0        0        0        0        0        0     0.18
   -13.4        0        0        0        0        0        0    0.185
   -13.2        0        0        0        0        0        0     0.19
     -13        0        0        0        0        0        0    0.195
   -12.8        0        0        0        0        0        0      0.2
   -12.6        0        0        0        0        0        0    0.205
   -12.4        0        0        0        0        0        0     0.21
   -12.2        0        0        0        0        0        0    0.216
     -12        0        0        0        0        0        0    0.221
   -11.8        0        0        0        0        0        0    0.227
   -11.6        0        0        0        0        0        0    0.233
   -11.4        0        0        0        0        0        0    0.239
   -11.2        0        0        0        0        0        0    0.244
     -11        0        0        0        0        0        0     0.25
   -10.8        0        0        0        0        0        0    0.257
   -10.6        0        0        0        0        0        0    0.263
   -10.4        0        0        0        0        0        0    0.269
   -10.2        0        0        0        0        0        0    0.275
     -10        0        0        0        0        0        0    0.282
    -9.8        0        0        0        0        0        0    0.288
    -9.6        0        0        0        0        0        0    0.295
    -9.4        0        0        0        0        0        0    0.302
    -9.2        0        0        0        0        0        0    0.309
      -9        0        0        0        0        0        0    0.315
    -8.8        0        0        0        0        0        0    0.322
    -8.6        0        0        0        0        0        0    0.329
    -8.4        0        0        0        0        0        0    0.336
    -8.2        0        0        0        0        0        0    0.344
      -8        0        0        0        0        0        0    0.351
    -7.8        0        0        0        0        0        0    0.358
    -7.6        0        0        0        0        0        0    0.365
    -7.4        0        0        0        0        0        0    0.373
    -7.2        0        0        0        0        0        0     0.38
      -7        0        0        0        0        0        0    0.388
    -6.8        0        0        0        0        0        0    0.395
    -6.6        0        0        0        0        0        0    0.403
    -6.4        0        0        0        0        0        0     0.41
    -6.2        0        0        0        0        0        0    0.418
      -6        0        0        0        0        0        0    0.426
    -5.8        0        0        0        0        0        0    0.433
    -5.6        0        0        0        0        0        0    0.441
    -5.4        0        0        0        0        0        0    0.449
    -5.2        0        0        0        0        0        0    0.457
      -5        0        0        0        0        0        0    0.464
    -4.8        0        0        0        0        0        0    0.472
    -4.6        0        0        0        0        0        0     0.48
    -4.4        0        0        0        0        0        0    0.487
    -4.2        0        0        0        0        0        0    0.495
      -4        0        0        0        0        0        0    0.503
    -3.8        0        0        0        0        0        0    0.511
    -3.6        0        0        0        0        0        0    0.518
    -3.4        0        0        0        0        0        0    0.526
    -3.2        0        0        0        0        0        0    0.533
      -3        0        0        0        0        0        0    0.541
    -2.8        0        0        0        0        0        0    0.548
    -2.6        0        0        0        0        0        0    0.556
    -2.4        0        0        0        0        0        0    0.563
    -2.2        0        0        0        0        0        0    0.571
      -2        0        0        0        0        0        0    0.578
    -1.8        0        0        0        0        0        0    0.585
    -1.6        0        0        0        0        0        0    0.592
    -1.4        0        0        0        0        0        0    0.599
    -1.2        0        0        0        0        0        0    0.606
      -1        0        0        0        0        0        0    0.613
    -0.8        0        0        0        0        0        0     0.62
    -0.6        0        0        0        0        0        0    0.627
    -0.4        0        0        0        0        0        0    0.633
    -0.2        0        0        0        0        0        0     0.64
 1.6e-14        0        0        0        0        0        0    0.646
     0.2        0        0        0        0        0        0    0.653
     0.4        0        0        0        0        0        0    0.659
     0.6        0        0        0        0        0        0    0.665
     0.8        0        0        0        0        0        0    0.671
       1        0        0        0        0        0        0    0.677
     1.2        0        0        0        0        0        0    0.683
     1.4        0        0        0        0        0        0    0.689
     1.6        0        0        0        0        0        0    0.694
     1.8        0        0        0        0        0        0      0.7
       2        0        0        0        0        0        0    0.705
     2.2        0        0        0        0        0        0     0.71
     2.4        0        0        0        0        0        0    0.715
     2.6        0        0        0        0        0        0     0.72
     2.8        0        0        0        0        0        0    0.725
       3        0        0        0        0        0        0    0.729
     3.2        0        0        0        0        0        0    0.734
     3.4        0        0        0        0        0        0    0.738
     3.6        0        0        0        0        0        0    0.742
     3.8        0        0        0        0        0        0    0.746
       4        0        0        0        0        0        0     0.75
     4.2        0        0        0        0        0        0    0.754
     4.4        0        0        0        0        0        0    0.758
     4.6        0        0        0        0        0        0    0.761
     4.8        0        0        0        0        0        0    0.764
       5        0        0        0        0        0        0    0.768
     5.2        0        0        0        0        0        0    0.771
     5.4        0        0        0        0        0        0    0.774
     5.6        0        0        0        0        0        0    0.776
     5.8        0        0        0        0        0        0    0.779
       6        0        0        0        0        0        0    0.781
     6.2        0        0        0        0        0        0    0.783
     6.4        0        0        0        0        0        0    0.786
     6.6        0        0        0        0        0        0    0.788
     6.8        0        0        0        0        0        0    0.789
       7        0        0        0        0        0        0    0.791
     7.2        0        0        0        0        0        0    0.792
     7.4        0        0        0        0        0        0    0.794
     7.6        0        0        0        0        0        0    0.795
     7.8        0        0        0        0        0        0    0.796
       8        0        0        0        0        0        0    0.797
     8.2        0        0        0        0        0        0    0.798
     8.4        0        0        0        0        0        0    0.798
     8.6        0        0        0        0        0        0    0.798
     8.8        0        0        0        0        0        0    0.799
       9        0        0        0        0        0        0    0.799
     9.2        0        0        0        0        0        0    0.799
     9.4        0        0        0        0        0        0    0.798
     9.6        0        0        0        0        0        0    0.798
     9.8        0        0        0        0        0        0    0.798
      10        0        0        0        0        0        0    0.797
    10.2        0        0        0        0        0        0    0.796
    10.4        0        0        0        0        0        0    0.795
    10.6        0        0        0        0        0        0    0.794
    10.8        0        0        0        0        0        0    0.792
      11        0        0        0        0        0        0    0.791
    11.2        0        0        0        0        0        0    0.789
    11.4        0        0        0        0        0        0    0.788
    11.6        0        0        0        0        0        0    0.786
    11.8        0        0        0        0        0        0    0.783
      12        0        0        0        0        0        0    0.781
    12.2        0        0        0        0        0        0    0.779
    12.4        0        0        0        0        0        0    0.776
    12.6        0        0        0        0        0        0    0.774
    12.8        0        0        0        0        0        0    0.771
      13        0        0        0        0        0        0    0.768
    13.2        0        0        0        0        0        0    0.764
    13.4        0        0        0        0        0        0    0.761
    13.6        0        0        0        0        0        0    0.758
    13.8        0        0        0        0        0        0    0.754
      14        0        0        0        0        0        0     0.75
    14.2        0        0        0        0        0        0    0.746
    14.4        0        0        0        0        0        0    0.742
    14.6        0        0        0        0        0        0    0.738
    14.8        0        0        0        0        0        0    0.734
      15        0        0        0        0        0        0    0.729
    15.2        0        0        0        0        0        0    0.725
    15.4        0        0        0        0        0        0     0.72
    15.6        0        0        0        0        0        0    0.715
    15.8        0        0        0        0        0        0     0.71
      16        0        0        0        0        0        0    0.705
    16.2        0        0        0        0        0        0      0.7
    16.4        0        0        0        0        0        0    0.694
    16.6        0        0        0        0        0        0    0.689
    16.8        0        0        0        0        0        0    0.683
      17        0        0        0        0        0        0    0.677
    17.2        0        0        0        0        0        0    0.671
    17.4        0        0        0        0        0        0    0.665
    17.6        0        0        0        0        0        0    0.659
    17.8        0        0        0        0        0        0    0.653
      18        0        0        0        0        0        0    0.646
    18.2        0        0        0        0        0        0     0.64
    18.4        0        0        0        0        0        0    0.633
    18.6        0        0        0        0        0        0    0.627
    18.8        0        0        0        0        0        0     0.62
      19        0        0        0        0        0        0    0.613
    19.2        0        0        0        0        0        0    0.606
    19.4        0        0        0        0        0        0    0.599
    19.6        0        0        0        0        0        0    0.592
    19.8        0        0        0        0        0        0    0.585
      20        0        0        0        0        0        0    0.578
    20.2        0        0        0        0        0        0    0.571
    20.4        0        0        0        0        0        0    0.563
    20.6        0        0        0        0        0        0    0.556
    20.8        0        0        0        0        0        0    0.548
      21        0        0        0        0        0        0    0.541
    21.2        0        0        0        0        0        0    0.533
    21.4        0        0        0        0        0        0    0.526
    21.6        0        0        0        0        0        0    0.518
    21.8        0        0        0        0        0        0    0.511
      22        0        0        0        0        0        0    0.503
    22.2        0        0        0        0        0        0    0.495
    22.4        0        0        0        0        0        0    0.487
    22.6        0        0        0        0        0        0     0.48
    22.8        0        0        0        0        0        0    0.472
      23        0        0        0        0        0        0    0.464
    23.2        0        0        0        0        0        0    0.457
    23.4        0        0        0        0        0        0    0.449
    23.6        0        0        0        0        0        0    0.441
    23.8        0        0        0        0        0        0    0.433
      24        0        0        0        0        0        0    0.426
    24.2        0        0        0        0        0        0    0.418
    24.4        0        0        0        0        0        0     0.41
    24.6        0        0        0        0        0        0    0.403
    24.8        0        0        0        0        0        0    0.395
      25        0        0        0        0        0        0    0.388
    25.2        0        0        0        0        0        0     0.38
    25.4        0        0        0        0        0        0    0.373
    25.6        0        0        0        0        0        0    0.365
    25.8        0        0        0        0        0        0    0.358
      26        0        0        0        0        0        0    0.351
    26.2        0        0        0        0        0        0    0.344
    26.4        0        0        0        0        0        0    0.336
    26.6        0        0        0        0        0        0    0.329
    26.8        0        0        0        0        0        0    0.322
      27        0        0        0        0        0        0    0.315
    27.2        0        0        0        0        0        0    0.309
    27.4        0        0        0        0        0        0    0.302
    27.6        0        0        0        0        0        0    0.295
    27.8        0        0        0        0        0        0    0.288
      28        0        0        0        0        0        0    0.282
    28.2        0        0        0        0        0        0    0.275
    28.4        0        0        0        0        0        0    0.269
    28.6        0        0        0        0        0        0    0.263
    28.8        0        0        0        0        0        0    0.257
      29        0        0        0        0        0        0     0.25
    29.2        0        0        0        0        0        0    0.244
    29.4        0        0        0        0        0        0    0.239
    29.6        0        0        0        0        0        0    0.233
    29.8        0        0        0        0        0        0    0.227
      30        0        0        0        0        0        0    0.221
    30.2        0        0        0        0        0        0    0.216
    30.4        0        0        0        0        0        0     0.21
    30.6        0        0        0        0        0        0    0.205
    30.8        0        0        0        0        0        0      0.2
      31        0        0        0        0        0        0    0.195
    31.2        0        0        0        0        0        0     0.19
    31.4        0        0        0        0        0        0    0.185
    31.6        0        0        0        0        0        0     0.18
    31.8        0        0        0        0        0        0    0.175
      32        0        0        0        0        0        0     0.17
    32.2        0        0        0        0        0        0    0.166
    32.4        0        0        0        0        0        0    0.161
    32.6        0        0        0        0        0        0    0.157
    32.8        0        0        0        0        0        0    0.153
      33        0        0        0        0        0        0    0.149
    33.2        0        0        0        0        0        0    0.144
    33.4        0        0        0        0        0        0     0.14
    33.6        0        0        0        0        0        0    0.137
    33.8        0        0        0        0        0        0    0.133
      34        0        0        0        0        0        0    0.129
    34.2        0        0        0        0        0        0    0.125
    34.4        0        0        0        0        0        0    0.122
    34.6        0        0        0        0        0        0    0.118
    34.8        0        0        0        0        0        0    0.115
      35        0        0        0        0        0        0    0.112
    35.2        0        0        0        0        0        0    0.108
    35.4        0        0        0        0        0        0    0.105
    35.6        0        0        0        0        0        0    0.102
    35.8        0        0        0        0        0        0   0.0994
      36        0        0        0        0        0        0   0.0964
    36.2        0        0        0        0        0        0   0.0936
    36.4        0        0        0        0        0        0   0.0908
    36.6        0        0        0        0        0        0   0.0881
    36.8        0        0        0        0        0        0   0.0855
      37        0        0        0        0        0        0    0.083
    37.2        0        0        0        0        0        0   0.0805
    37.4        0        0        0        0        0        0   0.0781
    37.6        0        0        0        0        0        0   0.0757
    37.8        0        0        0        0        0        0   0.0735
      38        0        0        0        0        0        0   0.0712
    38.2        0        0        0        0        0        0   0.0691
    38.4        0        0        0        0        0        0    0.067
    38.6        0        0        0        0        0        0    0.065
    38.8        0        0        0        0        0        0    0.063
      39        0        0        0        0        0        0   0.0611
    39.2        0        0        0        0        0        0   0.0592
    39.4        0        0        0        0        0        0   0.0574
    39.6        0        0        0        0        0        0   0.0556
    39.8        0        0        0        0        0        0   0.0539
      40        0        0        0        0        0        0   0.0522
    40.2        0        0        0        0        0        0   0.0506
    40.4        0        0        0        0        0        0   0.0491
    40.6        0        0        0        0        0        0   0.0475
    40.8        0        0        0        0        0        0   0.0461
      41        0        0        0        0        0        0   0.0446
    41.2        0        0        0        0        0        0   0.0432
    41.4        0        0        0        0        0        0   0.0419
    41.6        0        0        0        0        0        0   0.0406
    41.8        0        0        0        0        0        0   0.0393
      42        0        0        0        0        0        0   0.0381
    42.2        0        0        0        0        0        0   0.0369
    42.4        0        0        0        0        0        0   0.0357
    42.6        0        0        0        0        0        0   0.0346
    42.8        0        0        0        0        0        0   0.0335
      43        0        0        0        0        0        0   0.0324
    43.2        0        0        0        0        0        0   0.0314
    43.4        0        0        0        0        0        0   0.0304
    43.6        0        0        0        0        0        0   0.0295
    43.8        0        0        0        0        0        0   0.0285
      44        0        0        0        0        0        0   0.0276
    44.2        0        0        0        0        0        0   0.0267
    44.4        0        0        0        0        0        0   0.0259
    44.6        0        0        0        0        0        0   0.0251
    44.8        0        0        0        0        0        0   0.0243
      45        0        0        0        0        0        0   0.0235
    45.2        0        0        0        0        0        0   0.0227
    45.4        0        0        0        0        0        0    0.022
    45.6        0        0        0        0        0        0   0.0213
    45.8        0        0        0        0        0        0   0.0206
      46        0        0        0        0        0        0     0.02
    46.2        0        0        0        0        0        0   0.0193
    46.4        0        0        0        0        0        0   0.0187
    46.6        0        0        0        0        0        0   0.0181
    46.8        0        0        0        0        0        0   0.0175
      47        0        0        0        0        0        0    0.017
    47.2        0        0        0        0        0        0   0.0164
    47.4        0        0        0        0        0        0   0.0159
    47.6        0        0        0        0        0        0   0.0154
    47.8        0        0        0        0        0        0   0.0149
      48        0        0        0        0        0        0   0.0144
    48.2        0        0        0        0        0        0   0.0139
    48.4        0        0        0        0        0        0   0.0135
    48.6        0        0        0        0        0        0    0.013
    48.8        0        0        0        0        0        0   0.0126
      49        0        0        0        0        0        0   0.0122
    49.2        0        0        0        0        0        0   0.0118
    49.4        0        0        0        0        0        0   0.0114
    49.6        0        0        0        0        0        0   0.0111
    49.8        0        0        0        0        0        0   0.0107
      50        0        0        0        0        0        0   0.0104
    50.2        0        0        0        0        0        0     0.01
    50.4        0        0        0        0        0        0  0.00971
    50.6        0        0        0        0        0        0  0.00939
    50.8        0        0        0        0        0        0  0.00909
      51        0        0        0        0        0        0  0.00879
    51.2        0        0        0        0        0        0  0.00851
    51.4        0        0        0        0        0        0  0.00823
    51.6        0        0        0        0        0        0  0.00796
    51.8        0        0        0        0        0        0   0.0077
      52        0        0        0        0        0        0  0.00745
    52.2        0        0        0        0        0        0  0.00721
    52.4        0        0        0        0        0        0  0.00698
    52.6        0        0        0        0        0        0  0.00675
    52.8        0        0        0        0        0        0  0.00653
      53        0        0        0        0        0        0  0.00632
    53.2        0        0        0        0        0        0  0.00611
    53.4        0        0        0        0        0        0  0.00591
    53.6        0        0        0        0        0        0  0.00572
    53.8        0        0        0        0        0        0  0.00553
      54        0        0        0        0        0        0  0.00535
    54.2        0        0        0        0        0        0  0.00518
    54.4        0        0        0        0        0        0  0.00501
    54.6        0        0        0        0        0        0  0.00485
    54.8        0        0        0        0        0        0  0.00469
      55        0        0        0        0        0        0  0.00453
    55.2        0        0        0        0        0        0  0.00439
    55.4        0        0        0        0        0        0  0.00424
    55.6        0        0        0        0        0        0  0.00411
    55.8        0        0        0        0        0        0  0.00397
      56        0        0        0        0        0        0  0.00384
    56.2        0        0        0        0        0        0  0.00372
    56.4        0        0        0        0        0        0   0.0036
    56.6        0        0        0        0        0        0  0.00348
    56.8        0        0        0        0        0        0  0.00336
      57        0        0        0        0        0        0  0.00325
    57.2        0        0        0        0        0        0  0.00315
    57.4        0        0        0        0        0        0  0.00305
    57.6        0        0        0        0        0        0  0.00295
    57.8        0        0        0        0        0        0  0.00285
      58        0        0        0        0        0        0  0.00276
    58.2        0        0        0        0        0        0  0.00267
    58.4        0        0        0        0        0        0  0.00258
    58.6        0        0        0        0        0        0  0.00249
    58.8        0        0        0        0        0        0  0.00241
      59        0        0        0        0        0        0  0.00233
    59.2        0        0        0        0        0        0  0.00226
    59.4        0        0        0        0        0        0  0.00218
    59.6        0        0        0        0        0        0  0.00211
    59.8        0        0        0        0        0        0  0.00204
      60        0        0        0        0        0        0  0.00198
    60.2        0        0        0        0        0        0  0.00191
    60.4        0        0        0        0        0        0  0.00185
    60.6        0        0        0        0        0        0  0.00179
    60.8        0        0        0        0        0        0  0.00173
      61        0        0        0        0        0        0  0.00167
    61.2        0        0        0        0        0        0  0.00162
    61.4        0        0        0        0        0        0  0.00157
    61.6        0        0        0        0        0        0  0.00151
    61.8        0        0        0        0        0        0  0.00147
      62        0        0        0        0        0        0  0.00142
    62.2        0        0        0        0        0        0  0.00137
    62.4        0        0        0        0        0        0  0.00133
    62.6        0        0        0        0        0        0  0.00128
    62.8        0        0        0        0        0        0  0.00124
      63        0        0        0        0        0        0   0.0012
    63.2        0        0        0        0        0        0  0.00116
    63.4        0        0        0        0        0        0  0.00112
    63.6        0        0        0        0        0        0  0.00109
    63.8        0        0        0        0        0        0  0.00105
      64        0        0        0        0        0        0  0.00102
    64.2        0        0        0        0        0        0 0.000982
    64.4        0        0        0        0        0        0 0.000951
    64.6        0        0        0        0        0        0 0.000919
    64.8        0        0        0        0        0        0 0.000889
      65        0        0        0        0        0        0  0.00086
    65.2        0        0        0        0        0        0 0.000832
    65.4        0        0        0        0        0        0 0.000805
    65.6        0        0        0        0        0        0 0.000778
    65.8        0        0        0        0        0        0 0.000753
      66        0        0        0        0        0        0 0.000728
    66.2        0        0        0        0        0        0 0.000704
    66.4        0        0        0        0        0        0 0.000681
    66.6        0        0        0        0        0        0 0.000659
    66.8        0        0        0        0        0        0 0.000637
      67        0        0        0        0        0        0 0.000616
    67.2        0        0        0        0        0        0 0.000596
    67.4        0        0        0        0        0        0 0.000577
    67.6        0        0        0        0        0        0 0.000558
    67.8        0        0        0        0        0        0  0.00054
      68        0        0        0        0        0        0 0.000522
    68.2        0        0        0        0        0        0 0.000505
    68.4        0        0        0        0        0        0 0.000488
    68.6        0        0        0        0        0        0 0.000472
    68.8        0        0        0        0        0        0 0.000457
      69        0        0        0        0        0        0 0.000442
    69.2        0        0        0        0        0        0 0.000427
    69.4        0        0        0        0        0        0 0.000413
    69.6        0        0        0        0        0        0   0.0004
    69.8        0        0        0        0        0        0 0.000387
      70        0        0        0        0        0        0 0.000374
    70.2        0        0        0        0        0        0 0.000362
    70.4        0        0        0        0        0        0  0.00035
    70.6        0        0        0        0        0        0 0.000338
    70.8        0        0        0        0        0        0 0.000327
      71        0        0        0        0        0        0 0.000317
    71.2        0        0        0        0        0        0 0.000306
    71.4        0        0        0        0        0        0 0.000296
    71.6        0        0        0        0        0        0 0.000287
    71.8        0        0        0        0        0        0 0.000277
      72        0        0        0        0        0        0 0.000268
    72.2        0        0        0        0        0        0 0.000259
    72.4        0        0        0        0        0        0 0.000251
    72.6        0        0        0        0        0        0 0.000243
    72.8        0        0        0        0        0        0 0.000235
      73        0        0        0        0        0        0 0.000227
    73.2        0        0        0        0        0        0 0.000219
    73.4        0        0        0        0        0        0 0.000212
    73.6        0        0        0        0        0        0 0.000205
    73.8        0        0        0        0        0        0 0.000199
      74        0        0        0        0        0        0 0.000192
    74.2        0        0        0        0        0        0 0.000186
    74.4        0        0        0        0        0        0  0.00018
    74.6        0        0        0        0        0        0 0.000174
    74.8        0        0        0        0        0        0 0.000168
      75        0        0        0        0        0        0 0.000163
    75.2        0        0        0        0        0        0 0.000157
    75.4        0        0        0        0        0        0 0.000152
    75.6        0        0        0        0        0        0 0.000147
    75.8        0        0        0        0        0        0 0.000142
      76        0        0        0        0        0        0 0.000138
    76.2        0        0        0        0        0        0 0.000133
    76.4        0        0        0        0        0        0 0.000129
    76.6        0        0        0        0        0        0 0.000125
    76.8        0        0        0        0        0        0  0.00012
      77        0        0        0        0        0        0 0.000117
    77.2        0        0        0        0        0        0 0.000113
    77.4        0        0        0        0        0        0 0.000109
    77.6        0        0        0        0        0        0 0.000105
    77.8        0        0        0        0        0        0  0.00011
    98.2        0        0        0        0        0        0 2.81e-05
    98.4        0        0        0        0        0        0 3.29e-06
    98.6        0        0        0        0        0        0 3.18e-06
    98.8        0        0        0        0        0        0 3.08e-06
      99        0        0        0        0        0        0 2.98e-06
    99.2        0        0        0        0        0        0 2.88e-06
    99.4        0        0        0        0        0        0 2.79e-06
    99.6        0        0        0        0        0        0  2.7e-06
    99.8        0        0        0        0        0        0  2.6e-06
