     -15    0.284    0.795        1   0.0114    0.135
   -14.6    0.293     0.81        1   0.0238    0.276
   -14.2    0.303    0.826        1   0.0236     0.26
   -13.8    0.312    0.841        1   0.0233    0.243
   -13.4    0.322    0.856        1   0.0243    0.241
     -13    0.332    0.871        1   0.0241    0.227
   -12.6    0.342    0.886        1    0.025    0.224
   -12.2    0.353      0.9        1   0.0248    0.211
   -11.8    0.363    0.915        1   0.0245    0.199
   -11.4    0.374    0.929        1   0.0254    0.197
     -11    0.385    0.943        1   0.0252    0.186
   -10.6    0.396    0.957        1    0.025    0.176
   -10.2    0.407    0.971        1   0.0259    0.173
    -9.8    0.419    0.984        1   0.0256    0.164
    -9.4     0.43    0.997        1   0.0254    0.155
      -9    0.442     1.01        1   0.0252    0.148
    -8.6    0.453     1.02        1   0.0249     0.14
    -8.2    0.465     1.03        1   0.0258    0.139
    -7.8    0.477     1.05        1   0.0256    0.132
    -7.4    0.489     1.06        1   0.0254    0.126
      -7    0.501     1.07        1   0.0252     0.12
    -6.6    0.513     1.08        1    0.025    0.114
    -6.2    0.525     1.09        1   0.0248    0.109
    -5.8    0.537      1.1        1   0.0246    0.104
    -5.4    0.549     1.11        1   0.0254    0.104
      -5    0.562     1.12        1   0.0253   0.0992
    -4.6    0.574     1.13        1   0.0241   0.0911
    -4.2    0.586     1.14        1   0.0239   0.0874
    -3.8    0.598     1.14        1   0.0247   0.0873
    -3.4    0.611     1.15        1   0.0246   0.0839
      -3    0.623     1.16        1   0.0234   0.0773
    -2.6    0.635     1.17        1   0.0242   0.0774
    -2.2    0.648     1.17        1   0.0241   0.0746
    -1.8     0.66     1.18        1    0.023   0.0689
    -1.4    0.672     1.18        1   0.0228   0.0665
      -1    0.684     1.19        1   0.0236   0.0667
    -0.6    0.697     1.19        1   0.0235   0.0644
    -0.2    0.709      1.2        1   0.0224   0.0597
     0.2    0.721      1.2        1   0.0223   0.0577
     0.6    0.733     1.21        1   0.0222   0.0559
       1    0.745     1.21        1   0.0221   0.0541
     1.4    0.757     1.21    0.894   0.0219   0.0524
     1.8    0.769     1.22     0.89   0.0209   0.0487
     2.2     0.78     1.22    0.885   0.0208   0.0472
     2.6    0.792     1.22     0.88   0.0216   0.0478
       3    0.804     1.23    0.875   0.0206   0.0445
     3.4    0.815     1.23     0.87   0.0205   0.0432
     3.8    0.827     1.23    0.865   0.0204   0.0421
     4.2    0.838     1.23    0.859   0.0203   0.0409
     4.6     0.85     1.23    0.854   0.0202   0.0398
       5    0.861     1.24    0.848   0.0193   0.0371
     5.4    0.872     1.24    0.842   0.0201   0.0378
     5.8    0.884     1.24    0.835     0.02   0.0368
     6.2    0.895     1.24    0.829    0.019   0.0343
     6.6    0.906     1.24    0.822   0.0189   0.0335
       7    0.917     1.24    0.816   0.0189   0.0327
     7.4    0.928     1.24    0.809   0.0196   0.0334
     7.8     0.94     1.24    0.802   0.0187   0.0312
     8.2     0.95     1.24    0.794   0.0186   0.0304
     8.6    0.962     1.24    0.787   0.0194   0.0311
       9    0.973     1.24    0.779   0.0185   0.0291
     9.4    0.984     1.24    0.771   0.0184   0.0284
     9.8    0.995     1.24    0.763   0.0217   0.0327
    10.2     1.01     1.24    0.755   0.0208   0.0308
    10.6     1.02     1.24    0.746   0.0166    0.024
      11     1.03     1.24    0.737   0.0165   0.0236
    11.4     1.04     1.24    0.728   0.0165   0.0231
    11.8     1.05     1.24    0.719   0.0164   0.0227
    12.2     1.06     1.24     0.71   0.0163   0.0223
    12.6     1.07     1.24    0.701   0.0163   0.0218
      13     1.08     1.24    0.691   0.0162   0.0214
    13.4     1.09     1.24    0.682   0.0162    0.021
    13.8      1.1     1.24    0.672   0.0242   0.0307
    14.2     1.12     1.24    0.662   0.0241   0.0302
    14.6     1.13     1.24    0.651    0.016   0.0196
      15     1.14     1.24    0.641    0.016   0.0192
    15.4     1.15     1.23    0.631   0.0159   0.0189
    15.8     1.16     1.23     0.62   0.0159   0.0186
    16.2     1.17     1.23     0.61   0.0158   0.0183
    16.6     1.18     1.23    0.599   0.0236   0.0267
      17      1.2     1.23    0.588   0.0236   0.0263
    17.4     1.21     1.22    0.577   0.0156   0.0171
    17.8     1.22     1.22    0.566   0.0156   0.0168
    18.2     1.23     1.22    0.555   0.0156   0.0165
    18.6     1.24     1.21    0.544   0.0232   0.0242
      19     1.26     1.21    0.533   0.0232   0.0238
    19.4     1.27     1.21    0.522   0.0154   0.0155
    19.8     1.28      1.2    0.511   0.0154   0.0153
    20.2     1.29      1.2      0.5   0.0153    0.015
    20.6      1.3     1.19    0.489   0.0229    0.022
      21     1.32     1.19    0.478   0.0228   0.0217
    21.4     1.33     1.18    0.466   0.0152   0.0141
    21.8     1.34     1.18    0.455   0.0151   0.0139
    22.2     1.35     1.17    0.444   0.0151   0.0137
    22.6     1.36     1.17    0.433   0.0225   0.0201
      23     1.38     1.16    0.423   0.0225   0.0198
    23.4     1.39     1.15    0.412   0.0149   0.0129
    23.8      1.4     1.14    0.401   0.0149   0.0128
    24.2     1.41     1.14    0.391   0.0223   0.0187
    24.6     1.43     1.13     0.38   0.0222   0.0185
      25     1.44     1.12     0.37   0.0148   0.0121
    25.4     1.45     1.11    0.359   0.0147   0.0119
    25.8     1.46      1.1    0.349    0.022   0.0175
    26.2     1.48     1.09    0.339    0.022   0.0172
    26.6     1.49     1.08    0.329   0.0146   0.0113
      27      1.5     1.07     0.32   0.0146   0.0111
    27.4     1.51     1.06     0.31   0.0145    0.011
    27.8     1.52     1.05    0.301   0.0217   0.0161
    28.2     1.54     1.03    0.292   0.0217   0.0159
    28.6     1.55     1.02    0.283   0.0144   0.0104
      29     1.56     1.01    0.274   0.0144   0.0103
    29.4     1.57    0.997    0.265   0.0143   0.0101
    29.8     1.58    0.984    0.256   0.0143     0.01
    30.2     1.59    0.971    0.248   0.0143  0.00989
    30.6      1.6    0.957     0.24   0.0214   0.0146
      31     1.62    0.943    0.232   0.0213   0.0144
    31.4     1.63    0.929    0.224   0.0142  0.00941
    31.8     1.64    0.915    0.217   0.0141   0.0093
    32.2     1.65    0.901    0.209   0.0141  0.00918
    32.6     1.66    0.886    0.202   0.0141  0.00907
      33     1.67    0.871    0.195    0.014  0.00896
    33.4     1.68    0.856    0.188    0.014  0.00886
    33.8     1.69    0.841    0.181    0.014  0.00875
    34.2      1.7    0.826    0.175    0.014  0.00865
    34.6     1.71     0.81    0.169   0.0139  0.00855
      35     1.72    0.795    0.163   0.0139  0.00845
    35.4     1.73    0.779    0.157  0.00695   0.0042
    35.8     1.73    0.764    0.151  0.00694  0.00415
    36.2     1.74    0.748    0.145   0.0139  0.00826
    36.6     1.75    0.733     0.14   0.0138  0.00816
      37     1.76    0.717    0.135   0.0138  0.00807
    37.4     1.77    0.702     0.13   0.0138  0.00798
    37.8     1.78    0.687    0.125  0.00688  0.00397
    38.2     1.78    0.671     0.12  0.00687  0.00392
    38.6     1.79    0.656    0.115   0.0137   0.0078
      39      1.8    0.641    0.111   0.0137  0.00772
    39.4     1.81    0.626    0.107  0.00684  0.00384
    39.8     1.81    0.611    0.103  0.00683  0.00379
    40.2     1.82    0.596   0.0986   0.0137  0.00755
    40.6     1.83    0.581   0.0947  0.00682  0.00375
      41     1.83    0.567    0.091  0.00681  0.00371
    41.4     1.84    0.553   0.0874  0.00681  0.00371
    41.8     1.84    0.538   0.0839  0.00679  0.00367
    42.2     1.85    0.524   0.0805   0.0136   0.0073
    42.6     1.86    0.511   0.0773  0.00678  0.00363
      43     1.86    0.497   0.0742  0.00677  0.00359
    43.4     1.87    0.484   0.0713  0.00677  0.00359
    43.8     1.87    0.471   0.0684  0.00676  0.00356
    44.2     1.88    0.458   0.0656  0.00676  0.00356
    44.6     1.88    0.445    0.063  0.00675  0.00352
      45     1.89    0.433   0.0604  0.00675  0.00352
    45.4     1.89     0.42   0.0579        0        0
    45.8     1.89    0.408   0.0555  0.00673  0.00348
    46.2      1.9    0.397   0.0532  0.00673  0.00348
    46.6      1.9    0.385   0.0511  0.00672  0.00344
      47     1.91    0.374    0.049  0.00672  0.00344
    47.4     1.91    0.363    0.047        0        0
    47.8     1.91    0.352    0.045  0.00671  0.00341
    48.2     1.92    0.341   0.0431  0.00671  0.00341
    48.6     1.92    0.331   0.0413        0        0
      49     1.92    0.321   0.0396   0.0067  0.00337
    49.4     1.93    0.311    0.038   0.0067  0.00337
    49.8     1.93    0.302   0.0364        0        0
    50.2     1.93    0.292   0.0349  0.00669  0.00334
    50.6     1.94    0.283   0.0334  0.00669  0.00334
      51     1.94    0.274    0.032        0        0
    51.4     1.94    0.266   0.0306        0        0
    51.8     1.94    0.257   0.0294  0.00668   0.0033
    52.2     1.95    0.249   0.0281  0.00668   0.0033
    52.6     1.95    0.241   0.0269        0        0
      53     1.95    0.233   0.0258        0        0
    53.4     1.95    0.226   0.0247        0        0
    53.8     1.95    0.218   0.0236  0.00666  0.00327
    54.2     1.96    0.211   0.0226  0.00666  0.00327
    54.6     1.96    0.204   0.0217        0        0
      55     1.96    0.197   0.0208        0        0
    55.4     1.96    0.191   0.0199        0        0
    55.8     1.96    0.184    0.019        0        0
    56.2     1.96    0.178   0.0182  0.00665  0.00324
    56.6     1.97    0.172   0.0175  0.00665  0.00324
      57     1.97    0.166   0.0167        0        0
    57.4     1.97    0.161    0.016        0        0
    57.8     1.97    0.155   0.0153        0        0
    58.2     1.97     0.15   0.0147        0        0
    58.6     1.97    0.145    0.014        0        0
      59     1.97     0.14   0.0134        0        0
    59.4     1.97    0.135   0.0128  0.00664   0.0032
    59.8     1.98     0.13   0.0123  0.00664   0.0032
    60.2     1.98    0.126   0.0118        0        0
    60.6     1.98    0.121   0.0113        0        0
      61     1.98    0.117   0.0108        0        0
    61.4     1.98    0.113   0.0103        0        0
    61.8     1.98    0.109  0.00987        0        0
    62.2     1.98    0.105  0.00944        0        0
    62.6     1.98    0.102  0.00903        0        0
      63     1.98    0.098  0.00865        0        0
    63.4     1.98   0.0946  0.00828        0        0
    63.8     1.98   0.0912  0.00792  0.00663  0.00317
    64.2     1.99    0.088  0.00757  0.00663  0.00317
    64.6     1.99   0.0849  0.00725        0        0
      65     1.99   0.0818  0.00693        0        0
    65.4     1.99   0.0789  0.00663        0        0
    65.8     1.99   0.0761  0.00635        0        0
    66.2     1.99   0.0734  0.00608        0        0
    66.6     1.99   0.0707  0.00581        0        0
      67     1.99   0.0682  0.00556        0        0
    67.4     1.99   0.0657  0.00532        0        0
    67.8     1.99   0.0633  0.00509        0        0
    68.2     1.99    0.061  0.00487        0        0
    68.6     1.99   0.0588  0.00466        0        0
      69     1.99   0.0567  0.00446        0        0
    69.4     1.99   0.0546  0.00427        0        0
    69.8     1.99   0.0526  0.00409        0        0
    70.2     1.99   0.0507  0.00391        0        0
    70.6     1.99   0.0488  0.00374        0        0
      71     1.99    0.047  0.00358        0        0
    71.4     1.99   0.0453  0.00343        0        0
    71.8     1.99   0.0436  0.00328        0        0
    72.2     1.99    0.042  0.00314        0        0
    72.6     1.99   0.0405    0.003        0        0
      73     1.99    0.039  0.00287        0        0
    73.4     1.99   0.0375  0.00274        0        0
    73.8     1.99   0.0361  0.00262        0        0
    74.2     1.99   0.0348  0.00251  0.00662  0.00314
    74.6        2   0.0335   0.0024  0.00662  0.00314
      75        2   0.0323  0.00229        0        0
    75.4        2   0.0311  0.00219        0        0
    75.8        2   0.0299   0.0021        0        0
    76.2        2   0.0288  0.00201        0        0
    76.6        2   0.0277  0.00192        0        0
      77        2   0.0267  0.00184        0        0
    77.4        2   0.0257  0.00176        0        0
    77.8        2   0.0247  0.00168        0        0
    78.2        2   0.0238  0.00161        0        0
    78.6        2   0.0229  0.00154        0        0
      79        2    0.022  0.00147        0        0
    79.4        2   0.0212  0.00141        0        0
    79.8        2   0.0204  0.00135        0        0
    80.2        2   0.0196  0.00129        0        0
    80.6        2   0.0189  0.00123        0        0
      81        2   0.0182  0.00118        0        0
    81.4        2   0.0175  0.00113        0        0
    81.8        2   0.0168  0.00108        0        0
    82.2        2   0.0162  0.00103        0        0
    82.6        2   0.0156 0.000987        0        0
      83        2    0.015 0.000945        0        0
    83.4        2   0.0144 0.000904        0        0
    83.8        2   0.0139 0.000865        0        0
    84.2        2   0.0133 0.000827        0        0
    84.6        2   0.0128 0.000791        0        0
      85        2   0.0123 0.000757        0        0
    85.4        2   0.0119 0.000723        0        0
    85.8        2   0.0114 0.000692        0        0
    86.2        2    0.011 0.000662        0        0
    86.6        2   0.0105 0.000634        0        0
      87        2   0.0101 0.000607        0        0
    87.4        2  0.00975  0.00058        0        0
    87.8        2  0.00938 0.000554        0        0
    88.2        2  0.00902  0.00053        0        0
    88.6        2  0.00867 0.000507        0        0
      89        2  0.00834 0.000485        0        0
    89.4        2  0.00802 0.000464        0        0
    89.8        2  0.00771 0.000444        0        0
    90.2        2  0.00741 0.000425        0        0
    90.6        2  0.00713 0.000406        0        0
      91        2  0.00685 0.000389        0        0
    91.4        2  0.00659 0.000372        0        0
    91.8        2  0.00633 0.000356        0        0
    92.2        2  0.00609  0.00034        0        0
    92.6        2  0.00585 0.000326        0        0
      93        2  0.00563 0.000311        0        0
    93.4        2  0.00541 0.000298        0        0
    93.8        2   0.0052 0.000285        0        0
    94.2        2    0.005 0.000272        0        0
    94.6        2   0.0048 0.000261        0        0
      95        2  0.00462 0.000249        0        0
    95.4        2  0.00443 0.000238        0        0
    95.8        2  0.00424 0.000228        0        0
    96.2        2  0.00405 0.000218        0        0
    96.6        2  0.00388 0.000209        0        0
      97        2  0.00371   0.0002        0        0
    97.4        2  0.00356 0.000191        0        0
    97.8        2  0.00343 0.000183        0        0
    98.2        2  0.00332 0.000175        0        0
    98.6        2  0.00323 0.000167        0        0
      99        2  0.00316  0.00016        0        0
    99.4        2  0.00312 0.000152        0        0
    99.8        2   0.0031 0.000148        0        0
