    -7.8  0.00737   0.0481        1   0.0207     71.2
    -7.4   0.0127   0.0647        1   0.0448      107
      -7     0.02   0.0845        1   0.0505     55.6
    -6.6   0.0292    0.107        1   0.0568     32.1
    -6.2   0.0411    0.131        1   0.0653     20.6
    -5.8   0.0564    0.164        1   0.0734     13.7
    -5.4    0.075    0.201        1   0.0802     9.29
      -5   0.0971     0.24        1   0.0869      6.5
    -4.6    0.123    0.283        1   0.0919     4.65
    -4.2    0.152    0.328        1   0.0981     3.44
    -3.8    0.186    0.376        1    0.104     2.62
    -3.4    0.223    0.424        1    0.106     1.97
      -3    0.263    0.472        1    0.109     1.53
    -2.6    0.307    0.519        1     0.11      1.2
    -2.2    0.352    0.564        1     0.11    0.947
    -1.8      0.4    0.608        1    0.111    0.773
    -1.4     0.45    0.648        1    0.109    0.625
      -1      0.5    0.685        1    0.106    0.509
    -0.6    0.551    0.717        1    0.103     0.42
    -0.2    0.601    0.744     1.14   0.0969    0.343
     0.2    0.649    0.766     1.17   0.0915    0.284
     0.6    0.696    0.783      1.2   0.0857    0.237
       1     0.74    0.793     1.24   0.0784    0.195
     1.4    0.781    0.797     1.29   0.0707    0.161
     1.8    0.818    0.798     1.33   0.0624    0.132
     2.2    0.851    0.796     1.38   0.0554    0.109
     2.6    0.881    0.791     1.42   0.0487   0.0907
       3    0.907    0.785     1.45   0.0422   0.0748
     3.4     0.93    0.777     1.48   0.0367   0.0624
     3.8     0.95    0.778     1.49   0.0322   0.0528
     4.2    0.968    0.775      1.5   0.0287   0.0455
     4.6    0.984    0.772      1.5   0.0268   0.0413
       5        1    0.771     1.48     0.03   0.0448
     5.4     1.02    0.772     1.45   0.0249   0.0364
     5.8     1.03    0.775     1.41   0.0247    0.035
     6.2     1.05    0.778     1.35   0.0328   0.0454
     6.6     1.07    0.777     1.28   0.0326   0.0437
       7     1.09    0.785      1.2   0.0404   0.0522
     7.4     1.12    0.791     1.11   0.0481   0.0598
     7.8     1.15    0.796     1.02   0.0477   0.0567
     8.2     1.18    0.798    0.922   0.0551   0.0624
     8.6     1.22    0.797    0.825   0.0624   0.0673
       9     1.26    0.793    0.731   0.0617   0.0631
     9.4      1.3    0.783    0.642   0.0686   0.0661
     9.8     1.35    0.766    0.563   0.0754   0.0687
    10.2      1.4    0.744    0.491   0.0745   0.0639
    10.6     1.45    0.717    0.424   0.0736   0.0595
      11      1.5    0.685    0.364   0.0728   0.0556
    11.4     1.55    0.648    0.309    0.072   0.0521
    11.8      1.6    0.608    0.262   0.0713   0.0489
    12.2     1.65    0.564    0.219   0.0635   0.0416
    12.6     1.69    0.519    0.182   0.0629   0.0392
      13     1.74    0.472     0.15   0.0624   0.0374
    13.4     1.78    0.424    0.121   0.0482   0.0278
    13.8     1.81    0.376   0.0977   0.0478   0.0266
    14.2     1.85    0.328   0.0791   0.0476   0.0257
    14.6     1.88    0.283   0.0632   0.0338   0.0178
      15      1.9     0.24    0.049   0.0269   0.0139
    15.4     1.92    0.201   0.0366   0.0268   0.0136
    15.8     1.94    0.164   0.0269   0.0267   0.0133
    16.2     1.96    0.131   0.0194     0.02  0.00981
    16.6     1.97    0.107   0.0138   0.0133  0.00644
      17     1.98   0.0845  0.00963   0.0133  0.00638
    17.4     1.99   0.0647  0.00664  0.00663  0.00317
    17.8     1.99   0.0481  0.00454  0.00662  0.00314
    18.2        2   0.0359  0.00309  0.00662  0.00314
    18.6        2    0.026  0.00209        0        0
      19        2   0.0169  0.00141        0        0
    19.4        2  0.00905 0.000951        0        0
    19.8        2  0.00497  0.00064        0        0
    20.2        2  0.00204 0.000429        0        0
    20.6        2  0.00043 0.000288        0        0
      21        2        0 0.000194        0        0
    21.4        2        0  0.00013        0        0
    21.8        2        0  8.7e-05        0        0
    22.2        2        0 5.84e-05        0        0
    22.6        2        0 3.91e-05        0        0
      23        2        0 2.62e-05        0        0
    23.4        2        0 1.76e-05        0        0
    23.8        2        0 1.18e-05        0        0
    24.2        2        0 7.91e-06        0        0
    24.6        2        0  5.3e-06        0        0
      25        2        0 3.55e-06        0        0
    25.4        2        0 2.38e-06        0        0
    25.8        2        0 1.59e-06        0        0
    26.2        2        0 1.07e-06        0        0
    26.6        2        0 7.17e-07        0        0
      27        2        0 4.81e-07        0        0
    27.4        2        0 3.22e-07        0        0
    27.8        2        0 2.16e-07        0        0
    28.2        2        0 1.45e-07        0        0
    28.6        2        0  9.7e-08        0        0
      29        2        0  6.5e-08        0        0
    29.4        2        0 4.36e-08        0        0
    29.8        2        0 2.92e-08        0        0
    30.2        2        0 1.96e-08        0        0
    30.6        2        0 1.31e-08        0        0
      31        2        0 8.81e-09        0        0
    31.4        2        0  5.9e-09        0        0
    31.8        2        0 3.96e-09        0        0
    32.2        2        0 2.65e-09        0        0
    32.6        2        0 1.78e-09        0        0
      33        2        0 1.19e-09        0        0
    33.4        2        0 7.98e-10        0        0
    33.8        2        0 5.35e-10        0        0
    34.2        2        0 3.59e-10        0        0
    34.6        2        0 2.41e-10        0        0
      35        2        0 1.62e-10        0        0
    35.4        2        0 1.08e-10        0        0
    35.8        2        0 7.07e-11        0        0
    36.3        2        0 4.54e-11        0        0
    36.7        2        0  2.9e-11        0        0
    37.1        2        0 1.97e-11        0        0
    37.5        2        0 1.32e-11        0        0
    37.9        2        0 8.87e-12        0        0
    38.3        2        0 5.94e-12        0        0
    38.7        2        0 3.98e-12        0        0
    39.1        2        0 2.67e-12        0        0
    39.5        2        0 1.79e-12        0        0
    39.9        2        0  1.2e-12        0        0
    40.3        2        0 8.05e-13        0        0
    40.7        2        0 5.39e-13        0        0
    41.1        2        0 3.62e-13        0        0
    41.5        2        0 2.44e-13        0        0
    41.9        2        0 1.56e-13        0        0
    42.5        2        0 8.92e-14        0        0
    43.3        2        0 4.39e-14        0        0
    43.9        2        0 2.09e-14        0        0
    44.5        2  1.4e-12  1.2e-14        0        0
    45.2        2 3.93e-12 6.31e-15        0        0
    45.6        2 4.88e-12 3.48e-15        0        0
    46.1        2 6.28e-12 2.39e-15        0        0
    46.6        2 7.18e-12 1.46e-15        0        0
    47.2        2 7.83e-12 8.66e-16        0        0
    47.7        2 7.59e-12 4.95e-16        0        0
    48.1        2 7.48e-12 3.15e-16        0        0
    48.5        2 6.81e-12 2.18e-16        0        0
    48.9        2 6.84e-12 1.48e-16        0        0
    49.3        2 6.06e-12 9.69e-17        0        0
    49.8        2 5.56e-12 6.21e-17        0        0
    50.2        2 4.57e-12 3.97e-17        0        0
    50.6        2 3.88e-12  2.7e-17        0        0
      51        2 3.94e-12 1.81e-17        0        0
    51.4        2 3.28e-12 1.22e-17        0        0
    51.8        2 3.07e-12 8.15e-18        0        0
    52.2        2 2.69e-12 5.46e-18        0        0
    52.6        2 2.09e-12 3.66e-18        0        0
      53        2 1.89e-12 2.46e-18        0        0
    53.4        2 1.84e-12 1.65e-18        0        0
    53.8        2 1.73e-12  1.1e-18        0        0
    54.2        2 1.83e-12  7.4e-19        0        0
    54.6        2 1.85e-12 4.96e-19        0        0
      55        2 2.08e-12 3.32e-19        0        0
    55.4        2 2.19e-12 2.23e-19        0        0
    55.8        2 2.19e-12 1.49e-19        0        0
    56.2        2 2.19e-12    1e-19        0        0
    56.6        2 2.19e-12 6.71e-20        0        0
      57        2 2.19e-12  4.5e-20        0        0
    57.4        2 2.19e-12 3.01e-20        0        0
    57.8        2 2.19e-12 2.02e-20        0        0
    58.2        2 2.19e-12 1.35e-20        0        0
    58.6        2 2.19e-12 9.08e-21        0        0
      59        2 2.19e-12 6.08e-21        0        0
    59.4        2 2.19e-12 4.08e-21        0        0
    59.8        2 2.19e-12 2.74e-21        0        0
    60.2        2 2.19e-12 1.83e-21        0        0
    60.6        2 2.19e-12 1.23e-21        0        0
      61        2 2.19e-12 8.23e-22        0        0
    61.4        2 2.19e-12 5.52e-22        0        0
    61.8        2 2.19e-12  3.7e-22        0        0
    62.2        2 2.19e-12 2.48e-22        0        0
    62.6        2 2.19e-12 1.66e-22        0        0
      63        2 2.19e-12 1.11e-22        0        0
    63.4        2 2.19e-12 7.47e-23        0        0
    63.8        2 2.19e-12 5.01e-23        0        0
    64.2        2 2.19e-12 3.36e-23        0        0
    64.6        2 2.19e-12 2.25e-23        0        0
      65        2 2.19e-12 1.51e-23        0        0
    65.4        2 2.19e-12 1.01e-23        0        0
    65.8        2 2.19e-12 6.77e-24        0        0
    66.2        2 2.19e-12 4.54e-24        0        0
    66.6        2 2.19e-12 3.05e-24        0        0
      67        2 2.19e-12 2.04e-24        0        0
    67.4        2 2.19e-12 1.37e-24        0        0
    67.8        2 2.19e-12 9.18e-25        0        0
    68.2        2 2.19e-12 6.16e-25        0        0
    68.6        2 2.19e-12 4.13e-25        0        0
      69        2 2.19e-12 2.76e-25        0        0
    69.4        2 2.19e-12 1.85e-25        0        0
    69.8        2 2.19e-12 1.24e-25        0        0
    70.2        2 2.19e-12 8.32e-26        0        0
    70.6        2 2.19e-12 5.57e-26        0        0
      71        2 2.19e-12 3.74e-26        0        0
    71.4        2 2.19e-12 2.51e-26        0        0
    71.8        2 2.19e-12 1.68e-26        0        0
    72.2        2 2.19e-12 1.13e-26        0        0
    72.6        2 2.19e-12 7.55e-27        0        0
      73        2 2.19e-12 5.06e-27        0        0
    73.4        2 2.19e-12 3.39e-27        0        0
    73.8        2 2.19e-12 2.27e-27        0        0
    74.2        2 2.19e-12 1.52e-27        0        0
    74.6        2 2.19e-12 1.02e-27        0        0
      75        2 2.19e-12 6.85e-28        0        0
    75.4        2 2.19e-12 4.59e-28        0        0
    75.8        2 2.19e-12 3.08e-28        0        0
    76.2        2 2.19e-12 2.06e-28        0        0
    76.6        2 2.19e-12 1.38e-28        0        0
      77        2 2.19e-12 9.26e-29        0        0
    77.4        2 2.19e-12 6.21e-29        0        0
    77.8        2 2.19e-12 4.16e-29        0        0
    78.2        2 2.19e-12 2.79e-29        0        0
    78.6        2 2.19e-12 1.87e-29        0        0
      79        2 2.19e-12 1.25e-29        0        0
    79.4        2 2.19e-12 8.41e-30        0        0
    79.8        2 2.19e-12 5.63e-30        0        0
    80.2        2 2.19e-12 3.77e-30        0        0
    80.6        2 2.19e-12 2.53e-30        0        0
      81        2 2.19e-12  1.7e-30        0        0
    81.4        2 2.19e-12 1.14e-30        0        0
    81.8        2 2.19e-12 7.63e-31        0        0
    82.2        2 2.19e-12 5.11e-31        0        0
    82.6        2 2.19e-12 3.43e-31        0        0
      83        2 2.19e-12  2.3e-31        0        0
    83.4        2 2.19e-12 1.54e-31        0        0
    83.8        2 2.19e-12 1.03e-31        0        0
    84.2        2 2.19e-12 6.92e-32        0        0
    84.6        2 2.19e-12 4.64e-32        0        0
      85        2 2.19e-12 3.11e-32        0        0
    85.4        2 2.19e-12 2.08e-32        0        0
    85.8        2 2.19e-12  1.4e-32        0        0
    86.2        2 2.19e-12 9.36e-33        0        0
    86.6        2 2.19e-12 6.27e-33        0        0
      87        2 2.19e-12  4.2e-33        0        0
    87.4        2 2.19e-12 2.82e-33        0        0
    87.8        2 2.19e-12 1.89e-33        0        0
    88.2        2 2.19e-12 1.27e-33        0        0
    88.6        2 2.19e-12 8.49e-34        0        0
      89        2 2.19e-12 5.69e-34        0        0
    89.4        2 2.19e-12 3.82e-34        0        0
    89.8        2 2.19e-12 2.56e-34        0        0
    90.2        2 2.19e-12 1.72e-34        0        0
    90.6        2 2.19e-12 1.15e-34        0        0
      91        2 2.19e-12 7.71e-35        0        0
    91.4        2 2.19e-12 5.17e-35        0        0
    91.8        2 2.19e-12 3.47e-35        0        0
    92.2        2 2.19e-12 2.32e-35        0        0
    92.6        2 2.19e-12 1.56e-35        0        0
      93        2 2.19e-12 1.04e-35        0        0
    93.4        2 2.19e-12    7e-36        0        0
    93.8        2 2.19e-12 4.69e-36        0        0
    94.2        2 2.19e-12 3.14e-36        0        0
    94.6        2 2.19e-12 2.11e-36        0        0
      95        2 2.19e-12 1.41e-36        0        0
    95.4        2 2.19e-12 9.46e-37        0        0
    95.8        2 2.19e-12 6.34e-37        0        0
    96.2        2 2.19e-12 4.25e-37        0        0
    96.6        2 2.19e-12 2.85e-37        0        0
      97        2 2.19e-12 1.91e-37        0        0
    97.4        2 2.19e-12 1.28e-37        0        0
    97.8        2 2.19e-12 8.59e-38        0        0
    98.2        2 2.19e-12 5.76e-38        0        0
    98.6        2 2.19e-12 3.86e-38        0        0
      99        2 2.19e-12 2.57e-38        0        0
    99.4        2 2.19e-12 1.67e-38        0        0
    99.8        2 2.19e-12 1.26e-38        0        0
