    -7.5  0.00539   0.0389        1   0.0223      115
    -7.1   0.0107   0.0529        1   0.0477      163
    -6.7   0.0181    0.071        1   0.0548     72.3
    -6.3   0.0281   0.0936        1   0.0615     38.3
    -5.9   0.0406    0.118        1   0.0683     22.3
    -5.5   0.0564    0.146        1   0.0756     14.2
    -5.1   0.0755    0.178        1   0.0833     9.51
    -4.7   0.0988    0.217        1   0.0892     6.56
    -4.3    0.125    0.257        1   0.0951     4.64
    -3.9    0.156    0.295        1    0.101     3.42
    -3.5     0.19    0.334        1    0.104     2.53
    -3.1    0.228     0.38        1    0.108     1.93
    -2.7    0.269    0.419        1    0.108     1.48
    -2.3    0.312    0.459        1    0.109     1.16
    -1.9    0.358      0.5        1    0.111    0.935
    -1.5    0.407     0.54        1    0.111    0.756
    -1.1    0.457    0.578        1    0.109    0.611
    -0.7    0.508    0.614        1    0.107    0.499
    -0.3    0.559    0.647        1    0.102    0.408
     0.1    0.609    0.676        1   0.0974    0.336
     0.5    0.658    0.701        1    0.093    0.282
     0.9    0.706    0.722        1   0.0871    0.235
     1.3    0.751    0.736     1.24    0.078     0.19
     1.7    0.791    0.745     1.28   0.0703    0.157
     2.1    0.829    0.751     1.34   0.0639    0.132
     2.5    0.863    0.755     1.39   0.0552    0.106
     2.9    0.892    0.754     1.44   0.0476   0.0868
     3.3    0.918    0.751     1.48   0.0412   0.0716
     3.7     0.94    0.745     1.52   0.0332   0.0555
     4.1    0.957    0.738     1.55   0.0271   0.0438
     4.5    0.972    0.732     1.58   0.0219   0.0345
     4.9    0.983    0.724     1.59   0.0151   0.0234
     5.3     0.99    0.713      1.6     0.01   0.0153
     5.7    0.995    0.702     1.61  0.00751   0.0114
     6.1    0.999    0.695     1.61  0.00417  0.00628
     6.5        1     0.69     1.61 0.000833  0.00125
     6.9        1    0.682     1.61 -0.000833 -0.00125
     7.3    0.999    0.684     1.61        0        0
     7.7        1    0.692     1.61 0.000833  0.00125
     8.1        1    0.698      1.6  0.00832   0.0124
     8.5     1.01    0.709     1.58  0.00832   0.0124
     8.9     1.01    0.721     1.56  0.00829   0.0121
     9.3     1.02    0.727     1.52   0.0166    0.024
     9.7     1.03    0.735     1.46   0.0247    0.035
    10.1     1.05    0.741     1.39   0.0328   0.0454
    10.5     1.07    0.749      1.3   0.0326   0.0437
    10.9     1.09    0.753     1.21   0.0404   0.0522
    11.3     1.12    0.754      1.1   0.0481   0.0598
    11.7     1.15    0.755    0.999   0.0556   0.0657
    12.1     1.19    0.748    0.893   0.0629   0.0707
    12.5     1.23     0.74     0.79   0.0622   0.0662
    12.9     1.27     0.73    0.695   0.0692   0.0693
    13.3     1.32    0.712    0.609    0.076   0.0718
    13.7     1.37    0.689    0.532    0.075   0.0667
    14.1     1.42    0.662    0.463   0.0741   0.0621
    14.5     1.47    0.631      0.4   0.0733   0.0579
    14.9     1.52    0.597    0.344   0.0725   0.0542
    15.3     1.57    0.559    0.292   0.0717   0.0508
    15.7     1.62     0.52    0.245    0.071   0.0477
    16.1     1.67     0.48    0.207   0.0633   0.0406
    16.5     1.71    0.439    0.171   0.0558   0.0342
    16.9     1.75    0.399    0.139   0.0553   0.0327
    17.3     1.79    0.359     0.11   0.0549   0.0312
    17.7     1.83    0.315   0.0883   0.0477   0.0263
    18.1     1.86    0.276   0.0725   0.0407   0.0217
    18.5     1.89    0.235   0.0579   0.0337   0.0176
    18.9     1.91    0.195   0.0436   0.0269   0.0137
    19.3     1.93    0.161   0.0317   0.0268   0.0134
    19.7     1.95    0.131   0.0222   0.0267   0.0132
    20.1     1.97    0.105   0.0151     0.02  0.00971
    20.5     1.98   0.0813     0.01   0.0133  0.00638
    20.9     1.99   0.0613  0.00651  0.00663  0.00317
    21.3     1.99   0.0451  0.00416  0.00662  0.00314
    21.7        2   0.0305  0.00263  0.00662  0.00314
    22.1        2   0.0224  0.00165        0        0
    22.5        2   0.0151  0.00103        0        0
    22.9        2  0.00664 0.000644        0        0
    23.3        2  0.00282 0.000401        0        0
    23.7        2        0 0.000249        0        0
    24.1        2        0 0.000155        0        0
    24.5        2        0 9.64e-05        0        0
    24.9        2        0 5.99e-05        0        0
    25.3        2        0 3.72e-05        0        0
    25.7        2        0 2.31e-05        0        0
    26.1        2        0 1.44e-05        0        0
    26.5        2        0 8.93e-06        0        0
    26.9        2        0 5.55e-06        0        0
    27.3        2        0 3.44e-06        0        0
    27.7        2        0 2.14e-06        0        0
    28.1        2        0 1.33e-06        0        0
    28.5        2        0 8.25e-07        0        0
    28.9        2        0 5.13e-07        0        0
    29.3        2        0 3.19e-07        0        0
    29.7        2        0 1.98e-07        0        0
    30.1        2        0 1.23e-07        0        0
    30.5        2        0 7.63e-08        0        0
    30.9        2        0 4.74e-08        0        0
    31.3        2        0 2.94e-08        0        0
    31.7        2        0 1.83e-08        0        0
    32.1        2        0 1.14e-08        0        0
    32.5        2        0 7.04e-09        0        0
    32.9        2        0 4.26e-09        0        0
    33.4        2        0 2.51e-09        0        0
    33.8        2        0 1.47e-09        0        0
    34.2        2        0 9.33e-10        0        0
    34.6        2        0 5.79e-10        0        0
      35        2        0  3.6e-10        0        0
    35.4        2        0 2.24e-10        0        0
    35.8        2        0 1.39e-10        0        0
    36.2        2        0 8.65e-11        0        0
    36.6        2        0  5.3e-11        0        0
    37.1        2        0 3.16e-11        0        0
    37.5        2        0 1.85e-11        0        0
    37.9        2        0  1.1e-11        0        0
    38.3        2        0  6.9e-12        0        0
    38.8        2        0 4.04e-12        0        0
    39.2        2        0 2.26e-12        0        0
    39.7        2        0 1.32e-12        0        0
    40.2        2        0  7.2e-13        0        0
    40.7        2        0 4.22e-13        0        0
    41.1        2        0 2.45e-13        0        0
    41.6        2        0 1.26e-13        0        0
    42.4        2        0 6.02e-14        0        0
    42.9        2        0 2.73e-14        0        0
    43.4        2        0 1.55e-14        0        0
      44        2        0 8.03e-15        0        0
    44.7        2        0  3.5e-15        0        0
    45.2        2        0  1.6e-15        0        0
    46.2        2        0 6.74e-16        0        0
      47        2        0 1.91e-16        0        0
    47.8        2        0 5.84e-17        0        0
    48.2        2 2.65e-12 3.46e-17        0        0
    48.6        2 3.14e-12 3.29e-17        0        0
