-25 9.58e-07 1.4e-05 1 9.29e-06
-24.6 1.07e-06 1.66e-05 1 1.89e-05
-24.2 1.19e-06 1.94e-05 1 2.27e-05
-23.8 1.36e-06 2.29e-05 1 2.92e-05
-23.4 1.58e-06 2.72e-05 1 3.7e-05
-23 1.88e-06 3.28e-05 1 4.7e-05
-22.6 2.28e-06 4.01e-05 1 5.97e-05
-22.2 2.83e-06 4.94e-05 1 7.49e-05
-21.8 3.56e-06 6.18e-05 1 9.11e-05
-21.4 4.51e-06 7.76e-05 1 0.000111
-21 5.77e-06 9.78e-05 1 0.000133
-20.6 7.38e-06 0.000124 1 0.000158
-20.2 9.48e-06 0.000156 1 0.000189
-19.8 1.22e-05 0.000198 1 0.000221
-19.4 1.56e-05 0.00025 1 0.000262
-19 2.01e-05 0.000317 1 0.000311
-18.6 2.58e-05 0.0004 1 0.00037
-18.2 3.33e-05 0.000506 1 0.000443
-17.8 4.3e-05 0.00064 1 0.000518
-17.4 5.52e-05 0.000808 1 0.000615
-17 7.13e-05 0.00102 1 0.000733
-16.6 9.19e-05 0.00129 1 0.000875
-16.2 0.000119 0.00163 1 0.00105
-15.8 0.000154 0.00207 1 0.00125
-15.4 0.0002 0.00261 1 0.0015
-15 0.00026 0.00331 1 0.0018
-14.6 0.000339 0.00418 1 0.00219
-14.2 0.000445 0.00528 1 0.00268
-13.8 0.000586 0.00669 1 0.00327
-13.4 0.000776 0.00846 1 0.004
-13 0.00103 0.0107 1 0.00494
-12.6 0.00138 0.0135 1 0.00602
-12.2 0.00184 0.017 1 0.00741
-11.8 0.00248 0.0215 1 0.0091
-11.4 0.00333 0.0269 1 0.0111
-11 0.00448 0.0338 1 0.0134
-10.6 0.00601 0.0421 1 0.0162
-10.2 0.00805 0.0522 1 0.0194
-9.8 0.0107 0.0645 1 0.0227
-9.4 0.0141 0.079 1 0.0267
-9 0.0185 0.0962 1 0.0313
-8.6 0.0241 0.116 1 0.0359
-8.2 0.031 0.139 1 0.0407
-7.8 0.0395 0.166 1 0.0458
-7.4 0.0498 0.195 1 0.051
-7 0.0621 0.228 1 0.0563
-6.6 0.0766 0.264 1 0.0615
-6.2 0.0935 0.302 1 0.0667
-5.8 0.113 0.344 1 0.0714
-5.4 0.135 0.388 1 0.0747
-5 0.159 0.433 1 0.0798
-4.6 0.187 0.48 1 0.0845
-4.2 0.217 0.528 1 0.086
-3.8 0.249 0.575 1 0.0887
-3.4 0.284 0.622 1 0.0913
-3 0.321 0.668 1 0.0925
-2.6 0.36 0.711 1 0.0926
-2.2 0.4 0.752 1 0.0916
-1.8 0.441 0.79 1 0.0909
-1.4 0.483 0.823 1 0.0893
-1 0.525 0.853 1 0.0868
-0.6 0.567 0.877 1 0.0836
-0.2 0.608 0.897 1 0.0797
0.2 0.648 0.912 1 0.0761
0.6 0.687 0.922 1 0.0718
1 0.724 0.927 1 0.0659
1.4 0.758 0.928 1.1 0.0613
1.8 0.791 0.924 1.11 0.0559
2.2 0.82 0.917 1.11 0.0499
2.6 0.847 0.907 1.12 0.0458
3 0.872 0.895 1.13 0.0402
3.4 0.893 0.881 1.13 0.0346
3.8 0.912 0.865 1.14 0.0309
4.2 0.929 0.849 1.14 0.0265
4.6 0.943 0.832 1.14 0.0213
5 0.954 0.815 1.15 0.0178
5.4 0.964 0.799 1.15 0.0152
5.8 0.972 0.784 1.15 0.0126
6.2 0.979 0.771 1.15 0.0101
6.6 0.984 0.758 1.15 0.00754
7 0.988 0.747 1.15 0.00586
7.4 0.991 0.738 1.16 0.00418
7.8 0.993 0.729 1.16 0.00334
8.2 0.995 0.722 1.16 0.0025
8.6 0.996 0.717 1.16 0.00167
9 0.997 0.712 1.16 0.00167
9.4 0.998 0.709 1.16 0.000834
9.8 0.998 0.706 1.16 0.000834
10.2 0.999 0.704 1.16 0.000834
10.6 0.999 0.703 1.16 0
11 0.999 0.703 1.16 0.000833
11.4 1 0.703 1.16 0.000833
11.8 1 0.704 1.16 0
12.2 1 0.706 1.16 0
12.6 1 0.709 1.16 0
13 1 0.712 1.15 0
13.4 1 0.717 1.15 0
13.8 1 0.722 1.14 0.00832
14.2 1.01 0.729 1.14 0.00832
14.6 1.01 0.738 1.14 0
15 1.01 0.747 1.13 0.00829
15.4 1.02 0.758 1.12 0.00829
15.8 1.02 0.771 1.1 0.00827
16.2 1.03 0.784 1.09 0.0165
16.6 1.04 0.799 1.07 0.0165
17 1.05 0.815 1.05 0.0164
17.4 1.06 0.832 1.02 0.0163
17.8 1.07 0.849 0.988 0.0244
18.2 1.09 0.865 0.952 0.0324
18.6 1.11 0.881 0.913 0.0322
19 1.13 0.895 0.87 0.032
19.4 1.15 0.907 0.824 0.0397
19.8 1.18 0.917 0.774 0.0473
20.2 1.21 0.924 0.723 0.0469
20.6 1.24 0.928 0.671 0.0542
21 1.28 0.927 0.618 0.0538
21.4 1.31 0.922 0.566 0.0532
21.8 1.35 0.912 0.515 0.0603
22.2 1.39 0.897 0.465 0.0597
22.6 1.43 0.877 0.418 0.0592
23 1.47 0.853 0.374 0.0659
23.4 1.52 0.823 0.332 0.0653
23.8 1.56 0.79 0.292 0.0575
24.2 1.6 0.752 0.256 0.057
24.6 1.64 0.711 0.223 0.0565
25 1.68 0.668 0.193 0.0561
25.4 1.72 0.622 0.166 0.0487
25.8 1.75 0.575 0.142 0.0415
26.2 1.78 0.528 0.121 0.0413
26.6 1.81 0.48 0.101 0.041
27 1.84 0.433 0.0848 0.0408
27.4 1.87 0.388 0.0703 0.0339
27.8 1.89 0.344 0.0579 0.027
28.2 1.91 0.302 0.0474 0.0202
28.6 1.92 0.264 0.0386 0.0201
29 1.94 0.228 0.0312 0.0201
29.4 1.95 0.195 0.0251 0.0133
29.8 1.96 0.166 0.02 0.0133
30.2 1.97 0.139 0.0159 0.0133
30.6 1.98 0.116 0.0126 0.00664
31 1.98 0.0962 0.00999 0.00663
31.4 1.99 0.079 0.00787 0.00663
31.8 1.99 0.0645 0.00619 0
32.2 1.99 0.0522 0.00485 0
32.6 1.99 0.0421 0.0038 0.00662
33 2 0.0338 0.00297 0.00662
33.4 2 0.0269 0.00232 0
33.8 2 0.0215 0.00181 0
34.2 2 0.017 0.00142 0
34.6 2 0.0135 0.0011 0
35 2 0.0107 0.000861 0
35.4 2 0.00846 0.000671 0
35.8 2 0.00669 0.000523 0
36.2 2 0.00528 0.000408 0
36.6 2 0.00418 0.000318 0
37 2 0.00331 0.000248 0
37.4 2 0.00261 0.000193 0
37.8 2 0.00207 0.00015 0
38.2 2 0.00163 0.000117 0
38.6 2 0.00129 9.11e-05 0
39 2 0.00102 7.1e-05 0
39.4 2 0.000808 5.53e-05 0
39.8 2 0.00064 4.31e-05 0
40.2 2 0.000506 3.36e-05 0
40.6 2 0.0004 2.61e-05 0
41 2 0.000317 2.04e-05 0
41.4 2 0.00025 1.59e-05 0
41.8 2 0.000198 1.23e-05 0
42.2 2 0.000156 9.61e-06 0
42.6 2 0.000124 7.49e-06 0
43 2 9.76e-05 5.84e-06 0
43.4 2 7.71e-05 4.54e-06 0
43.8 2 6.09e-05 3.54e-06 0
44.2 2 4.8e-05 2.75e-06 0
44.6 2 3.8e-05 2.14e-06 0
45 2 3e-05 1.67e-06 0
45.4 2 2.37e-05 1.3e-06 0
45.8 2 1.87e-05 1.01e-06 0
46.2 2 1.48e-05 7.9e-07 0
46.6 2 1.16e-05 6.15e-07 0
47 2 9.2e-06 4.79e-07 0
47.4 2 7.26e-06 3.73e-07 0
47.8 2 5.73e-06 2.9e-07 0
48.2 2 4.53e-06 2.26e-07 0
48.6 2 3.56e-06 1.76e-07 0
49 2 2.8e-06 1.37e-07 0
49.4 2 2.21e-06 1.07e-07 0
49.8 2 1.74e-06 8.33e-08 0
50.2 2 1.37e-06 6.48e-08 0
50.6 2 1.08e-06 5.05e-08 0
51 2 8.51e-07 3.93e-08 0
51.4 2 6.71e-07 3.06e-08 0
51.8 2 5.28e-07 2.38e-08 0
52.2 2 4.16e-07 1.86e-08 0
52.6 2 3.28e-07 1.45e-08 0
53 2 2.57e-07 1.13e-08 0
53.4 2 2.02e-07 8.78e-09 0
53.8 2 1.59e-07 6.84e-09 0
54.2 2 1.26e-07 5.32e-09 0
54.6 2 9.94e-08 4.14e-09 0
55 2 7.84e-08 3.23e-09 0
55.4 2 6.17e-08 2.51e-09 0
55.8 2 4.83e-08 1.96e-09 0
56.2 2 3.81e-08 1.53e-09 0
56.6 2 2.99e-08 1.19e-09 0
57 2 2.34e-08 9.24e-10 0
57.4 2 1.82e-08 7.19e-10 0
57.8 2 1.42e-08 5.6e-10 0
58.2 2 1.13e-08 4.36e-10 0
58.6 2 9.06e-09 3.4e-10 0
59 2 7.31e-09 2.65e-10 0
59.4 2 5.79e-09 2.06e-10 0
59.8 2 4.71e-09 1.61e-10 0
60.2 2 4.08e-09 1.25e-10 0
60.6 2 3.55e-09 9.68e-11 0
61.1 2 2.88e-09 7.37e-11 0
61.5 2 2.66e-09 5.52e-11 0
62 2 2.46e-09 4.12e-11 0
62.5 2 2.37e-09 3.06e-11 0
62.9 2 2.28e-09 2.14e-11 0
63.6 2 2.29e-09 1.41e-11 0
64.4 2 2.39e-09 9.24e-12 0
64.8 2 2.53e-09 6.4e-12 0
65.8 2 2.68e-09 4.23e-12 0
66.9 2 2.74e-09 2.29e-12 0
67.4 2 2.81e-09 1.29e-12 0
68 2 2.58e-09 9.1e-13 0
68.6 2 2.47e-09 6.61e-13 0
69.3 2 2.52e-09 4.38e-13 0
69.7 2 2.57e-09 2.98e-13 0
71 2 2.48e-09 1.93e-13 0
71.5 2 2.58e-09 1.05e-13 0
72.2 2 2.61e-09 6.14e-14 0
73 2 2.73e-09 4.18e-14 0
74 2 2.77e-09 2.41e-14 0
74.9 2 2.6e-09 1.32e-14 0
75.5 2 2.6e-09 8.69e-15 0
76 2 2.52e-09 6.04e-15 0
76.6 2 2.36e-09 4.28e-15 0
77.6 2 2.21e-09 2.51e-15 0
78.6 2 2.06e-09 1.46e-15 0
79 2 1.95e-09 9.36e-16 0
79.4 2 1.82e-09 7.28e-16 0
79.9 2 1.9e-09 5.65e-16 0
80.6 2 1.89e-09 3.81e-16 0
81.4 2 1.83e-09 2.01e-16 0
83.2 2 1.91e-09 1.17e-16 0
