     -25        0        0        0        0        0        0 1.08e-08
   -24.8        0        0        0        0        0        0 1.28e-08
   -24.6        0        0        0        0        0        0  1.5e-08
   -24.4        0        0        0        0        0        0 1.78e-08
   -24.2        0        0        0        0        0        0  2.1e-08
     -24        0        0        0        0        0        0 2.48e-08
   -23.8        0        0        0        0        0        0 2.93e-08
   -23.6        0        0        0        0        0        0 3.46e-08
   -23.4        0        0        0        0        0        0 4.09e-08
   -23.2        0        0        0        0        0        0 4.83e-08
     -23        0        0        0        0        0        0 5.71e-08
   -22.8        0        0        0        0        0        0 6.74e-08
   -22.6        0        0        0        0        0        0 7.96e-08
   -22.4        0        0        0        0        0        0  9.4e-08
   -22.2        0        0        0        0        0        0 1.11e-07
     -22        0        0        0        0        0        0 1.31e-07
   -21.8        0        0        0        0        0        0 1.55e-07
   -21.6        0        0        0        0        0        0 1.83e-07
   -21.4        0        0        0        0        0        0 2.16e-07
   -21.2        0        0        0        0        0        0 2.56e-07
     -21        0        0        0        0        0        0 3.02e-07
   -20.8        0        0        0        0        0        0 3.57e-07
   -20.6        0        0        0        0        0        0 4.21e-07
   -20.4        0        0        0        0        0        0 4.98e-07
   -20.2        0        0        0        0        0        0 5.88e-07
     -20        0        0        0        0        0        0 6.95e-07
   -19.8        0        0        0        0        0        0 8.21e-07
   -19.6        0        0        0        0        0        0  9.7e-07
   -19.4        0        0        0        0        0        0 1.15e-06
   -19.2        0        0        0        0        0        0 1.35e-06
     -19        0        0        0        0        0        0  1.6e-06
   -18.8        0        0        0        0        0        0 1.89e-06
   -18.6        0        0        0        0        0        0 2.23e-06
   -18.4        0        0        0        0        0        0 2.64e-06
   -18.2        0        0        0        0        0        0 3.12e-06
     -18        0        0        0        0        0        0 3.68e-06
   -17.8        0        0        0        0        0        0 4.35e-06
   -17.6        0        0        0        0        0        0 5.14e-06
   -17.4        0        0        0        0        0        0 6.07e-06
   -17.2        0        0        0        0        0        0 7.17e-06
     -17        0        0        0        0        0        0 8.47e-06
   -16.8        0        0        0        0        0        0    1e-05
   -16.6        0        0        0        0        0        0 1.18e-05
   -16.4        0        0        0        0        0        0  1.4e-05
   -16.2        0        0        0        0        0        0 1.65e-05
     -16        0        0        0        0        0        0 1.95e-05
   -15.8        0        0        0        0        0        0  2.3e-05
   -15.6        0        0        0        0        0        0 2.72e-05
   -15.4        0        0        0        0        0        0 3.21e-05
   -15.2        0        0        0        0        0        0  3.8e-05
     -15        0        0        0        0        0        0 4.48e-05
   -14.8        0        0        0        0        0        0  5.3e-05
   -14.6        0        0        0        0        0        0 6.26e-05
   -14.4        0        0        0        0        0        0 7.39e-05
   -14.2        0        0        0        0        0        0 8.73e-05
     -14        0        0        0        0        0        0 0.000103
   -13.8        0        0        0        0        0        0 0.000122
   -13.6        0        0        0        0        0        0 0.000144
   -13.4        0        0        0        0        0        0  0.00017
   -13.2        0        0        0        0        0        0 0.000201
     -13        0        0        0        0        0        0 0.000237
   -12.8        0        0        0        0        0        0  0.00028
   -12.6        0        0        0        0        0        0 0.000331
   -12.4        0        0        0        0        0        0 0.000391
   -12.2        0        0        0        0        0        0 0.000462
     -12        0        0        0        0        0        0 0.000545
   -11.8        0        0        0        0        0        0 0.000644
   -11.6        0        0        0        0        0        0  0.00076
   -11.4        0        0        0        0        0        0 0.000897
   -11.2        0        0        0        0        0        0  0.00106
     -11        0        0        0        0        0        0  0.00125
   -10.8        0        0        0        0        0        0  0.00148
   -10.6        0        0        0        0        0        0  0.00174
   -10.4        0        0        0        0        0        0  0.00206
   -10.2        0        0        0        0        0        0  0.00243
     -10        0        0        0        0        0        0  0.00287
    -9.8        0        0        0        0        0        0  0.00338
    -9.6        0        0        0        0        0        0  0.00398
    -9.4        0        0        0        0        0        0  0.00469
    -9.2        0        0        0        0        0        0  0.00553
      -9        0        0        0        0        0        0  0.00651
    -8.8        0        0        0        0        0        0  0.00765
    -8.6        0        0        0        0        0        0  0.00901
    -8.4        0        0        0        0        0        0   0.0106
    -8.2        0        0        0        0        0        0   0.0124
      -8        0        0        0        0        0        0   0.0145
    -7.8        0        0        0        0        0        0    0.017
    -7.6        0        0        0        0        0        0   0.0199
    -7.4        0        0        0        0        0        0   0.0233
    -7.2        0        0        0        0        0        0   0.0271
      -7        0        0        0        0        0        0   0.0315
    -6.8        0        0        0        0        0        0   0.0365
    -6.6        0        0        0        0        0        0   0.0422
    -6.4        0        0        0        0        0        0   0.0487
    -6.2        0        0        0        0        0        0   0.0559
      -6        0        0        0        0        0        0    0.064
    -5.8        0        0        0        0        0        0   0.0745
    -5.6        0        0        0        0        0        0   0.0859
    -5.4        0        0        0        0        0        0   0.0958
    -5.2        0        0        0        0        0        0    0.105
      -5        0        0        0        0        0        0    0.115
    -4.8        0        0        0        0        0        0     0.13
    -4.6        0        0        0        0        0        0    0.144
    -4.4        0        0        0        0        0        0    0.158
    -4.2        0        0        0        0        0        0    0.172
      -4        0        0        0        0        0        0    0.187
    -3.8        0        0        0        0        0        0    0.202
    -3.6        0        0        0        0        0        0    0.217
    -3.4        0        0        0        0        0        0    0.234
    -3.2        0        0        0        0        0        0    0.252
      -3        0        0        0        0        0        0    0.271
    -2.8        0        0        0        0        0        0    0.289
    -2.6        0        0        0        0        0        0    0.306
    -2.4        0        0        0        0        0        0    0.324
    -2.2        0        0        0        0        0        0    0.343
      -2        0        0        0        0        0        0     0.36
    -1.8        0        0        0        0        0        0    0.375
    -1.6        0        0        0        0        0        0    0.387
    -1.4        0        0        0        0        0        0    0.398
    -1.2        0        0        0        0        0        0    0.409
      -1        0        0        0        0        0        0    0.418
    -0.8        0        0        0        0        0        0    0.426
    -0.6        0        0        0        0        0        0    0.432
    -0.4        0        0        0        0        0        0    0.436
    -0.2        0        0        0        0        0        0    0.439
       0        0        0        0        0        0        0     0.44
     0.2        0        0        0        0        0        0    0.439
     0.4        0        0        0        0        0        0    0.436
     0.6        0        0        0        0        0        0    0.432
     0.8        0        0        0        0        0        0    0.426
       1        0        0        0        0        0        0    0.418
     1.2        0        0        0        0        0        0    0.409
     1.4        0        0        0        0        0        0    0.398
     1.6        0        0        0        0        0        0    0.387
     1.8        0        0        0        0        0        0    0.375
       2        0        0        0        0        0        0     0.36
     2.2        0        0        0        0        0        0    0.343
     2.4        0        0        0        0        0        0    0.324
     2.6        0        0        0        0        0        0    0.306
     2.8        0        0        0        0        0        0    0.289
       3        0        0        0        0        0        0    0.271
     3.2        0        0        0        0        0        0    0.252
     3.4        0        0        0        0        0        0    0.234
     3.6        0        0        0        0        0        0    0.217
     3.8        0        0        0        0        0        0    0.202
       4        0        0        0        0        0        0    0.187
     4.2        0        0        0        0        0        0    0.172
     4.4        0        0        0        0        0        0    0.158
     4.6        0        0        0        0        0        0    0.144
     4.8        0        0        0        0        0        0     0.13
       5        0        0        0        0        0        0    0.115
     5.2        0        0        0        0        0        0    0.105
     5.4        0        0        0        0        0        0   0.0958
     5.6        0        0        0        0        0        0   0.0859
     5.8        0        0        0        0        0        0   0.0745
       6        0        0        0        0        0        0    0.064
     6.2        0        0        0        0        0        0   0.0559
     6.4        0        0        0        0        0        0   0.0487
     6.6        0        0        0        0        0        0   0.0422
     6.8        0        0        0        0        0        0   0.0365
       7        0        0        0        0        0        0   0.0315
     7.2        0        0        0        0        0        0   0.0271
     7.4        0        0        0        0        0        0   0.0233
     7.6        0        0        0        0        0        0   0.0199
     7.8        0        0        0        0        0        0    0.017
       8        0        0        0        0        0        0   0.0145
     8.2        0        0        0        0        0        0   0.0124
     8.4        0        0        0        0        0        0   0.0106
     8.6        0        0        0        0        0        0  0.00901
     8.8        0        0        0        0        0        0  0.00765
       9        0        0        0        0        0        0  0.00651
     9.2        0        0        0        0        0        0  0.00553
     9.4        0        0        0        0        0        0  0.00469
     9.6        0        0        0        0        0        0  0.00398
     9.8        0        0        0        0        0        0  0.00338
      10        0        0        0        0        0        0  0.00287
    10.2        0        0        0        0        0        0  0.00243
    10.4        0        0        0        0        0        0  0.00206
    10.6        0        0        0        0        0        0  0.00174
    10.8        0        0        0        0        0        0  0.00148
      11        0        0        0        0        0        0  0.00125
    11.2        0        0        0        0        0        0  0.00106
    11.4        0        0        0        0        0        0 0.000897
    11.6        0        0        0        0        0        0  0.00076
    11.8        0        0        0        0        0        0 0.000644
      12        0        0        0        0        0        0 0.000545
    12.2        0        0        0        0        0        0 0.000462
    12.4        0        0        0        0        0        0 0.000391
    12.6        0        0        0        0        0        0 0.000331
    12.8        0        0        0        0        0        0  0.00028
      13        0        0        0        0        0        0 0.000237
    13.2        0        0        0        0        0        0 0.000201
    13.4        0        0        0        0        0        0  0.00017
    13.6        0        0        0        0        0        0 0.000144
    13.8        0        0        0        0        0        0 0.000122
      14        0        0        0        0        0        0 0.000103
    14.2        0        0        0        0        0        0 8.73e-05
    14.4        0        0        0        0        0        0 7.39e-05
    14.6        0        0        0        0        0        0 6.26e-05
    14.8        0        0        0        0        0        0  5.3e-05
      15        0        0        0        0        0        0 4.48e-05
    15.2        0        0        0        0        0        0  3.8e-05
    15.4        0        0        0        0        0        0 3.21e-05
    15.6        0        0        0        0        0        0 2.72e-05
    15.8        0        0        0        0        0        0  2.3e-05
      16        0        0        0        0        0        0 1.95e-05
    16.2        0        0        0        0        0        0 1.65e-05
    16.4        0        0        0        0        0        0  1.4e-05
    16.6        0        0        0        0        0        0 1.18e-05
    16.8        0        0        0        0        0        0    1e-05
      17        0        0        0        0        0        0 8.47e-06
    17.2        0        0        0        0        0        0 7.17e-06
    17.4        0        0        0        0        0        0 6.07e-06
    17.6        0        0        0        0        0        0 5.14e-06
    17.8        0        0        0        0        0        0 4.35e-06
      18        0        0        0        0        0        0 3.68e-06
    18.2        0        0        0        0        0        0 3.12e-06
    18.4        0        0        0        0        0        0 2.64e-06
    18.6        0        0        0        0        0        0 2.23e-06
    18.8        0        0        0        0        0        0 1.89e-06
      19        0        0        0        0        0        0  1.6e-06
    19.2        0        0        0        0        0        0 1.35e-06
    19.4        0        0        0        0        0        0 1.15e-06
    19.6        0        0        0        0        0        0  9.7e-07
    19.8        0        0        0        0        0        0 8.21e-07
      20        0        0        0        0        0        0 6.95e-07
    20.2        0        0        0        0        0        0 5.88e-07
    20.4        0        0        0        0        0        0 4.98e-07
    20.6        0        0        0        0        0        0 4.21e-07
    20.8        0        0        0        0        0        0 3.57e-07
      21        0        0        0        0        0        0 3.02e-07
    21.2        0        0        0        0        0        0 2.56e-07
    21.4        0        0        0        0        0        0 2.16e-07
    21.6        0        0        0        0        0        0 1.83e-07
    21.8        0        0        0        0        0        0 1.55e-07
      22        0        0        0        0        0        0 1.31e-07
    22.2        0        0        0        0        0        0 1.11e-07
    22.4        0        0        0        0        0        0  9.4e-08
    22.6        0        0        0        0        0        0 7.96e-08
    22.8        0        0        0        0        0        0 6.74e-08
      23        0        0        0        0        0        0 5.71e-08
    23.2        0        0        0        0        0        0 4.83e-08
    23.4        0        0        0        0        0        0 4.09e-08
    23.6        0        0        0        0        0        0 3.46e-08
    23.8        0        0        0        0        0        0 2.93e-08
      24        0        0        0        0        0        0 2.48e-08
    24.2        0        0        0        0        0        0  2.1e-08
    24.4        0        0        0        0        0        0 1.78e-08
    24.6        0        0        0        0        0        0  1.5e-08
    24.8        0        0        0        0        0        0 1.27e-08
      25        0        0        0        0        0        0 1.08e-08
    25.2        0        0        0        0        0        0  9.6e-09
    25.4        0        0        0        0        0        0 7.44e-09
    25.6        0        0        0        0        0        0 4.35e-09
    29.2        0        0        0        0        0        0 1.49e-09
    29.4        0        0        0        0        0        0        0
    29.6        0        0        0        0        0        0 2.33e-10
    29.8        0        0        0        0        0        0 1.97e-10
      30        0        0        0        0        0        0 1.67e-10
    30.2        0        0        0        0        0        0 1.48e-10
    30.4        0        0        0        0        0        0 1.15e-10
    30.6        0        0        0        0        0        0  6.9e-11
    33.5        0        0        0        0        0        0 2.62e-11
    33.7        0        0        0        0        0        0 1.29e-12
    33.9        0        0        0        0        0        0 6.48e-12
    34.1        0        0        0        0        0        0 5.48e-12
    34.3        0        0        0        0        0        0 4.64e-12
    34.5        0        0        0        0        0        0 3.93e-12
    34.7        0        0        0        0        0        0 3.33e-12
    34.9        0        0        0        0        0        0 2.82e-12
    35.1        0        0        0        0        0        0 2.38e-12
    35.3        0        0        0        0        0        0 2.02e-12
    35.5        0        0        0        0        0        0 1.71e-12
    35.7        0        0        0        0        0        0 1.45e-12
    35.9        0        0        0        0        0        0 1.22e-12
    36.1        0        0        0        0        0        0 1.04e-12
    36.3        0        0        0        0        0        0 8.78e-13
    36.5        0        0        0        0        0        0 7.42e-13
    36.7        0        0        0        0        0        0 6.28e-13
    36.9        0        0        0        0        0        0 5.32e-13
    37.1        0        0        0        0        0        0  4.5e-13
    37.3        0        0        0        0        0        0 3.81e-13
    37.5        0        0        0        0        0        0 3.23e-13
    37.7        0        0        0        0        0        0 2.73e-13
    37.9        0        0        0        0        0        0 2.31e-13
    38.1        0        0        0        0        0        0 1.96e-13
    38.3        0        0        0        0        0        0 1.66e-13
    38.5        0        0        0        0        0        0  1.4e-13
    38.7        0        0        0        0        0        0 1.19e-13
    38.9        0        0        0        0        0        0    1e-13
    39.1        0        0        0        0        0        0 8.49e-14
    39.3        0        0        0        0        0        0  7.2e-14
    39.5        0        0        0        0        0        0 6.09e-14
    39.7        0        0        0        0        0        0 5.16e-14
    39.9        0        0        0        0        0        0 4.37e-14
    40.1        0        0        0        0        0        0  3.7e-14
    40.3        0        0        0        0        0        0 3.13e-14
    40.5        0        0        0        0        0        0 2.65e-14
    40.7        0        0        0        0        0        0 2.24e-14
    40.9        0        0        0        0        0        0  1.9e-14
    41.1        0        0        0        0        0        0 1.61e-14
    41.3        0        0        0        0        0        0 1.36e-14
    41.5        0        0        0        0        0        0 1.15e-14
    41.7        0        0        0        0        0        0 9.74e-15
    41.9        0        0        0        0        0        0 8.25e-15
    42.1        0        0        0        0        0        0 6.98e-15
    42.3        0        0        0        0        0        0 5.91e-15
    42.5        0        0        0        0        0        0    5e-15
    42.7        0        0        0        0        0        0 4.23e-15
    42.9        0        0        0        0        0        0 3.58e-15
    43.1        0        0        0        0        0        0 3.03e-15
    43.3        0        0        0        0        0        0 2.57e-15
    43.5        0        0        0        0        0        0 2.17e-15
    43.7        0        0        0        0        0        0 1.84e-15
    43.9        0        0        0        0        0        0 1.56e-15
    44.1        0        0        0        0        0        0 1.32e-15
    44.3        0        0        0        0        0        0 1.12e-15
    44.5        0        0        0        0        0        0 9.46e-16
    44.7        0        0        0        0        0        0    8e-16
    44.9        0        0        0        0        0        0 6.77e-16
    45.1        0        0        0        0        0        0 5.73e-16
    45.3        0        0        0        0        0        0 4.85e-16
    45.5        0        0        0        0        0        0 4.11e-16
    45.7        0        0        0        0        0        0 3.48e-16
    45.9        0        0        0        0        0        0 2.94e-16
    46.1        0        0        0        0        0        0 2.49e-16
    46.3        0        0        0        0        0        0 2.11e-16
    46.5        0        0        0        0        0        0 1.78e-16
    46.7        0        0        0        0        0        0 1.51e-16
    46.9        0        0        0        0        0        0 1.28e-16
    47.1        0        0        0        0        0        0 1.08e-16
    47.3        0        0        0        0        0        0 9.16e-17
    47.5        0        0        0        0        0        0 7.75e-17
    47.7        0        0        0        0        0        0 6.56e-17
    47.9        0        0        0        0        0        0 5.55e-17
    48.1        0        0        0        0        0        0  4.7e-17
    48.3        0        0        0        0        0        0 3.98e-17
    48.5        0        0        0        0        0        0 3.37e-17
    48.7        0        0        0        0        0        0 2.85e-17
    48.9        0        0        0        0        0        0 2.41e-17
    49.1        0        0        0        0        0        0 2.04e-17
    49.3        0        0        0        0        0        0 1.73e-17
    49.5        0        0        0        0        0        0 1.46e-17
    49.7        0        0        0        0        0        0 1.24e-17
    49.9        0        0        0        0        0        0 1.05e-17
    50.1        0        0        0        0        0        0 8.88e-18
    50.3        0        0        0        0        0        0 7.52e-18
    50.5        0        0        0        0        0        0 6.37e-18
    50.7        0        0        0        0        0        0 5.39e-18
    50.9        0        0        0        0        0        0 4.56e-18
    51.1        0        0        0        0        0        0 3.86e-18
    51.3        0        0        0        0        0        0 3.27e-18
    51.5        0        0        0        0        0        0 2.77e-18
    51.7        0        0        0        0        0        0 2.34e-18
    51.9        0        0        0        0        0        0 1.98e-18
    52.1        0        0        0        0        0        0 1.68e-18
    52.3        0        0        0        0        0        0 1.42e-18
    52.5        0        0        0        0        0        0  1.2e-18
    52.7        0        0        0        0        0        0 1.02e-18
    52.9        0        0        0        0        0        0 8.62e-19
    53.1        0        0        0        0        0        0 7.29e-19
    53.3        0        0        0        0        0        0 6.17e-19
    53.5        0        0        0        0        0        0 5.22e-19
    53.7        0        0        0        0        0        0 4.42e-19
    53.9        0        0        0        0        0        0 3.74e-19
    54.1        0        0        0        0        0        0 3.17e-19
    54.3        0        0        0        0        0        0 2.68e-19
    54.5        0        0        0        0        0        0 2.27e-19
    54.7        0        0        0        0        0        0 1.92e-19
    54.9        0        0        0        0        0        0 1.63e-19
    55.1        0        0        0        0        0        0 1.38e-19
    55.3        0        0        0        0        0        0 1.17e-19
    55.5        0        0        0        0        0        0 9.87e-20
    55.7        0        0        0        0        0        0 8.35e-20
    55.9        0        0        0        0        0        0 7.07e-20
    56.1        0        0        0        0        0        0 5.99e-20
    56.3        0        0        0        0        0        0 5.07e-20
    56.5        0        0        0        0        0        0 4.29e-20
    56.7        0        0        0        0        0        0 3.63e-20
    56.9        0        0        0        0        0        0 3.07e-20
    57.1        0        0        0        0        0        0  2.6e-20
    57.3        0        0        0        0        0        0  2.2e-20
    57.5        0        0        0        0        0        0 1.86e-20
    57.7        0        0        0        0        0        0 1.58e-20
    57.9        0        0        0        0        0        0 1.34e-20
    58.1        0        0        0        0        0        0 1.13e-20
    58.3        0        0        0        0        0        0 9.57e-21
    58.5        0        0        0        0        0        0  8.1e-21
    58.7        0        0        0        0        0        0 6.86e-21
    58.9        0        0        0        0        0        0  5.8e-21
    59.1        0        0        0        0        0        0 4.91e-21
    59.3        0        0        0        0        0        0 4.16e-21
    59.5        0        0        0        0        0        0 3.52e-21
    59.7        0        0        0        0        0        0 2.98e-21
    59.9        0        0        0        0        0        0 2.52e-21
    60.1        0        0        0        0        0        0 2.13e-21
    60.3        0        0        0        0        0        0 1.81e-21
    60.5        0        0        0        0        0        0 1.53e-21
    60.7        0        0        0        0        0        0  1.3e-21
    60.9        0        0        0        0        0        0  1.1e-21
    61.1        0        0        0        0        0        0 9.29e-22
    61.3        0        0        0        0        0        0 7.86e-22
    61.5        0        0        0        0        0        0 6.65e-22
    61.7        0        0        0        0        0        0 5.63e-22
    61.9        0        0        0        0        0        0 4.76e-22
    62.1        0        0        0        0        0        0 4.03e-22
    62.3        0        0        0        0        0        0 3.41e-22
    62.5        0        0        0        0        0        0 2.89e-22
    62.7        0        0        0        0        0        0 2.45e-22
    62.9        0        0        0        0        0        0 2.07e-22
    63.1        0        0        0        0        0        0 1.75e-22
    63.3        0        0        0        0        0        0 1.48e-22
    63.5        0        0        0        0        0        0 1.26e-22
    63.7        0        0        0        0        0        0 1.06e-22
    63.9        0        0        0        0        0        0 8.99e-23
    64.1        0        0        0        0        0        0 7.61e-23
    64.3        0        0        0        0        0        0 6.45e-23
    64.5        0        0        0        0        0        0 5.46e-23
    64.7        0        0        0        0        0        0 4.62e-23
    64.9        0        0        0        0        0        0 3.91e-23
    65.1        0        0        0        0        0        0 3.31e-23
    65.3        0        0        0        0        0        0  2.8e-23
    65.5        0        0        0        0        0        0 2.37e-23
    65.7        0        0        0        0        0        0 2.01e-23
    65.9        0        0        0        0        0        0  1.7e-23
    66.1        0        0        0        0        0        0 1.44e-23
    66.3        0        0        0        0        0        0 1.22e-23
    66.5        0        0        0        0        0        0 1.03e-23
    66.7        0        0        0        0        0        0 8.73e-24
    66.9        0        0        0        0        0        0 7.39e-24
    67.1        0        0        0        0        0        0 6.25e-24
    67.3        0        0        0        0        0        0 5.29e-24
    67.5        0        0        0        0        0        0 4.48e-24
    67.7        0        0        0        0        0        0 3.79e-24
    67.9        0        0        0        0        0        0 3.21e-24
    68.1        0        0        0        0        0        0 2.72e-24
    68.3        0        0        0        0        0        0  2.3e-24
    68.5        0        0        0        0        0        0 1.95e-24
    68.7        0        0        0        0        0        0 1.65e-24
    68.9        0        0        0        0        0        0  1.4e-24
    69.1        0        0        0        0        0        0 1.18e-24
    69.3        0        0        0        0        0        0    1e-24
    69.5        0        0        0        0        0        0 8.47e-25
    69.7        0        0        0        0        0        0 7.16e-25
    69.9        0        0        0        0        0        0 6.06e-25
    70.1        0        0        0        0        0        0 5.13e-25
    70.3        0        0        0        0        0        0 4.34e-25
    70.5        0        0        0        0        0        0 3.68e-25
    70.7        0        0        0        0        0        0 3.11e-25
    70.9        0        0        0        0        0        0 2.63e-25
    71.1        0        0        0        0        0        0 2.23e-25
    71.3        0        0        0        0        0        0 1.89e-25
    71.5        0        0        0        0        0        0  1.6e-25
    71.7        0        0        0        0        0        0 1.35e-25
    71.9        0        0        0        0        0        0 1.14e-25
    72.1        0        0        0        0        0        0 9.69e-26
    72.3        0        0        0        0        0        0 8.21e-26
    72.5        0        0        0        0        0        0 6.95e-26
    72.7        0        0        0        0        0        0 5.88e-26
    72.9        0        0        0        0        0        0 4.98e-26
    73.1        0        0        0        0        0        0 4.21e-26
    73.3        0        0        0        0        0        0 3.57e-26
    73.5        0        0        0        0        0        0 3.02e-26
    73.7        0        0        0        0        0        0 2.56e-26
    73.9        0        0        0        0        0        0 2.16e-26
    74.1        0        0        0        0        0        0 1.83e-26
    74.3        0        0        0        0        0        0 1.55e-26
    74.5        0        0        0        0        0        0 1.31e-26
    74.7        0        0        0        0        0        0 1.11e-26
    74.9        0        0        0        0        0        0 9.39e-27
    75.1        0        0        0        0        0        0 7.95e-27
    75.3        0        0        0        0        0        0 6.74e-27
    75.5        0        0        0        0        0        0  5.7e-27
    75.7        0        0        0        0        0        0 4.83e-27
    75.9        0        0        0        0        0        0 4.09e-27
    76.1        0        0        0        0        0        0 3.46e-27
    76.3        0        0        0        0        0        0 2.93e-27
    76.5        0        0        0        0        0        0 2.48e-27
    76.7        0        0        0        0        0        0  2.1e-27
    76.9        0        0        0        0        0        0 1.78e-27
    77.1        0        0        0        0        0        0  1.5e-27
    77.3        0        0        0        0        0        0 1.27e-27
    77.5        0        0        0        0        0        0 1.08e-27
    77.7        0        0        0        0        0        0 9.12e-28
    77.9        0        0        0        0        0        0 7.72e-28
    78.1        0        0        0        0        0        0 6.53e-28
    78.3        0        0        0        0        0        0 5.53e-28
    78.5        0        0        0        0        0        0 4.68e-28
    78.7        0        0        0        0        0        0 3.96e-28
    78.9        0        0        0        0        0        0 3.35e-28
    79.1        0        0        0        0        0        0 2.84e-28
    79.3        0        0        0        0        0        0  2.4e-28
    79.5        0        0        0        0        0        0 2.03e-28
    79.7        0        0        0        0        0        0 1.72e-28
    79.9        0        0        0        0        0        0 1.46e-28
    80.1        0        0        0        0        0        0 1.23e-28
    80.3        0        0        0        0        0        0 1.04e-28
    80.5        0        0        0        0        0        0 8.84e-29
    80.7        0        0        0        0        0        0 7.47e-29
    80.9        0        0        0        0        0        0 6.33e-29
    81.1        0        0        0        0        0        0 5.36e-29
    81.3        0        0        0        0        0        0 4.54e-29
    81.5        0        0        0        0        0        0 3.84e-29
    81.7        0        0        0        0        0        0 3.25e-29
    81.9        0        0        0        0        0        0 2.75e-29
    82.1        0        0        0        0        0        0 2.33e-29
    82.3        0        0        0        0        0        0 1.97e-29
    82.5        0        0        0        0        0        0 1.67e-29
    82.7        0        0        0        0        0        0 1.41e-29
    82.9        0        0        0        0        0        0  1.2e-29
    83.1        0        0        0        0        0        0 1.01e-29
    83.3        0        0        0        0        0        0 8.57e-30
    83.5        0        0        0        0        0        0 7.26e-30
    83.7        0        0        0        0        0        0 6.14e-30
    83.9        0        0        0        0        0        0  5.2e-30
    84.1        0        0        0        0        0        0  4.4e-30
    84.3        0        0        0        0        0        0 3.73e-30
    84.5        0        0        0        0        0        0 3.15e-30
    84.7        0        0        0        0        0        0 2.67e-30
    84.9        0        0        0        0        0        0 2.26e-30
    85.1        0        0        0        0        0        0 1.91e-30
    85.3        0        0        0        0        0        0 1.62e-30
    85.5        0        0        0        0        0        0 1.37e-30
    85.7        0        0        0        0        0        0 1.16e-30
    85.9        0        0        0        0        0        0 9.82e-31
    86.1        0        0        0        0        0        0 8.32e-31
    86.3        0        0        0        0        0        0 7.03e-31
    86.5        0        0        0        0        0        0 5.96e-31
    86.7        0        0        0        0        0        0 5.04e-31
    86.9        0        0        0        0        0        0 4.27e-31
    87.1        0        0        0        0        0        0 3.61e-31
    87.3        0        0        0        0        0        0 3.06e-31
    87.5        0        0        0        0        0        0 2.59e-31
    87.7        0        0        0        0        0        0 2.19e-31
    87.9        0        0        0        0        0        0 1.85e-31
    88.1        0        0        0        0        0        0 1.57e-31
    88.3        0        0        0        0        0        0 1.33e-31
    88.5        0        0        0        0        0        0 1.12e-31
    88.7        0        0        0        0        0        0 9.52e-32
    88.9        0        0        0        0        0        0 8.07e-32
    89.1        0        0        0        0        0        0 6.82e-32
    89.3        0        0        0        0        0        0 5.78e-32
    89.5        0        0        0        0        0        0 4.89e-32
    89.7        0        0        0        0        0        0 4.14e-32
    89.9        0        0        0        0        0        0  3.5e-32
    90.1        0        0        0        0        0        0 2.97e-32
    90.3        0        0        0        0        0        0 2.51e-32
    90.5        0        0        0        0        0        0 2.12e-32
    90.7        0        0        0        0        0        0  1.8e-32
    90.9        0        0        0        0        0        0 1.52e-32
    91.1        0        0        0        0        0        0 1.29e-32
    91.3        0        0        0        0        0        0 1.09e-32
    91.5        0        0        0        0        0        0 9.23e-33
    91.7        0        0        0        0        0        0 7.81e-33
    91.9        0        0        0        0        0        0 6.62e-33
    92.1        0        0        0        0        0        0  5.6e-33
    92.3        0        0        0        0        0        0 4.74e-33
    92.5        0        0        0        0        0        0 4.01e-33
    92.7        0        0        0        0        0        0  3.4e-33
    92.9        0        0        0        0        0        0 2.88e-33
    93.1        0        0        0        0        0        0 2.44e-33
    93.3        0        0        0        0        0        0 2.06e-33
    93.5        0        0        0        0        0        0 1.74e-33
    93.7        0        0        0        0        0        0 1.48e-33
    93.9        0        0        0        0        0        0 1.25e-33
    94.1        0        0        0        0        0        0 1.06e-33
    94.3        0        0        0        0        0        0 8.95e-34
    94.5        0        0        0        0        0        0 7.58e-34
    94.7        0        0        0        0        0        0 6.42e-34
    94.9        0        0        0        0        0        0 5.43e-34
    95.1        0        0        0        0        0        0  4.6e-34
    95.3        0        0        0        0        0        0 3.89e-34
    95.5        0        0        0        0        0        0 3.29e-34
    95.7        0        0        0        0        0        0 2.79e-34
    95.9        0        0        0        0        0        0 2.36e-34
    96.1        0        0        0        0        0        0    2e-34
    96.3        0        0        0        0        0        0 1.69e-34
    96.5        0        0        0        0        0        0 1.43e-34
    96.7        0        0        0        0        0        0 1.21e-34
    96.9        0        0        0        0        0        0 1.03e-34
    97.1        0        0        0        0        0        0 8.69e-35
    97.3        0        0        0        0        0        0 7.34e-35
    97.5        0        0        0        0        0        0 6.22e-35
    97.7        0        0        0        0        0        0 5.27e-35
    97.9        0        0        0        0        0        0 4.46e-35
    98.1        0        0        0        0        0        0 3.77e-35
    98.3        0        0        0        0        0        0 3.19e-35
    98.5        0        0        0        0        0        0  2.7e-35
    98.7        0        0        0        0        0        0 2.29e-35
    98.9        0        0        0        0        0        0 1.94e-35
    99.1        0        0        0        0        0        0 1.64e-35
    99.3        0        0        0        0        0        0 1.39e-35
    99.5        0        0        0        0        0        0 1.17e-35
    99.7        0        0        0        0        0        0  9.8e-36
    99.9        0        0        0        0        0        0 9.09e-36
