     -25        0        0        0        0        0        0 1.51e-05
   -24.8        0        0        0        0        0        0 1.67e-05
   -24.6        0        0        0        0        0        0 1.85e-05
   -24.4        0        0        0        0        0        0 2.04e-05
   -24.2        0        0        0        0        0        0 2.25e-05
     -24        0        0        0        0        0        0 2.49e-05
   -23.8        0        0        0        0        0        0 2.75e-05
   -23.6        0        0        0        0        0        0 3.04e-05
   -23.4        0        0        0        0        0        0 3.36e-05
   -23.2        0        0        0        0        0        0 3.72e-05
     -23        0        0        0        0        0        0 4.11e-05
   -22.8        0        0        0        0        0        0 4.54e-05
   -22.6        0        0        0        0        0        0 5.02e-05
   -22.4        0        0        0        0        0        0 5.55e-05
   -22.2        0        0        0        0        0        0 6.13e-05
     -22        0        0        0        0        0        0 6.77e-05
   -21.8        0        0        0        0        0        0 7.49e-05
   -21.6        0        0        0        0        0        0 8.27e-05
   -21.4        0        0        0        0        0        0 9.14e-05
   -21.2        0        0        0        0        0        0 0.000101
     -21        0        0        0        0        0        0 0.000112
   -20.8        0        0        0        0        0        0 0.000123
   -20.6        0        0        0        0        0        0 0.000136
   -20.4        0        0        0        0        0        0 0.000151
   -20.2        0        0        0        0        0        0 0.000167
     -20        0        0        0        0        0        0 0.000184
   -19.8        0        0        0        0        0        0 0.000203
   -19.6        0        0        0        0        0        0 0.000225
   -19.4        0        0        0        0        0        0 0.000248
   -19.2        0        0        0        0        0        0 0.000275
     -19        0        0        0        0        0        0 0.000303
   -18.8        0        0        0        0        0        0 0.000335
   -18.6        0        0        0        0        0        0 0.000371
   -18.4        0        0        0        0        0        0 0.000409
   -18.2        0        0        0        0        0        0 0.000453
     -18        0        0        0        0        0        0   0.0005
   -17.8        0        0        0        0        0        0 0.000553
   -17.6        0        0        0        0        0        0 0.000611
   -17.4        0        0        0        0        0        0 0.000675
   -17.2        0        0        0        0        0        0 0.000746
     -17        0        0        0        0        0        0 0.000824
   -16.8        0        0        0        0        0        0  0.00091
   -16.6        0        0        0        0        0        0  0.00101
   -16.4        0        0        0        0        0        0  0.00111
   -16.2        0        0        0        0        0        0  0.00123
     -16        0        0        0        0        0        0  0.00136
   -15.8        0        0        0        0        0        0   0.0015
   -15.6        0        0        0        0        0        0  0.00166
   -15.4        0        0        0        0        0        0  0.00183
   -15.2        0        0        0        0        0        0  0.00202
     -15        0        0        0        0        0        0  0.00223
   -14.8        0        0        0        0        0        0  0.00247
   -14.6        0        0        0        0        0        0  0.00272
   -14.4        0        0        0        0        0        0  0.00301
   -14.2        0        0        0        0        0        0  0.00332
     -14        0        0        0        0        0        0  0.00367
   -13.8        0        0        0        0        0        0  0.00405
   -13.6        0        0        0        0        0        0  0.00448
   -13.4        0        0        0        0        0        0  0.00494
   -13.2        0        0        0        0        0        0  0.00546
     -13        0        0        0        0        0        0  0.00602
   -12.8        0        0        0        0        0        0  0.00665
   -12.6        0        0        0        0        0        0  0.00734
   -12.4        0        0        0        0        0        0   0.0081
   -12.2        0        0        0        0        0        0  0.00893
     -12        0        0        0        0        0        0  0.00983
   -11.8        0        0        0        0        0        0   0.0109
   -11.6        0        0        0        0        0        0    0.012
   -11.4        0        0        0        0        0        0   0.0132
   -11.2        0        0        0        0        0        0   0.0146
     -11        0        0        0        0        0        0    0.016
   -10.8        0        0        0        0        0        0   0.0177
   -10.6        0        0        0        0        0        0   0.0194
   -10.4        0        0        0        0        0        0   0.0214
   -10.2        0        0        0        0        0        0   0.0236
     -10        0        0        0        0        0        0   0.0259
    -9.8        0        0        0        0        0        0   0.0285
    -9.6        0        0        0        0        0        0   0.0313
    -9.4        0        0        0        0        0        0   0.0343
    -9.2        0        0        0        0        0        0   0.0377
      -9        0        0        0        0        0        0   0.0413
    -8.8        0        0        0        0        0        0   0.0453
    -8.6        0        0        0        0        0        0   0.0496
    -8.4        0        0        0        0        0        0   0.0543
    -8.2        0        0        0        0        0        0   0.0593
      -8        0        0        0        0        0        0   0.0646
    -7.8        0        0        0        0        0        0   0.0705
    -7.6        0        0        0        0        0        0   0.0769
    -7.4        0        0        0        0        0        0   0.0836
    -7.2        0        0        0        0        0        0   0.0909
      -7        0        0        0        0        0        0   0.0988
    -6.8        0        0        0        0        0        0    0.107
    -6.6        0        0        0        0        0        0    0.116
    -6.4        0        0        0        0        0        0    0.125
    -6.2        0        0        0        0        0        0    0.135
      -6        0        0        0        0        0        0    0.145
    -5.8        0        0        0        0        0        0    0.156
    -5.6        0        0        0        0        0        0    0.167
    -5.4        0        0        0        0        0        0    0.179
    -5.2        0        0        0        0        0        0    0.191
      -5        0        0        0        0        0        0    0.204
    -4.8        0        0        0        0        0        0    0.217
    -4.6        0        0        0        0        0        0    0.231
    -4.4        0        0        0        0        0        0    0.247
    -4.2        0        0        0        0        0        0    0.267
      -4        0        0        0        0        0        0    0.271
    -3.8        0        0        0        0        0        0    0.288
    -3.6        0        0        0        0        0        0    0.301
    -3.4        0        0        0        0        0        0    0.315
    -3.2        0        0        0        0        0        0    0.329
      -3        0        0        0        0        0        0    0.343
    -2.8        0        0        0        0        0        0    0.356
    -2.6        0        0        0        0        0        0    0.369
    -2.4        0        0        0        0        0        0    0.382
    -2.2        0        0        0        0        0        0    0.394
      -2        0        0        0        0        0        0    0.405
    -1.8        0        0        0        0        0        0    0.415
    -1.6        0        0        0        0        0        0    0.422
    -1.4        0        0        0        0        0        0    0.432
    -1.2        0        0        0        0        0        0    0.441
      -1        0        0        0        0        0        0    0.448
    -0.8        0        0        0        0        0        0    0.453
    -0.6        0        0        0        0        0        0    0.458
    -0.4        0        0        0        0        0        0    0.461
    -0.2        0        0        0        0        0        0    0.463
       0        0        0        0        0        0        0    0.463
     0.2        0        0        0        0        0        0    0.463
     0.4        0        0        0        0        0        0    0.461
     0.6        0        0        0        0        0        0    0.458
     0.8        0        0        0        0        0        0    0.453
       1        0        0        0        0        0        0    0.448
     1.2        0        0        0        0        0        0    0.441
     1.4        0        0        0        0        0        0    0.432
     1.6        0        0        0        0        0        0    0.422
     1.8        0        0        0        0        0        0    0.415
       2        0        0        0        0        0        0    0.405
     2.2        0        0        0        0        0        0    0.394
     2.4        0        0        0        0        0        0    0.382
     2.6        0        0        0        0        0        0    0.369
     2.8        0        0        0        0        0        0    0.356
       3        0        0        0        0        0        0    0.343
     3.2        0        0        0        0        0        0    0.329
     3.4        0        0        0        0        0        0    0.315
     3.6        0        0        0        0        0        0    0.301
     3.8        0        0        0        0        0        0    0.288
       4        0        0        0        0        0        0    0.271
     4.2        0        0        0        0        0        0    0.267
     4.4        0        0        0        0        0        0    0.247
     4.6        0        0        0        0        0        0    0.231
     4.8        0        0        0        0        0        0    0.217
       5        0        0        0        0        0        0    0.204
     5.2        0        0        0        0        0        0    0.191
     5.4        0        0        0        0        0        0    0.179
     5.6        0        0        0        0        0        0    0.167
     5.8        0        0        0        0        0        0    0.156
       6        0        0        0        0        0        0    0.145
     6.2        0        0        0        0        0        0    0.135
     6.4        0        0        0        0        0        0    0.125
     6.6        0        0        0        0        0        0    0.116
     6.8        0        0        0        0        0        0    0.107
       7        0        0        0        0        0        0   0.0988
     7.2        0        0        0        0        0        0   0.0909
     7.4        0        0        0        0        0        0   0.0836
     7.6        0        0        0        0        0        0   0.0769
     7.8        0        0        0        0        0        0   0.0705
       8        0        0        0        0        0        0   0.0646
     8.2        0        0        0        0        0        0   0.0593
     8.4        0        0        0        0        0        0   0.0543
     8.6        0        0        0        0        0        0   0.0496
     8.8        0        0        0        0        0        0   0.0453
       9        0        0        0        0        0        0   0.0413
     9.2        0        0        0        0        0        0   0.0377
     9.4        0        0        0        0        0        0   0.0343
     9.6        0        0        0        0        0        0   0.0313
     9.8        0        0        0        0        0        0   0.0285
      10        0        0        0        0        0        0   0.0259
    10.2        0        0        0        0        0        0   0.0236
    10.4        0        0        0        0        0        0   0.0214
    10.6        0        0        0        0        0        0   0.0194
    10.8        0        0        0        0        0        0   0.0177
      11        0        0        0        0        0        0    0.016
    11.2        0        0        0        0        0        0   0.0146
    11.4        0        0        0        0        0        0   0.0132
    11.6        0        0        0        0        0        0    0.012
    11.8        0        0        0        0        0        0   0.0109
      12        0        0        0        0        0        0  0.00983
    12.2        0        0        0        0        0        0  0.00893
    12.4        0        0        0        0        0        0   0.0081
    12.6        0        0        0        0        0        0  0.00734
    12.8        0        0        0        0        0        0  0.00665
      13        0        0        0        0        0        0  0.00602
    13.2        0        0        0        0        0        0  0.00546
    13.4        0        0        0        0        0        0  0.00494
    13.6        0        0        0        0        0        0  0.00448
    13.8        0        0        0        0        0        0  0.00405
      14        0        0        0        0        0        0  0.00367
    14.2        0        0        0        0        0        0  0.00332
    14.4        0        0        0        0        0        0  0.00301
    14.6        0        0        0        0        0        0  0.00272
    14.8        0        0        0        0        0        0  0.00247
      15        0        0        0        0        0        0  0.00223
    15.2        0        0        0        0        0        0  0.00202
    15.4        0        0        0        0        0        0  0.00183
    15.6        0        0        0        0        0        0  0.00166
    15.8        0        0        0        0        0        0   0.0015
      16        0        0        0        0        0        0  0.00136
    16.2        0        0        0        0        0        0  0.00123
    16.4        0        0        0        0        0        0  0.00111
    16.6        0        0        0        0        0        0  0.00101
    16.8        0        0        0        0        0        0  0.00091
      17        0        0        0        0        0        0 0.000824
    17.2        0        0        0        0        0        0 0.000746
    17.4        0        0        0        0        0        0 0.000675
    17.6        0        0        0        0        0        0 0.000611
    17.8        0        0        0        0        0        0 0.000553
      18        0        0        0        0        0        0   0.0005
    18.2        0        0        0        0        0        0 0.000453
    18.4        0        0        0        0        0        0 0.000409
    18.6        0        0        0        0        0        0 0.000371
    18.8        0        0        0        0        0        0 0.000335
      19        0        0        0        0        0        0 0.000303
    19.2        0        0        0        0        0        0 0.000275
    19.4        0        0        0        0        0        0 0.000248
    19.6        0        0        0        0        0        0 0.000225
    19.8        0        0        0        0        0        0 0.000203
      20        0        0        0        0        0        0 0.000184
    20.2        0        0        0        0        0        0 0.000167
    20.4        0        0        0        0        0        0 0.000151
    20.6        0        0        0        0        0        0 0.000136
    20.8        0        0        0        0        0        0 0.000123
      21        0        0        0        0        0        0 0.000112
    21.2        0        0        0        0        0        0 0.000101
    21.4        0        0        0        0        0        0 9.14e-05
    21.6        0        0        0        0        0        0 8.27e-05
    21.8        0        0        0        0        0        0 7.49e-05
      22        0        0        0        0        0        0 6.77e-05
    22.2        0        0        0        0        0        0 6.13e-05
    22.4        0        0        0        0        0        0 5.55e-05
    22.6        0        0        0        0        0        0 5.02e-05
    22.8        0        0        0        0        0        0 4.54e-05
      23        0        0        0        0        0        0 4.11e-05
    23.2        0        0        0        0        0        0 3.72e-05
    23.4        0        0        0        0        0        0 3.36e-05
    23.6        0        0        0        0        0        0 3.04e-05
    23.8        0        0        0        0        0        0 2.75e-05
      24        0        0        0        0        0        0 2.49e-05
    24.2        0        0        0        0        0        0 2.25e-05
    24.4        0        0        0        0        0        0 2.04e-05
    24.6        0        0        0        0        0        0 1.85e-05
    24.8        0        0        0        0        0        0 1.67e-05
      25        0        0        0        0        0        0 1.51e-05
    25.2        0        0        0        0        0        0 1.37e-05
    25.4        0        0        0        0        0        0 1.24e-05
    25.6        0        0        0        0        0        0 1.12e-05
    25.8        0        0        0        0        0        0 1.01e-05
      26        0        0        0        0        0        0 9.17e-06
    26.2        0        0        0        0        0        0  8.3e-06
    26.4        0        0        0        0        0        0 7.51e-06
    26.6        0        0        0        0        0        0 6.79e-06
    26.8        0        0        0        0        0        0 6.15e-06
      27        0        0        0        0        0        0 5.56e-06
    27.2        0        0        0        0        0        0 5.03e-06
    27.4        0        0        0        0        0        0 4.55e-06
    27.6        0        0        0        0        0        0 4.12e-06
    27.8        0        0        0        0        0        0 3.73e-06
      28        0        0        0        0        0        0 3.37e-06
    28.2        0        0        0        0        0        0 3.05e-06
    28.4        0        0        0        0        0        0 2.76e-06
    28.6        0        0        0        0        0        0  2.5e-06
    28.8        0        0        0        0        0        0 2.26e-06
      29        0        0        0        0        0        0 2.05e-06
    29.2        0        0        0        0        0        0 1.85e-06
    29.4        0        0        0        0        0        0 1.67e-06
    29.6        0        0        0        0        0        0 1.52e-06
    29.8        0        0        0        0        0        0 1.37e-06
      30        0        0        0        0        0        0 1.24e-06
    30.2        0        0        0        0        0        0 1.12e-06
    30.4        0        0        0        0        0        0 1.02e-06
    30.6        0        0        0        0        0        0 9.18e-07
    30.8        0        0        0        0        0        0 8.32e-07
      31        0        0        0        0        0        0 7.53e-07
    31.2        0        0        0        0        0        0 6.81e-07
    31.4        0        0        0        0        0        0 6.16e-07
    31.6        0        0        0        0        0        0 5.58e-07
    31.8        0        0        0        0        0        0 5.04e-07
      32        0        0        0        0        0        0 4.56e-07
    32.2        0        0        0        0        0        0 4.13e-07
    32.4        0        0        0        0        0        0 3.74e-07
    32.6        0        0        0        0        0        0 3.38e-07
    32.8        0        0        0        0        0        0 3.06e-07
      33        0        0        0        0        0        0 2.77e-07
    33.2        0        0        0        0        0        0  2.5e-07
    33.4        0        0        0        0        0        0 2.27e-07
    33.6        0        0        0        0        0        0 2.05e-07
    33.8        0        0        0        0        0        0 1.86e-07
      34        0        0        0        0        0        0 1.68e-07
    34.2        0        0        0        0        0        0 1.52e-07
    34.4        0        0        0        0        0        0 1.38e-07
    34.6        0        0        0        0        0        0 9.48e-08
      41        0        0        0        0        0        0        0
    41.2        0        0        0        0        0        0 4.59e-09
    41.4        0        0        0        0        0        0 4.15e-09
    41.6        0        0        0        0        0        0 3.76e-09
    41.8        0        0        0        0        0        0  3.4e-09
      42        0        0        0        0        0        0 3.08e-09
    42.2        0        0        0        0        0        0 2.78e-09
    42.4        0        0        0        0        0        0 2.52e-09
    42.6        0        0        0        0        0        0 2.28e-09
    42.8        0        0        0        0        0        0 2.06e-09
      43        0        0        0        0        0        0 1.87e-09
    43.2        0        0        0        0        0        0 1.69e-09
    43.4        0        0        0        0        0        0 1.53e-09
    43.6        0        0        0        0        0        0 1.38e-09
    43.8        0        0        0        0        0        0 1.25e-09
      44        0        0        0        0        0        0 1.13e-09
    44.2        0        0        0        0        0        0 1.02e-09
    44.4        0        0        0        0        0        0 9.27e-10
    44.6        0        0        0        0        0        0 8.38e-10
    44.8        0        0        0        0        0        0 7.58e-10
      45        0        0        0        0        0        0 6.86e-10
    45.2        0        0        0        0        0        0 6.21e-10
    45.4        0        0        0        0        0        0 5.62e-10
    45.6        0        0        0        0        0        0 5.08e-10
    45.8        0        0        0        0        0        0  4.6e-10
      46        0        0        0        0        0        0 4.16e-10
    46.2        0        0        0        0        0        0 3.77e-10
    46.4        0        0        0        0        0        0 3.41e-10
    46.6        0        0        0        0        0        0 3.08e-10
    46.8        0        0        0        0        0        0 2.79e-10
      47        0        0        0        0        0        0 2.52e-10
    47.2        0        0        0        0        0        0 2.28e-10
    47.4        0        0        0        0        0        0 2.07e-10
    47.6        0        0        0        0        0        0 1.87e-10
    47.8        0        0        0        0        0        0 1.69e-10
      48        0        0        0        0        0        0 1.53e-10
    48.2        0        0        0        0        0        0 1.39e-10
    48.4        0        0        0        0        0        0 1.25e-10
    48.6        0        0        0        0        0        0 1.13e-10
    48.8        0        0        0        0        0        0 7.99e-11
    53.6        0        0        0        0        0        0 1.37e-12
    53.8        0        0        0        0        0        0 8.43e-12
      54        0        0        0        0        0        0 7.62e-12
    54.2        0        0        0        0        0        0  6.9e-12
    54.4        0        0        0        0        0        0 6.24e-12
    54.6        0        0        0        0        0        0 5.65e-12
    54.8        0        0        0        0        0        0 5.11e-12
      55        0        0        0        0        0        0 4.62e-12
    55.2        0        0        0        0        0        0 4.18e-12
    55.4        0        0        0        0        0        0 3.79e-12
    55.6        0        0        0        0        0        0 3.43e-12
    55.8        0        0        0        0        0        0  3.1e-12
      56        0        0        0        0        0        0  2.8e-12
    56.2        0        0        0        0        0        0 2.54e-12
    56.4        0        0        0        0        0        0 2.29e-12
    56.6        0        0        0        0        0        0 2.08e-12
    56.8        0        0        0        0        0        0 1.88e-12
      57        0        0        0        0        0        0  1.7e-12
    57.2        0        0        0        0        0        0 1.54e-12
    57.4        0        0        0        0        0        0 1.39e-12
    57.6        0        0        0        0        0        0 1.26e-12
    57.8        0        0        0        0        0        0 1.14e-12
      58        0        0        0        0        0        0 1.03e-12
    58.2        0        0        0        0        0        0 9.34e-13
    58.4        0        0        0        0        0        0 8.45e-13
    58.6        0        0        0        0        0        0 7.64e-13
    58.8        0        0        0        0        0        0 6.92e-13
      59        0        0        0        0        0        0 6.26e-13
    59.2        0        0        0        0        0        0 5.66e-13
    59.4        0        0        0        0        0        0 5.12e-13
    59.6        0        0        0        0        0        0 4.64e-13
    59.8        0        0        0        0        0        0 4.19e-13
      60        0        0        0        0        0        0  3.8e-13
    60.2        0        0        0        0        0        0 3.43e-13
    60.4        0        0        0        0        0        0 3.11e-13
    60.6        0        0        0        0        0        0 2.81e-13
    60.8        0        0        0        0        0        0 2.54e-13
      61        0        0        0        0        0        0  2.3e-13
    61.2        0        0        0        0        0        0 2.08e-13
    61.4        0        0        0        0        0        0 1.88e-13
    61.6        0        0        0        0        0        0 1.71e-13
    61.8        0        0        0        0        0        0 1.54e-13
      62        0        0        0        0        0        0  1.4e-13
    62.2        0        0        0        0        0        0 1.26e-13
    62.4        0        0        0        0        0        0 1.14e-13
    62.6        0        0        0        0        0        0 1.03e-13
    62.8        0        0        0        0        0        0 9.36e-14
      63        0        0        0        0        0        0 8.47e-14
    63.2        0        0        0        0        0        0 7.66e-14
    63.4        0        0        0        0        0        0 6.93e-14
    63.6        0        0        0        0        0        0 6.27e-14
    63.8        0        0        0        0        0        0 5.68e-14
      64        0        0        0        0        0        0 5.14e-14
    64.2        0        0        0        0        0        0 4.65e-14
    64.4        0        0        0        0        0        0 4.21e-14
    64.6        0        0        0        0        0        0 3.81e-14
    64.8        0        0        0        0        0        0 3.44e-14
      65        0        0        0        0        0        0 3.12e-14
    65.2        0        0        0        0        0        0 2.82e-14
    65.4        0        0        0        0        0        0 2.55e-14
    65.6        0        0        0        0        0        0 2.31e-14
    65.8        0        0        0        0        0        0 2.09e-14
      66        0        0        0        0        0        0 1.89e-14
    66.2        0        0        0        0        0        0 1.71e-14
    66.4        0        0        0        0        0        0 1.55e-14
    66.6        0        0        0        0        0        0  1.4e-14
    66.8        0        0        0        0        0        0 1.27e-14
      67        0        0        0        0        0        0 1.15e-14
    67.2        0        0        0        0        0        0 1.04e-14
    67.4        0        0        0        0        0        0 9.38e-15
    67.6        0        0        0        0        0        0 8.49e-15
    67.8        0        0        0        0        0        0 7.68e-15
      68        0        0        0        0        0        0 6.95e-15
    68.2        0        0        0        0        0        0 6.29e-15
    68.4        0        0        0        0        0        0 5.69e-15
    68.6        0        0        0        0        0        0 5.15e-15
    68.8        0        0        0        0        0        0 4.66e-15
      69        0        0        0        0        0        0 4.22e-15
    69.2        0        0        0        0        0        0 3.82e-15
    69.4        0        0        0        0        0        0 3.45e-15
    69.6        0        0        0        0        0        0 3.12e-15
    69.8        0        0        0        0        0        0 2.83e-15
      70        0        0        0        0        0        0 2.56e-15
    70.2        0        0        0        0        0        0 2.31e-15
    70.4        0        0        0        0        0        0 2.09e-15
    70.6        0        0        0        0        0        0 1.89e-15
    70.8        0        0        0        0        0        0 1.71e-15
      71        0        0        0        0        0        0 1.55e-15
    71.2        0        0        0        0        0        0 1.41e-15
    71.4        0        0        0        0        0        0 1.27e-15
    71.6        0        0        0        0        0        0 1.15e-15
    71.8        0        0        0        0        0        0 1.04e-15
      72        0        0        0        0        0        0 9.41e-16
    72.2        0        0        0        0        0        0 8.51e-16
    72.4        0        0        0        0        0        0  7.7e-16
    72.6        0        0        0        0        0        0 6.97e-16
    72.8        0        0        0        0        0        0 6.31e-16
      73        0        0        0        0        0        0 5.71e-16
    73.2        0        0        0        0        0        0 5.16e-16
    73.4        0        0        0        0        0        0 4.67e-16
    73.6        0        0        0        0        0        0 4.23e-16
    73.8        0        0        0        0        0        0 3.83e-16
      74        0        0        0        0        0        0 3.46e-16
    74.2        0        0        0        0        0        0 3.13e-16
    74.4        0        0        0        0        0        0 2.83e-16
    74.6        0        0        0        0        0        0 2.56e-16
    74.8        0        0        0        0        0        0 2.32e-16
      75        0        0        0        0        0        0  2.1e-16
    75.2        0        0        0        0        0        0  1.9e-16
    75.4        0        0        0        0        0        0 1.72e-16
    75.6        0        0        0        0        0        0 1.56e-16
    75.8        0        0        0        0        0        0 1.41e-16
      76        0        0        0        0        0        0 1.27e-16
    76.2        0        0        0        0        0        0 1.15e-16
    76.4        0        0        0        0        0        0 1.04e-16
    76.6        0        0        0        0        0        0 9.43e-17
    76.8        0        0        0        0        0        0 8.54e-17
      77        0        0        0        0        0        0 7.72e-17
    77.2        0        0        0        0        0        0 6.99e-17
    77.4        0        0        0        0        0        0 6.32e-17
    77.6        0        0        0        0        0        0 5.72e-17
    77.8        0        0        0        0        0        0 5.18e-17
      78        0        0        0        0        0        0 4.68e-17
    78.2        0        0        0        0        0        0 4.24e-17
    78.4        0        0        0        0        0        0 3.84e-17
    78.6        0        0        0        0        0        0 3.47e-17
    78.8        0        0        0        0        0        0 3.14e-17
      79        0        0        0        0        0        0 2.84e-17
    79.2        0        0        0        0        0        0 2.57e-17
    79.4        0        0        0        0        0        0 2.33e-17
    79.6        0        0        0        0        0        0  2.1e-17
    79.8        0        0        0        0        0        0  1.9e-17
      80        0        0        0        0        0        0 1.72e-17
    80.2        0        0        0        0        0        0 1.56e-17
    80.4        0        0        0        0        0        0 1.41e-17
    80.6        0        0        0        0        0        0 1.28e-17
    80.8        0        0        0        0        0        0 1.16e-17
      81        0        0        0        0        0        0 1.05e-17
    81.2        0        0        0        0        0        0 9.45e-18
    81.4        0        0        0        0        0        0 8.56e-18
    81.6        0        0        0        0        0        0 7.74e-18
    81.8        0        0        0        0        0        0 7.01e-18
      82        0        0        0        0        0        0 6.34e-18
    82.2        0        0        0        0        0        0 5.74e-18
    82.4        0        0        0        0        0        0 5.19e-18
    82.6        0        0        0        0        0        0  4.7e-18
    82.8        0        0        0        0        0        0 4.25e-18
      83        0        0        0        0        0        0 3.84e-18
    83.2        0        0        0        0        0        0 3.48e-18
    83.4        0        0        0        0        0        0 3.15e-18
    83.6        0        0        0        0        0        0 2.85e-18
    83.8        0        0        0        0        0        0 2.58e-18
      84        0        0        0        0        0        0 2.33e-18
    84.2        0        0        0        0        0        0 2.11e-18
    84.4        0        0        0        0        0        0 1.91e-18
    84.6        0        0        0        0        0        0 1.73e-18
    84.8        0        0        0        0        0        0 1.56e-18
      85        0        0        0        0        0        0 1.42e-18
    85.2        0        0        0        0        0        0 1.28e-18
    85.4        0        0        0        0        0        0 1.16e-18
    85.6        0        0        0        0        0        0 1.05e-18
    85.8        0        0        0        0        0        0 9.48e-19
      86        0        0        0        0        0        0 8.58e-19
    86.2        0        0        0        0        0        0 7.76e-19
    86.4        0        0        0        0        0        0 7.02e-19
    86.6        0        0        0        0        0        0 6.36e-19
    86.8        0        0        0        0        0        0 5.75e-19
      87        0        0        0        0        0        0  5.2e-19
    87.2        0        0        0        0        0        0 4.71e-19
    87.4        0        0        0        0        0        0 4.26e-19
    87.6        0        0        0        0        0        0 3.85e-19
    87.8        0        0        0        0        0        0 3.49e-19
      88        0        0        0        0        0        0 3.16e-19
    88.2        0        0        0        0        0        0 2.86e-19
    88.4        0        0        0        0        0        0 2.58e-19
    88.6        0        0        0        0        0        0 2.34e-19
    88.8        0        0        0        0        0        0 2.12e-19
      89        0        0        0        0        0        0 1.91e-19
    89.2        0        0        0        0        0        0 1.73e-19
    89.4        0        0        0        0        0        0 1.57e-19
    89.6        0        0        0        0        0        0 1.42e-19
    89.8        0        0        0        0        0        0 1.28e-19
      90        0        0        0        0        0        0 1.16e-19
    90.2        0        0        0        0        0        0 1.05e-19
    90.4        0        0        0        0        0        0 9.51e-20
    90.6        0        0        0        0        0        0  8.6e-20
    90.8        0        0        0        0        0        0 7.78e-20
      91        0        0        0        0        0        0 7.04e-20
    91.2        0        0        0        0        0        0 6.37e-20
    91.4        0        0        0        0        0        0 5.77e-20
    91.6        0        0        0        0        0        0 5.22e-20
    91.8        0        0        0        0        0        0 4.72e-20
      92        0        0        0        0        0        0 4.27e-20
    92.2        0        0        0        0        0        0 3.86e-20
    92.4        0        0        0        0        0        0  3.5e-20
    92.6        0        0        0        0        0        0 3.16e-20
    92.8        0        0        0        0        0        0 2.86e-20
      93        0        0        0        0        0        0 2.59e-20
    93.2        0        0        0        0        0        0 2.34e-20
    93.4        0        0        0        0        0        0 2.12e-20
    93.6        0        0        0        0        0        0 1.92e-20
    93.8        0        0        0        0        0        0 1.74e-20
      94        0        0        0        0        0        0 1.57e-20
    94.2        0        0        0        0        0        0 1.42e-20
    94.4        0        0        0        0        0        0 1.29e-20
    94.6        0        0        0        0        0        0 1.16e-20
    94.8        0        0        0        0        0        0 1.05e-20
      95        0        0        0        0        0        0 9.53e-21
    95.2        0        0        0        0        0        0 8.62e-21
    95.4        0        0        0        0        0        0  7.8e-21
    95.6        0        0        0        0        0        0 7.06e-21
    95.8        0        0        0        0        0        0 6.39e-21
      96        0        0        0        0        0        0 5.78e-21
    96.2        0        0        0        0        0        0 5.23e-21
    96.4        0        0        0        0        0        0 4.73e-21
    96.6        0        0        0        0        0        0 4.28e-21
    96.8        0        0        0        0        0        0 3.87e-21
      97        0        0        0        0        0        0 3.51e-21
    97.2        0        0        0        0        0        0 3.17e-21
    97.4        0        0        0        0        0        0 2.87e-21
    97.6        0        0        0        0        0        0  2.6e-21
    97.8        0        0        0        0        0        0 2.35e-21
      98        0        0        0        0        0        0 2.13e-21
    98.2        0        0        0        0        0        0 1.92e-21
    98.4        0        0        0        0        0        0 1.74e-21
    98.6        0        0        0        0        0        0 1.58e-21
    98.8        0        0        0        0        0        0 1.43e-21
      99        0        0        0        0        0        0 1.29e-21
    99.2        0        0        0        0        0        0 1.17e-21
    99.4        0        0        0        0        0        0 1.06e-21
    99.6        0        0        0        0        0        0 9.54e-22
    99.8        0        0        0        0        0        0 8.58e-22
