     -25        0        0        0        0        0        0   0.0178
   -24.8        0        0        0        0        0        0   0.0185
   -24.6        0        0        0        0        0        0   0.0192
   -24.4        0        0        0        0        0        0     0.02
   -24.2        0        0        0        0        0        0   0.0207
     -24        0        0        0        0        0        0   0.0215
   -23.8        0        0        0        0        0        0   0.0224
   -23.6        0        0        0        0        0        0   0.0232
   -23.4        0        0        0        0        0        0   0.0241
   -23.2        0        0        0        0        0        0    0.025
     -23        0        0        0        0        0        0    0.026
   -22.8        0        0        0        0        0        0    0.027
   -22.6        0        0        0        0        0        0    0.028
   -22.4        0        0        0        0        0        0    0.029
   -22.2        0        0        0        0        0        0   0.0301
     -22        0        0        0        0        0        0   0.0313
   -21.8        0        0        0        0        0        0   0.0325
   -21.6        0        0        0        0        0        0   0.0337
   -21.4        0        0        0        0        0        0   0.0349
   -21.2        0        0        0        0        0        0   0.0363
     -21        0        0        0        0        0        0   0.0376
   -20.8        0        0        0        0        0        0    0.039
   -20.6        0        0        0        0        0        0   0.0405
   -20.4        0        0        0        0        0        0    0.042
   -20.2        0        0        0        0        0        0   0.0435
     -20        0        0        0        0        0        0   0.0452
   -19.8        0        0        0        0        0        0   0.0468
   -19.6        0        0        0        0        0        0   0.0486
   -19.4        0        0        0        0        0        0   0.0504
   -19.2        0        0        0        0        0        0   0.0522
     -19        0        0        0        0        0        0   0.0541
   -18.8        0        0        0        0        0        0   0.0561
   -18.6        0        0        0        0        0        0   0.0582
   -18.4        0        0        0        0        0        0   0.0603
   -18.2        0        0        0        0        0        0   0.0625
     -18        0        0        0        0        0        0   0.0647
   -17.8        0        0        0        0        0        0   0.0671
   -17.6        0        0        0        0        0        0   0.0695
   -17.4        0        0        0        0        0        0    0.072
   -17.2        0        0        0        0        0        0   0.0746
     -17        0        0        0        0        0        0   0.0772
   -16.8        0        0        0        0        0        0     0.08
   -16.6        0        0        0        0        0        0   0.0828
   -16.4        0        0        0        0        0        0   0.0857
   -16.2        0        0        0        0        0        0   0.0888
     -16        0        0        0        0        0        0   0.0919
   -15.8        0        0        0        0        0        0   0.0951
   -15.6        0        0        0        0        0        0   0.0983
   -15.4        0        0        0        0        0        0    0.102
   -15.2        0        0        0        0        0        0    0.105
     -15        0        0        0        0        0        0    0.109
   -14.8        0        0        0        0        0        0    0.113
   -14.6        0        0        0        0        0        0    0.116
   -14.4        0        0        0        0        0        0     0.12
   -14.2        0        0        0        0        0        0    0.124
     -14        0        0        0        0        0        0    0.129
   -13.8        0        0        0        0        0        0    0.133
   -13.6        0        0        0        0        0        0    0.137
   -13.4        0        0        0        0        0        0    0.142
   -13.2        0        0        0        0        0        0    0.146
     -13        0        0        0        0        0        0    0.151
   -12.8        0        0        0        0        0        0    0.156
   -12.6        0        0        0        0        0        0    0.161
   -12.4        0        0        0        0        0        0    0.166
   -12.2        0        0        0        0        0        0    0.171
     -12        0        0        0        0        0        0    0.177
   -11.8        0        0        0        0        0        0    0.182
   -11.6        0        0        0        0        0        0    0.188
   -11.4        0        0        0        0        0        0    0.193
   -11.2        0        0        0        0        0        0    0.199
     -11        0        0        0        0        0        0    0.205
   -10.8        0        0        0        0        0        0    0.211
   -10.6        0        0        0        0        0        0    0.217
   -10.4        0        0        0        0        0        0    0.224
   -10.2        0        0        0        0        0        0     0.23
     -10        0        0        0        0        0        0    0.237
    -9.8        0        0        0        0        0        0    0.243
    -9.6        0        0        0        0        0        0     0.25
    -9.4        0        0        0        0        0        0    0.257
    -9.2        0        0        0        0        0        0    0.264
      -9        0        0        0        0        0        0    0.271
    -8.8        0        0        0        0        0        0    0.278
    -8.6        0        0        0        0        0        0    0.286
    -8.4        0        0        0        0        0        0    0.293
    -8.2        0        0        0        0        0        0    0.301
      -8        0        0        0        0        0        0    0.308
    -7.8        0        0        0        0        0        0    0.316
    -7.6        0        0        0        0        0        0    0.324
    -7.4        0        0        0        0        0        0    0.332
    -7.2        0        0        0        0        0        0     0.34
      -7        0        0        0        0        0        0    0.347
    -6.8        0        0        0        0        0        0    0.356
    -6.6        0        0        0        0        0        0    0.364
    -6.4        0        0        0        0        0        0    0.372
    -6.2        0        0        0        0        0        0     0.38
      -6        0        0        0        0        0        0    0.388
    -5.8        0        0        0        0        0        0    0.396
    -5.6        0        0        0        0        0        0    0.404
    -5.4        0        0        0        0        0        0    0.413
    -5.2        0        0        0        0        0        0    0.421
      -5        0        0        0        0        0        0    0.429
    -4.8        0        0        0        0        0        0    0.437
    -4.6        0        0        0        0        0        0    0.446
    -4.4        0        0        0        0        0        0    0.454
    -4.2        0        0        0        0        0        0    0.462
      -4        0        0        0        0        0        0     0.47
    -3.8        0        0        0        0        0        0    0.478
    -3.6        0        0        0        0        0        0    0.486
    -3.4        0        0        0        0        0        0    0.494
    -3.2        0        0        0        0        0        0    0.502
      -3        0        0        0        0        0        0    0.509
    -2.8        0        0        0        0        0        0    0.517
    -2.6        0        0        0        0        0        0    0.524
    -2.4        0        0        0        0        0        0    0.532
    -2.2        0        0        0        0        0        0    0.539
      -2        0        0        0        0        0        0    0.546
    -1.8        0        0        0        0        0        0    0.553
    -1.6        0        0        0        0        0        0     0.56
    -1.4        0        0        0        0        0        0    0.566
    -1.2        0        0        0        0        0        0    0.573
      -1        0        0        0        0        0        0    0.579
    -0.8        0        0        0        0        0        0    0.585
    -0.6        0        0        0        0        0        0    0.591
    -0.4        0        0        0        0        0        0    0.597
    -0.2        0        0        0        0        0        0    0.603
-1.78e-15        0        0        0        0        0        0    0.608
     0.2        0        0        0        0        0        0    0.613
     0.4        0        0        0        0        0        0    0.618
     0.6        0        0        0        0        0        0    0.623
     0.8        0        0        0        0        0        0    0.627
       1        0        0        0        0        0        0    0.631
     1.2        0        0        0        0        0        0    0.635
     1.4        0        0        0        0        0        0    0.639
     1.6        0        0        0        0        0        0    0.642
     1.8        0        0        0        0        0        0    0.646
       2        0        0        0        0        0        0    0.648
     2.2        0        0        0        0        0        0    0.651
     2.4        0        0        0        0        0        0    0.653
     2.6        0        0        0        0        0        0    0.656
     2.8        0        0        0        0        0        0    0.657
       3        0        0        0        0        0        0    0.659
     3.2        0        0        0        0        0        0     0.66
     3.4        0        0        0        0        0        0    0.661
     3.6        0        0        0        0        0        0    0.662
     3.8        0        0        0        0        0        0    0.662
       4        0        0        0        0        0        0    0.662
     4.2        0        0        0        0        0        0    0.662
     4.4        0        0        0        0        0        0    0.662
     4.6        0        0        0        0        0        0    0.661
     4.8        0        0        0        0        0        0     0.66
       5        0        0        0        0        0        0    0.659
     5.2        0        0        0        0        0        0    0.657
     5.4        0        0        0        0        0        0    0.656
     5.6        0        0        0        0        0        0    0.653
     5.8        0        0        0        0        0        0    0.651
       6        0        0        0        0        0        0    0.648
     6.2        0        0        0        0        0        0    0.646
     6.4        0        0        0        0        0        0    0.642
     6.6        0        0        0        0        0        0    0.639
     6.8        0        0        0        0        0        0    0.635
       7        0        0        0        0        0        0    0.631
     7.2        0        0        0        0        0        0    0.627
     7.4        0        0        0        0        0        0    0.623
     7.6        0        0        0        0        0        0    0.618
     7.8        0        0        0        0        0        0    0.613
       8        0        0        0        0        0        0    0.608
     8.2        0        0        0        0        0        0    0.603
     8.4        0        0        0        0        0        0    0.597
     8.6        0        0        0        0        0        0    0.591
     8.8        0        0        0        0        0        0    0.585
       9        0        0        0        0        0        0    0.579
     9.2        0        0        0        0        0        0    0.573
     9.4        0        0        0        0        0        0    0.566
     9.6        0        0        0        0        0        0     0.56
     9.8        0        0        0        0        0        0    0.553
      10        0        0        0        0        0        0    0.546
    10.2        0        0        0        0        0        0    0.539
    10.4        0        0        0        0        0        0    0.532
    10.6        0        0        0        0        0        0    0.524
    10.8        0        0        0        0        0        0    0.517
      11        0        0        0        0        0        0    0.509
    11.2        0        0        0        0        0        0    0.502
    11.4        0        0        0        0        0        0    0.494
    11.6        0        0        0        0        0        0    0.486
    11.8        0        0        0        0        0        0    0.478
      12        0        0        0        0        0        0     0.47
    12.2        0        0        0        0        0        0    0.462
    12.4        0        0        0        0        0        0    0.454
    12.6        0        0        0        0        0        0    0.446
    12.8        0        0        0        0        0        0    0.437
      13        0        0        0        0        0        0    0.429
    13.2        0        0        0        0        0        0    0.421
    13.4        0        0        0        0        0        0    0.413
    13.6        0        0        0        0        0        0    0.404
    13.8        0        0        0        0        0        0    0.396
      14        0        0        0        0        0        0    0.388
    14.2        0        0        0        0        0        0     0.38
    14.4        0        0        0        0        0        0    0.372
    14.6        0        0        0        0        0        0    0.364
    14.8        0        0        0        0        0        0    0.356
      15        0        0        0        0        0        0    0.347
    15.2        0        0        0        0        0        0     0.34
    15.4        0        0        0        0        0        0    0.332
    15.6        0        0        0        0        0        0    0.324
    15.8        0        0        0        0        0        0    0.316
      16        0        0        0        0        0        0    0.308
    16.2        0        0        0        0        0        0    0.301
    16.4        0        0        0        0        0        0    0.293
    16.6        0        0        0        0        0        0    0.286
    16.8        0        0        0        0        0        0    0.278
      17        0        0        0        0        0        0    0.271
    17.2        0        0        0        0        0        0    0.264
    17.4        0        0        0        0        0        0    0.257
    17.6        0        0        0        0        0        0     0.25
    17.8        0        0        0        0        0        0    0.243
      18        0        0        0        0        0        0    0.237
    18.2        0        0        0        0        0        0     0.23
    18.4        0        0        0        0        0        0    0.224
    18.6        0        0        0        0        0        0    0.217
    18.8        0        0        0        0        0        0    0.211
      19        0        0        0        0        0        0    0.205
    19.2        0        0        0        0        0        0    0.199
    19.4        0        0        0        0        0        0    0.193
    19.6        0        0        0        0        0        0    0.188
    19.8        0        0        0        0        0        0    0.182
      20        0        0        0        0        0        0    0.177
    20.2        0        0        0        0        0        0    0.171
    20.4        0        0        0        0        0        0    0.166
    20.6        0        0        0        0        0        0    0.161
    20.8        0        0        0        0        0        0    0.156
      21        0        0        0        0        0        0    0.151
    21.2        0        0        0        0        0        0    0.146
    21.4        0        0        0        0        0        0    0.142
    21.6        0        0        0        0        0        0    0.137
    21.8        0        0        0        0        0        0    0.133
      22        0        0        0        0        0        0    0.129
    22.2        0        0        0        0        0        0    0.124
    22.4        0        0        0        0        0        0     0.12
    22.6        0        0        0        0        0        0    0.116
    22.8        0        0        0        0        0        0    0.113
      23        0        0        0        0        0        0    0.109
    23.2        0        0        0        0        0        0    0.105
    23.4        0        0        0        0        0        0    0.102
    23.6        0        0        0        0        0        0   0.0983
    23.8        0        0        0        0        0        0   0.0951
      24        0        0        0        0        0        0   0.0919
    24.2        0        0        0        0        0        0   0.0888
    24.4        0        0        0        0        0        0   0.0857
    24.6        0        0        0        0        0        0   0.0828
    24.8        0        0        0        0        0        0     0.08
      25        0        0        0        0        0        0   0.0772
    25.2        0        0        0        0        0        0   0.0746
    25.4        0        0        0        0        0        0    0.072
    25.6        0        0        0        0        0        0   0.0695
    25.8        0        0        0        0        0        0   0.0671
      26        0        0        0        0        0        0   0.0647
    26.2        0        0        0        0        0        0   0.0625
    26.4        0        0        0        0        0        0   0.0603
    26.6        0        0        0        0        0        0   0.0582
    26.8        0        0        0        0        0        0   0.0561
      27        0        0        0        0        0        0   0.0541
    27.2        0        0        0        0        0        0   0.0522
    27.4        0        0        0        0        0        0   0.0504
    27.6        0        0        0        0        0        0   0.0486
    27.8        0        0        0        0        0        0   0.0468
      28        0        0        0        0        0        0   0.0452
    28.2        0        0        0        0        0        0   0.0435
    28.4        0        0        0        0        0        0    0.042
    28.6        0        0        0        0        0        0   0.0405
    28.8        0        0        0        0        0        0    0.039
      29        0        0        0        0        0        0   0.0376
    29.2        0        0        0        0        0        0   0.0363
    29.4        0        0        0        0        0        0   0.0349
    29.6        0        0        0        0        0        0   0.0337
    29.8        0        0        0        0        0        0   0.0325
      30        0        0        0        0        0        0   0.0313
    30.2        0        0        0        0        0        0   0.0301
    30.4        0        0        0        0        0        0    0.029
    30.6        0        0        0        0        0        0    0.028
    30.8        0        0        0        0        0        0    0.027
      31        0        0        0        0        0        0    0.026
    31.2        0        0        0        0        0        0    0.025
    31.4        0        0        0        0        0        0   0.0241
    31.6        0        0        0        0        0        0   0.0232
    31.8        0        0        0        0        0        0   0.0224
      32        0        0        0        0        0        0   0.0215
    32.2        0        0        0        0        0        0   0.0207
    32.4        0        0        0        0        0        0     0.02
    32.6        0        0        0        0        0        0   0.0192
    32.8        0        0        0        0        0        0   0.0185
      33        0        0        0        0        0        0   0.0178
    33.2        0        0        0        0        0        0   0.0172
    33.4        0        0        0        0        0        0   0.0166
    33.6        0        0        0        0        0        0   0.0159
    33.8        0        0        0        0        0        0   0.0153
      34        0        0        0        0        0        0   0.0148
    34.2        0        0        0        0        0        0   0.0142
    34.4        0        0        0        0        0        0   0.0137
    34.6        0        0        0        0        0        0   0.0132
    34.8        0        0        0        0        0        0   0.0127
      35        0        0        0        0        0        0   0.0122
    35.2        0        0        0        0        0        0   0.0118
    35.4        0        0        0        0        0        0   0.0113
    35.6        0        0        0        0        0        0   0.0109
    35.8        0        0        0        0        0        0   0.0105
      36        0        0        0        0        0        0   0.0101
    36.2        0        0        0        0        0        0  0.00974
    36.4        0        0        0        0        0        0  0.00938
    36.6        0        0        0        0        0        0  0.00903
    36.8        0        0        0        0        0        0  0.00869
      37        0        0        0        0        0        0  0.00837
    37.2        0        0        0        0        0        0  0.00805
    37.4        0        0        0        0        0        0  0.00775
    37.6        0        0        0        0        0        0  0.00746
    37.8        0        0        0        0        0        0  0.00718
      38        0        0        0        0        0        0  0.00691
    38.2        0        0        0        0        0        0  0.00665
    38.4        0        0        0        0        0        0  0.00641
    38.6        0        0        0        0        0        0  0.00617
    38.8        0        0        0        0        0        0  0.00593
      39        0        0        0        0        0        0  0.00571
    39.2        0        0        0        0        0        0   0.0055
    39.4        0        0        0        0        0        0  0.00529
    39.6        0        0        0        0        0        0  0.00509
    39.8        0        0        0        0        0        0   0.0049
      40        0        0        0        0        0        0  0.00472
    40.2        0        0        0        0        0        0  0.00454
    40.4        0        0        0        0        0        0  0.00437
    40.6        0        0        0        0        0        0  0.00421
    40.8        0        0        0        0        0        0  0.00405
      41        0        0        0        0        0        0   0.0039
    41.2        0        0        0        0        0        0  0.00375
    41.4        0        0        0        0        0        0  0.00361
    41.6        0        0        0        0        0        0  0.00347
    41.8        0        0        0        0        0        0  0.00334
      42        0        0        0        0        0        0  0.00322
    42.2        0        0        0        0        0        0   0.0031
    42.4        0        0        0        0        0        0  0.00298
    42.6        0        0        0        0        0        0  0.00287
    42.8        0        0        0        0        0        0  0.00276
      43        0        0        0        0        0        0  0.00266
    43.2        0        0        0        0        0        0  0.00256
    43.4        0        0        0        0        0        0  0.00246
    43.6        0        0        0        0        0        0  0.00237
    43.8        0        0        0        0        0        0  0.00228
      44        0        0        0        0        0        0  0.00219
    44.2        0        0        0        0        0        0  0.00211
    44.4        0        0        0        0        0        0  0.00203
    44.6        0        0        0        0        0        0  0.00195
    44.8        0        0        0        0        0        0  0.00188
      45        0        0        0        0        0        0  0.00181
    45.2        0        0        0        0        0        0  0.00174
    45.4        0        0        0        0        0        0  0.00168
    45.6        0        0        0        0        0        0  0.00161
    45.8        0        0        0        0        0        0  0.00155
      46        0        0        0        0        0        0  0.00149
    46.2        0        0        0        0        0        0  0.00144
    46.4        0        0        0        0        0        0  0.00138
    46.6        0        0        0        0        0        0  0.00133
    46.8        0        0        0        0        0        0  0.00128
      47        0        0        0        0        0        0  0.00123
    47.2        0        0        0        0        0        0  0.00119
    47.4        0        0        0        0        0        0  0.00114
    47.6        0        0        0        0        0        0   0.0011
    47.8        0        0        0        0        0        0  0.00106
      48        0        0        0        0        0        0  0.00102
    48.2        0        0        0        0        0        0 0.000979
    48.4        0        0        0        0        0        0 0.000942
    48.6        0        0        0        0        0        0 0.000907
    48.8        0        0        0        0        0        0 0.000873
      49        0        0        0        0        0        0  0.00084
    49.2        0        0        0        0        0        0 0.000808
    49.4        0        0        0        0        0        0 0.000778
    49.6        0        0        0        0        0        0 0.000748
    49.8        0        0        0        0        0        0  0.00072
      50        0        0        0        0        0        0 0.000693
    50.2        0        0        0        0        0        0 0.000667
    50.4        0        0        0        0        0        0 0.000642
    50.6        0        0        0        0        0        0 0.000617
    50.8        0        0        0        0        0        0 0.000594
      51        0        0        0        0        0        0 0.000572
    51.2        0        0        0        0        0        0  0.00055
    51.4        0        0        0        0        0        0 0.000529
    51.6        0        0        0        0        0        0 0.000509
    51.8        0        0        0        0        0        0  0.00049
      52        0        0        0        0        0        0 0.000472
    52.2        0        0        0        0        0        0 0.000454
    52.4        0        0        0        0        0        0 0.000437
    52.6        0        0        0        0        0        0  0.00042
    52.8        0        0        0        0        0        0 0.000405
      53        0        0        0        0        0        0 0.000389
    53.2        0        0        0        0        0        0 0.000375
    53.4        0        0        0        0        0        0  0.00036
    53.6        0        0        0        0        0        0 0.000347
    53.8        0        0        0        0        0        0 0.000334
      54        0        0        0        0        0        0 0.000321
    54.2        0        0        0        0        0        0 0.000309
    54.4        0        0        0        0        0        0 0.000297
    54.6        0        0        0        0        0        0 0.000286
    54.8        0        0        0        0        0        0 0.000275
      55        0        0        0        0        0        0 0.000265
    55.2        0        0        0        0        0        0 0.000255
    55.4        0        0        0        0        0        0 0.000245
    55.6        0        0        0        0        0        0 0.000236
    55.8        0        0        0        0        0        0 0.000227
      56        0        0        0        0        0        0 0.000219
    56.2        0        0        0        0        0        0  0.00021
    56.4        0        0        0        0        0        0 0.000202
    56.6        0        0        0        0        0        0 0.000195
    56.8        0        0        0        0        0        0 0.000187
      57        0        0        0        0        0        0  0.00018
    57.2        0        0        0        0        0        0 0.000174
    57.4        0        0        0        0        0        0 0.000167
    57.6        0        0        0        0        0        0 0.000161
    57.8        0        0        0        0        0        0 0.000155
      58        0        0        0        0        0        0 0.000149
    58.2        0        0        0        0        0        0 0.000143
    58.4        0        0        0        0        0        0 0.000138
    58.6        0        0        0        0        0        0 0.000133
    58.8        0        0        0        0        0        0 0.000128
      59        0        0        0        0        0        0 0.000123
    59.2        0        0        0        0        0        0 0.000118
    59.4        0        0        0        0        0        0 0.000114
    59.6        0        0        0        0        0        0 0.000109
    59.8        0        0        0        0        0        0 0.000105
      60        0        0        0        0        0        0 0.000101
    60.2        0        0        0        0        0        0 9.76e-05
    60.4        0        0        0        0        0        0 9.38e-05
    60.6        0        0        0        0        0        0 9.03e-05
    60.8        0        0        0        0        0        0 8.69e-05
      61        0        0        0        0        0        0 8.36e-05
    61.2        0        0        0        0        0        0 8.05e-05
    61.4        0        0        0        0        0        0 7.74e-05
    61.6        0        0        0        0        0        0 7.45e-05
    61.8        0        0        0        0        0        0 7.17e-05
      62        0        0        0        0        0        0  6.9e-05
    62.2        0        0        0        0        0        0 6.64e-05
    62.4        0        0        0        0        0        0 6.39e-05
    62.6        0        0        0        0        0        0 6.15e-05
    62.8        0        0        0        0        0        0 5.91e-05
      63        0        0        0        0        0        0 5.69e-05
    63.2        0        0        0        0        0        0 5.48e-05
    63.4        0        0        0        0        0        0 5.27e-05
    63.6        0        0        0        0        0        0 5.07e-05
    63.8        0        0        0        0        0        0 4.88e-05
      64        0        0        0        0        0        0  4.7e-05
    64.2        0        0        0        0        0        0 4.52e-05
    64.4        0        0        0        0        0        0 4.35e-05
    64.6        0        0        0        0        0        0 3.16e-05
    82.2        0        0        0        0        0        0        0
    82.4        0        0        0        0        0        0 1.36e-06
    82.6        0        0        0        0        0        0 1.31e-06
    82.8        0        0        0        0        0        0 1.26e-06
      83        0        0        0        0        0        0 1.22e-06
    83.2        0        0        0        0        0        0 1.17e-06
    83.4        0        0        0        0        0        0 1.13e-06
    83.6        0        0        0        0        0        0 1.08e-06
    83.8        0        0        0        0        0        0 1.04e-06
      84        0        0        0        0        0        0    1e-06
    84.2        0        0        0        0        0        0 9.65e-07
    84.4        0        0        0        0        0        0 9.29e-07
    84.6        0        0        0        0        0        0 8.94e-07
    84.8        0        0        0        0        0        0  8.6e-07
      85        0        0        0        0        0        0 8.28e-07
    85.2        0        0        0        0        0        0 7.96e-07
    85.4        0        0        0        0        0        0 7.66e-07
    85.6        0        0        0        0        0        0 7.38e-07
    85.8        0        0        0        0        0        0  7.1e-07
      86        0        0        0        0        0        0 6.83e-07
    86.2        0        0        0        0        0        0 6.57e-07
    86.4        0        0        0        0        0        0 6.32e-07
    86.6        0        0        0        0        0        0 6.08e-07
    86.8        0        0        0        0        0        0 5.86e-07
      87        0        0        0        0        0        0 5.63e-07
    87.2        0        0        0        0        0        0 5.42e-07
    87.4        0        0        0        0        0        0 5.22e-07
    87.6        0        0        0        0        0        0 5.02e-07
    87.8        0        0        0        0        0        0 4.83e-07
      88        0        0        0        0        0        0 4.65e-07
    88.2        0        0        0        0        0        0 4.47e-07
    88.4        0        0        0        0        0        0  4.3e-07
    88.6        0        0        0        0        0        0 4.14e-07
    88.8        0        0        0        0        0        0 3.99e-07
      89        0        0        0        0        0        0 3.84e-07
    89.2        0        0        0        0        0        0 3.69e-07
    89.4        0        0        0        0        0        0 3.55e-07
    89.6        0        0        0        0        0        0 3.42e-07
    89.8        0        0        0        0        0        0 3.29e-07
      90        0        0        0        0        0        0 3.16e-07
    90.2        0        0        0        0        0        0 3.04e-07
    90.4        0        0        0        0        0        0 2.93e-07
    90.6        0        0        0        0        0        0 2.82e-07
    90.8        0        0        0        0        0        0 2.71e-07
      91        0        0        0        0        0        0 2.61e-07
    91.2        0        0        0        0        0        0 2.51e-07
    91.4        0        0        0        0        0        0 2.42e-07
    91.6        0        0        0        0        0        0 2.33e-07
    91.8        0        0        0        0        0        0 2.24e-07
      92        0        0        0        0        0        0 2.15e-07
    92.2        0        0        0        0        0        0 2.07e-07
    92.4        0        0        0        0        0        0 1.99e-07
    92.6        0        0        0        0        0        0 1.92e-07
    92.8        0        0        0        0        0        0 1.85e-07
      93        0        0        0        0        0        0 1.78e-07
    93.2        0        0        0        0        0        0 1.71e-07
    93.4        0        0        0        0        0        0 1.65e-07
    93.6        0        0        0        0        0        0 1.58e-07
    93.8        0        0        0        0        0        0 1.52e-07
      94        0        0        0        0        0        0 1.47e-07
    94.2        0        0        0        0        0        0 1.41e-07
    94.4        0        0        0        0        0        0 1.36e-07
    94.6        0        0        0        0        0        0 1.31e-07
    94.8        0        0        0        0        0        0 1.26e-07
      95        0        0        0        0        0        0 1.21e-07
    95.2        0        0        0        0        0        0 1.16e-07
    95.4        0        0        0        0        0        0 1.12e-07
    95.6        0        0        0        0        0        0 1.08e-07
    95.8        0        0        0        0        0        0 1.04e-07
      96        0        0        0        0        0        0 9.99e-08
    96.2        0        0        0        0        0        0  9.6e-08
    96.4        0        0        0        0        0        0 9.24e-08
    96.6        0        0        0        0        0        0 8.89e-08
    96.8        0        0        0        0        0        0 8.56e-08
      97        0        0        0        0        0        0 8.23e-08
    97.2        0        0        0        0        0        0 7.92e-08
    97.4        0        0        0        0        0        0 7.63e-08
    97.6        0        0        0        0        0        0 7.34e-08
    97.8        0        0        0        0        0        0 7.06e-08
      98        0        0        0        0        0        0 6.79e-08
    98.2        0        0        0        0        0        0 6.54e-08
    98.4        0        0        0        0        0        0 6.29e-08
    98.6        0        0        0        0        0        0 6.05e-08
    98.8        0        0        0        0        0        0 5.83e-08
      99        0        0        0        0        0        0 5.61e-08
    99.2        0        0        0        0        0        0 5.39e-08
    99.4        0        0        0        0        0        0 5.19e-08
    99.6        0        0        0        0        0        0 4.99e-08
    99.8        0        0        0        0        0        0 4.79e-08
