     -25        0        0        0        0        0        0   0.0178
   -24.8        0        0        0        0        0        0   0.0185
   -24.6        0        0        0        0        0        0   0.0192
   -24.4        0        0        0        0        0        0     0.02
   -24.2        0        0        0        0        0        0   0.0207
     -24        0        0        0        0        0        0   0.0215
   -23.8        0        0        0        0        0        0   0.0224
   -23.6        0        0        0        0        0        0   0.0232
   -23.4        0        0        0        0        0        0   0.0241
   -23.2        0        0        0        0        0        0    0.025
     -23        0        0        0        0        0        0    0.026
   -22.8        0        0        0        0        0        0    0.027
   -22.6        0        0        0        0        0        0    0.028
   -22.4        0        0        0        0        0        0    0.029
   -22.2        0        0        0        0        0        0   0.0301
     -22        0        0        0        0        0        0   0.0313
   -21.8        0        0        0        0        0        0   0.0325
   -21.6        0        0        0        0        0        0   0.0337
   -21.4        0        0        0        0        0        0   0.0349
   -21.2        0        0        0        0        0        0   0.0362
     -21        0        0        0        0        0        0   0.0376
   -20.8        0        0        0        0        0        0    0.039
   -20.6        0        0        0        0        0        0   0.0405
   -20.4        0        0        0        0        0        0    0.042
   -20.2        0        0        0        0        0        0   0.0435
     -20        0        0        0        0        0        0   0.0452
   -19.8        0        0        0        0        0        0   0.0468
   -19.6        0        0        0        0        0        0   0.0486
   -19.4        0        0        0        0        0        0   0.0504
   -19.2        0        0        0        0        0        0   0.0522
     -19        0        0        0        0        0        0   0.0541
   -18.8        0        0        0        0        0        0   0.0561
   -18.6        0        0        0        0        0        0   0.0582
   -18.4        0        0        0        0        0        0   0.0603
   -18.2        0        0        0        0        0        0   0.0625
     -18        0        0        0        0        0        0   0.0647
   -17.8        0        0        0        0        0        0   0.0671
   -17.6        0        0        0        0        0        0   0.0695
   -17.4        0        0        0        0        0        0    0.072
   -17.2        0        0        0        0        0        0   0.0746
     -17        0        0        0        0        0        0   0.0772
   -16.8        0        0        0        0        0        0     0.08
   -16.6        0        0        0        0        0        0   0.0828
   -16.4        0        0        0        0        0        0   0.0857
   -16.2        0        0        0        0        0        0   0.0888
     -16        0        0        0        0        0        0   0.0919
   -15.8        0        0        0        0        0        0   0.0951
   -15.6        0        0        0        0        0        0   0.0983
   -15.4        0        0        0        0        0        0    0.102
   -15.2        0        0        0        0        0        0    0.105
     -15        0        0        0        0        0        0    0.109
   -14.8        0        0        0        0        0        0    0.113
   -14.6        0        0        0        0        0        0    0.116
   -14.4        0        0        0        0        0        0     0.12
   -14.2        0        0        0        0        0        0    0.124
     -14        0        0        0        0        0        0    0.129
   -13.8        0        0        0        0        0        0    0.133
   -13.6        0        0        0        0        0        0    0.137
   -13.4        0        0        0        0        0        0    0.142
   -13.2        0        0        0        0        0        0    0.146
     -13        0        0        0        0        0        0    0.151
   -12.8        0        0        0        0        0        0    0.156
   -12.6        0        0        0        0        0        0    0.161
   -12.4        0        0        0        0        0        0    0.166
   -12.2        0        0        0        0        0        0    0.171
     -12        0        0        0        0        0        0    0.177
   -11.8        0        0        0        0        0        0    0.182
   -11.6        0        0        0        0        0        0    0.188
   -11.4        0        0        0        0        0        0    0.193
   -11.2        0        0        0        0        0        0    0.199
     -11        0        0        0        0        0        0    0.205
   -10.8        0        0        0        0        0        0    0.211
   -10.6        0        0        0        0        0        0    0.218
   -10.4        0        0        0        0        0        0    0.224
   -10.2        0        0        0        0        0        0     0.23
     -10        0        0        0        0        0        0    0.237
    -9.8        0        0        0        0        0        0    0.244
    -9.6        0        0        0        0        0        0     0.25
    -9.4        0        0        0        0        0        0    0.257
    -9.2        0        0        0        0        0        0    0.264
      -9        0        0        0        0        0        0    0.272
    -8.8        0        0        0        0        0        0    0.279
    -8.6        0        0        0        0        0        0    0.286
    -8.4        0        0        0        0        0        0    0.294
    -8.2        0        0        0        0        0        0    0.301
      -8        0        0        0        0        0        0    0.309
    -7.8        0        0        0        0        0        0    0.317
    -7.6        0        0        0        0        0        0    0.325
    -7.4        0        0        0        0        0        0    0.332
    -7.2        0        0        0        0        0        0     0.34
      -7        0        0        0        0        0        0    0.349
    -6.8        0        0        0        0        0        0    0.357
    -6.6        0        0        0        0        0        0    0.365
    -6.4        0        0        0        0        0        0    0.373
    -6.2        0        0        0        0        0        0    0.381
      -6        0        0        0        0        0        0     0.39
    -5.8        0        0        0        0        0        0    0.398
    -5.6        0        0        0        0        0        0    0.406
    -5.4        0        0        0        0        0        0    0.415
    -5.2        0        0        0        0        0        0    0.423
      -5        0        0        0        0        0        0    0.432
    -4.8        0        0        0        0        0        0     0.44
    -4.6        0        0        0        0        0        0    0.449
    -4.4        0        0        0        0        0        0    0.457
    -4.2        0        0        0        0        0        0    0.465
      -4        0        0        0        0        0        0    0.474
    -3.8        0        0        0        0        0        0    0.482
    -3.6        0        0        0        0        0        0     0.49
    -3.4        0        0        0        0        0        0    0.498
    -3.2        0        0        0        0        0        0    0.507
      -3        0        0        0        0        0        0    0.515
    -2.8        0        0        0        0        0        0    0.523
    -2.6        0        0        0        0        0        0    0.531
    -2.4        0        0        0        0        0        0    0.538
    -2.2        0        0        0        0        0        0    0.546
      -2        0        0        0        0        0        0    0.554
    -1.8        0        0        0        0        0        0    0.561
    -1.6        0        0        0        0        0        0    0.568
    -1.4        0        0        0        0        0        0    0.576
    -1.2        0        0        0        0        0        0    0.583
      -1        0        0        0        0        0        0     0.59
    -0.8        0        0        0        0        0        0    0.596
    -0.6        0        0        0        0        0        0    0.603
    -0.4        0        0        0        0        0        0     0.61
    -0.2        0        0        0        0        0        0    0.616
1.78e-15        0        0        0        0        0        0    0.622
     0.2        0        0        0        0        0        0    0.628
     0.4        0        0        0        0        0        0    0.633
     0.6        0        0        0        0        0        0    0.639
     0.8        0        0        0        0        0        0    0.644
       1        0        0        0        0        0        0    0.649
     1.2        0        0        0        0        0        0    0.654
     1.4        0        0        0        0        0        0    0.659
     1.6        0        0        0        0        0        0    0.663
     1.8        0        0        0        0        0        0    0.667
       2        0        0        0        0        0        0    0.671
     2.2        0        0        0        0        0        0    0.675
     2.4        0        0        0        0        0        0    0.679
     2.6        0        0        0        0        0        0    0.682
     2.8        0        0        0        0        0        0    0.685
       3        0        0        0        0        0        0    0.688
     3.2        0        0        0        0        0        0     0.69
     3.4        0        0        0        0        0        0    0.692
     3.6        0        0        0        0        0        0    0.694
     3.8        0        0        0        0        0        0    0.696
       4        0        0        0        0        0        0    0.697
     4.2        0        0        0        0        0        0    0.699
     4.4        0        0        0        0        0        0    0.699
     4.6        0        0        0        0        0        0      0.7
     4.8        0        0        0        0        0        0    0.701
       5        0        0        0        0        0        0    0.701
     5.2        0        0        0        0        0        0    0.701
     5.4        0        0        0        0        0        0      0.7
     5.6        0        0        0        0        0        0    0.699
     5.8        0        0        0        0        0        0    0.699
       6        0        0        0        0        0        0    0.697
     6.2        0        0        0        0        0        0    0.696
     6.4        0        0        0        0        0        0    0.694
     6.6        0        0        0        0        0        0    0.692
     6.8        0        0        0        0        0        0     0.69
       7        0        0        0        0        0        0    0.688
     7.2        0        0        0        0        0        0    0.685
     7.4        0        0        0        0        0        0    0.682
     7.6        0        0        0        0        0        0    0.679
     7.8        0        0        0        0        0        0    0.675
       8        0        0        0        0        0        0    0.671
     8.2        0        0        0        0        0        0    0.667
     8.4        0        0        0        0        0        0    0.663
     8.6        0        0        0        0        0        0    0.659
     8.8        0        0        0        0        0        0    0.654
       9        0        0        0        0        0        0    0.649
     9.2        0        0        0        0        0        0    0.644
     9.4        0        0        0        0        0        0    0.639
     9.6        0        0        0        0        0        0    0.633
     9.8        0        0        0        0        0        0    0.628
      10        0        0        0        0        0        0    0.622
    10.2        0        0        0        0        0        0    0.616
    10.4        0        0        0        0        0        0     0.61
    10.6        0        0        0        0        0        0    0.603
    10.8        0        0        0        0        0        0    0.596
      11        0        0        0        0        0        0     0.59
    11.2        0        0        0        0        0        0    0.583
    11.4        0        0        0        0        0        0    0.576
    11.6        0        0        0        0        0        0    0.568
    11.8        0        0        0        0        0        0    0.561
      12        0        0        0        0        0        0    0.554
    12.2        0        0        0        0        0        0    0.546
    12.4        0        0        0        0        0        0    0.538
    12.6        0        0        0        0        0        0    0.531
    12.8        0        0        0        0        0        0    0.523
      13        0        0        0        0        0        0    0.515
    13.2        0        0        0        0        0        0    0.507
    13.4        0        0        0        0        0        0    0.498
    13.6        0        0        0        0        0        0     0.49
    13.8        0        0        0        0        0        0    0.482
      14        0        0        0        0        0        0    0.474
    14.2        0        0        0        0        0        0    0.465
    14.4        0        0        0        0        0        0    0.457
    14.6        0        0        0        0        0        0    0.449
    14.8        0        0        0        0        0        0     0.44
      15        0        0        0        0        0        0    0.432
    15.2        0        0        0        0        0        0    0.423
    15.4        0        0        0        0        0        0    0.415
    15.6        0        0        0        0        0        0    0.406
    15.8        0        0        0        0        0        0    0.398
      16        0        0        0        0        0        0     0.39
    16.2        0        0        0        0        0        0    0.381
    16.4        0        0        0        0        0        0    0.373
    16.6        0        0        0        0        0        0    0.365
    16.8        0        0        0        0        0        0    0.357
      17        0        0        0        0        0        0    0.349
    17.2        0        0        0        0        0        0     0.34
    17.4        0        0        0        0        0        0    0.332
    17.6        0        0        0        0        0        0    0.325
    17.8        0        0        0        0        0        0    0.317
      18        0        0        0        0        0        0    0.309
    18.2        0        0        0        0        0        0    0.301
    18.4        0        0        0        0        0        0    0.294
    18.6        0        0        0        0        0        0    0.286
    18.8        0        0        0        0        0        0    0.279
      19        0        0        0        0        0        0    0.272
    19.2        0        0        0        0        0        0    0.264
    19.4        0        0        0        0        0        0    0.257
    19.6        0        0        0        0        0        0     0.25
    19.8        0        0        0        0        0        0    0.244
      20        0        0        0        0        0        0    0.237
    20.2        0        0        0        0        0        0     0.23
    20.4        0        0        0        0        0        0    0.224
    20.6        0        0        0        0        0        0    0.218
    20.8        0        0        0        0        0        0    0.211
      21        0        0        0        0        0        0    0.205
    21.2        0        0        0        0        0        0    0.199
    21.4        0        0        0        0        0        0    0.193
    21.6        0        0        0        0        0        0    0.188
    21.8        0        0        0        0        0        0    0.182
      22        0        0        0        0        0        0    0.177
    22.2        0        0        0        0        0        0    0.171
    22.4        0        0        0        0        0        0    0.166
    22.6        0        0        0        0        0        0    0.161
    22.8        0        0        0        0        0        0    0.156
      23        0        0        0        0        0        0    0.151
    23.2        0        0        0        0        0        0    0.146
    23.4        0        0        0        0        0        0    0.142
    23.6        0        0        0        0        0        0    0.137
    23.8        0        0        0        0        0        0    0.133
      24        0        0        0        0        0        0    0.129
    24.2        0        0        0        0        0        0    0.124
    24.4        0        0        0        0        0        0     0.12
    24.6        0        0        0        0        0        0    0.116
    24.8        0        0        0        0        0        0    0.113
      25        0        0        0        0        0        0    0.109
    25.2        0        0        0        0        0        0    0.105
    25.4        0        0        0        0        0        0    0.102
    25.6        0        0        0        0        0        0   0.0983
    25.8        0        0        0        0        0        0   0.0951
      26        0        0        0        0        0        0   0.0919
    26.2        0        0        0        0        0        0   0.0888
    26.4        0        0        0        0        0        0   0.0857
    26.6        0        0        0        0        0        0   0.0828
    26.8        0        0        0        0        0        0     0.08
      27        0        0        0        0        0        0   0.0772
    27.2        0        0        0        0        0        0   0.0746
    27.4        0        0        0        0        0        0    0.072
    27.6        0        0        0        0        0        0   0.0695
    27.8        0        0        0        0        0        0   0.0671
      28        0        0        0        0        0        0   0.0647
    28.2        0        0        0        0        0        0   0.0625
    28.4        0        0        0        0        0        0   0.0603
    28.6        0        0        0        0        0        0   0.0582
    28.8        0        0        0        0        0        0   0.0561
      29        0        0        0        0        0        0   0.0541
    29.2        0        0        0        0        0        0   0.0522
    29.4        0        0        0        0        0        0   0.0504
    29.6        0        0        0        0        0        0   0.0486
    29.8        0        0        0        0        0        0   0.0468
      30        0        0        0        0        0        0   0.0452
    30.2        0        0        0        0        0        0   0.0435
    30.4        0        0        0        0        0        0    0.042
    30.6        0        0        0        0        0        0   0.0405
    30.8        0        0        0        0        0        0    0.039
      31        0        0        0        0        0        0   0.0376
    31.2        0        0        0        0        0        0   0.0362
    31.4        0        0        0        0        0        0   0.0349
    31.6        0        0        0        0        0        0   0.0337
    31.8        0        0        0        0        0        0   0.0325
      32        0        0        0        0        0        0   0.0313
    32.2        0        0        0        0        0        0   0.0301
    32.4        0        0        0        0        0        0    0.029
    32.6        0        0        0        0        0        0    0.028
    32.8        0        0        0        0        0        0    0.027
      33        0        0        0        0        0        0    0.026
    33.2        0        0        0        0        0        0    0.025
    33.4        0        0        0        0        0        0   0.0241
    33.6        0        0        0        0        0        0   0.0232
    33.8        0        0        0        0        0        0   0.0224
      34        0        0        0        0        0        0   0.0215
    34.2        0        0        0        0        0        0   0.0207
    34.4        0        0        0        0        0        0     0.02
    34.6        0        0        0        0        0        0   0.0192
    34.8        0        0        0        0        0        0   0.0185
      35        0        0        0        0        0        0   0.0178
    35.2        0        0        0        0        0        0   0.0172
    35.4        0        0        0        0        0        0   0.0166
    35.6        0        0        0        0        0        0   0.0159
    35.8        0        0        0        0        0        0   0.0153
      36        0        0        0        0        0        0   0.0148
    36.2        0        0        0        0        0        0   0.0142
    36.4        0        0        0        0        0        0   0.0137
    36.6        0        0        0        0        0        0   0.0132
    36.8        0        0        0        0        0        0   0.0127
      37        0        0        0        0        0        0   0.0122
    37.2        0        0        0        0        0        0   0.0118
    37.4        0        0        0        0        0        0   0.0113
    37.6        0        0        0        0        0        0   0.0109
    37.8        0        0        0        0        0        0   0.0105
      38        0        0        0        0        0        0   0.0101
    38.2        0        0        0        0        0        0  0.00974
    38.4        0        0        0        0        0        0  0.00938
    38.6        0        0        0        0        0        0  0.00903
    38.8        0        0        0        0        0        0  0.00869
      39        0        0        0        0        0        0  0.00837
    39.2        0        0        0        0        0        0  0.00805
    39.4        0        0        0        0        0        0  0.00775
    39.6        0        0        0        0        0        0  0.00746
    39.8        0        0        0        0        0        0  0.00718
      40        0        0        0        0        0        0  0.00691
    40.2        0        0        0        0        0        0  0.00665
    40.4        0        0        0        0        0        0  0.00641
    40.6        0        0        0        0        0        0  0.00617
    40.8        0        0        0        0        0        0  0.00593
      41        0        0        0        0        0        0  0.00571
    41.2        0        0        0        0        0        0   0.0055
    41.4        0        0        0        0        0        0  0.00529
    41.6        0        0        0        0        0        0  0.00509
    41.8        0        0        0        0        0        0   0.0049
      42        0        0        0        0        0        0  0.00472
    42.2        0        0        0        0        0        0  0.00454
    42.4        0        0        0        0        0        0  0.00437
    42.6        0        0        0        0        0        0  0.00421
    42.8        0        0        0        0        0        0  0.00405
      43        0        0        0        0        0        0   0.0039
    43.2        0        0        0        0        0        0  0.00375
    43.4        0        0        0        0        0        0  0.00361
    43.6        0        0        0        0        0        0  0.00347
    43.8        0        0        0        0        0        0  0.00334
      44        0        0        0        0        0        0  0.00322
    44.2        0        0        0        0        0        0   0.0031
    44.4        0        0        0        0        0        0  0.00298
    44.6        0        0        0        0        0        0  0.00287
    44.8        0        0        0        0        0        0  0.00276
      45        0        0        0        0        0        0  0.00266
    45.2        0        0        0        0        0        0  0.00256
    45.4        0        0        0        0        0        0  0.00246
    45.6        0        0        0        0        0        0  0.00237
    45.8        0        0        0        0        0        0  0.00228
      46        0        0        0        0        0        0  0.00219
    46.2        0        0        0        0        0        0  0.00211
    46.4        0        0        0        0        0        0  0.00203
    46.6        0        0        0        0        0        0  0.00195
    46.8        0        0        0        0        0        0  0.00188
      47        0        0        0        0        0        0  0.00181
    47.2        0        0        0        0        0        0  0.00174
    47.4        0        0        0        0        0        0  0.00168
    47.6        0        0        0        0        0        0  0.00161
    47.8        0        0        0        0        0        0  0.00155
      48        0        0        0        0        0        0  0.00149
    48.2        0        0        0        0        0        0  0.00144
    48.4        0        0        0        0        0        0  0.00138
    48.6        0        0        0        0        0        0  0.00133
    48.8        0        0        0        0        0        0  0.00128
      49        0        0        0        0        0        0  0.00123
    49.2        0        0        0        0        0        0  0.00119
    49.4        0        0        0        0        0        0  0.00114
    49.6        0        0        0        0        0        0   0.0011
    49.8        0        0        0        0        0        0  0.00106
      50        0        0        0        0        0        0  0.00102
    50.2        0        0        0        0        0        0 0.000979
    50.4        0        0        0        0        0        0 0.000942
    50.6        0        0        0        0        0        0 0.000907
    50.8        0        0        0        0        0        0 0.000873
      51        0        0        0        0        0        0  0.00084
    51.2        0        0        0        0        0        0 0.000808
    51.4        0        0        0        0        0        0 0.000778
    51.6        0        0        0        0        0        0 0.000748
    51.8        0        0        0        0        0        0  0.00072
      52        0        0        0        0        0        0 0.000693
    52.2        0        0        0        0        0        0 0.000667
    52.4        0        0        0        0        0        0 0.000642
    52.6        0        0        0        0        0        0 0.000617
    52.8        0        0        0        0        0        0 0.000594
      53        0        0        0        0        0        0 0.000572
    53.2        0        0        0        0        0        0  0.00055
    53.4        0        0        0        0        0        0 0.000529
    53.6        0        0        0        0        0        0 0.000509
    53.8        0        0        0        0        0        0  0.00049
      54        0        0        0        0        0        0 0.000472
    54.2        0        0        0        0        0        0 0.000454
    54.4        0        0        0        0        0        0 0.000437
    54.6        0        0        0        0        0        0  0.00042
    54.8        0        0        0        0        0        0 0.000405
      55        0        0        0        0        0        0 0.000389
    55.2        0        0        0        0        0        0 0.000375
    55.4        0        0        0        0        0        0  0.00036
    55.6        0        0        0        0        0        0 0.000347
    55.8        0        0        0        0        0        0 0.000334
      56        0        0        0        0        0        0 0.000321
    56.2        0        0        0        0        0        0 0.000309
    56.4        0        0        0        0        0        0 0.000297
    56.6        0        0        0        0        0        0 0.000286
    56.8        0        0        0        0        0        0 0.000275
      57        0        0        0        0        0        0 0.000265
    57.2        0        0        0        0        0        0 0.000255
    57.4        0        0        0        0        0        0 0.000245
    57.6        0        0        0        0        0        0 0.000236
    57.8        0        0        0        0        0        0 0.000227
      58        0        0        0        0        0        0 0.000219
    58.2        0        0        0        0        0        0  0.00021
    58.4        0        0        0        0        0        0 0.000202
    58.6        0        0        0        0        0        0 0.000195
    58.8        0        0        0        0        0        0 0.000187
      59        0        0        0        0        0        0  0.00018
    59.2        0        0        0        0        0        0 0.000174
    59.4        0        0        0        0        0        0 0.000167
    59.6        0        0        0        0        0        0 0.000161
    59.8        0        0        0        0        0        0 0.000155
      60        0        0        0        0        0        0 0.000149
    60.2        0        0        0        0        0        0 0.000143
    60.4        0        0        0        0        0        0 0.000138
    60.6        0        0        0        0        0        0 0.000133
    60.8        0        0        0        0        0        0 0.000128
      61        0        0        0        0        0        0 0.000123
    61.2        0        0        0        0        0        0 0.000118
    61.4        0        0        0        0        0        0 0.000114
    61.6        0        0        0        0        0        0 0.000109
    61.8        0        0        0        0        0        0 0.000105
      62        0        0        0        0        0        0 0.000101
    62.2        0        0        0        0        0        0 9.76e-05
    62.4        0        0        0        0        0        0 9.38e-05
    62.6        0        0        0        0        0        0 9.03e-05
    62.8        0        0        0        0        0        0 8.69e-05
      63        0        0        0        0        0        0 8.36e-05
    63.2        0        0        0        0        0        0 8.05e-05
    63.4        0        0        0        0        0        0 7.74e-05
    63.6        0        0        0        0        0        0 7.45e-05
    63.8        0        0        0        0        0        0 7.17e-05
      64        0        0        0        0        0        0  6.9e-05
    64.2        0        0        0        0        0        0 6.64e-05
    64.4        0        0        0        0        0        0 6.39e-05
    64.6        0        0        0        0        0        0 6.15e-05
    64.8        0        0        0        0        0        0 5.91e-05
      65        0        0        0        0        0        0 5.69e-05
    65.2        0        0        0        0        0        0 5.48e-05
    65.4        0        0        0        0        0        0 5.27e-05
    65.6        0        0        0        0        0        0 5.07e-05
    65.8        0        0        0        0        0        0 4.88e-05
      66        0        0        0        0        0        0  4.7e-05
    66.2        0        0        0        0        0        0 4.52e-05
    66.4        0        0        0        0        0        0 4.35e-05
    66.6        0        0        0        0        0        0 3.16e-05
    84.2        0        0        0        0        0        0        0
    84.4        0        0        0        0        0        0 1.36e-06
    84.6        0        0        0        0        0        0 1.31e-06
    84.8        0        0        0        0        0        0 1.26e-06
      85        0        0        0        0        0        0 1.22e-06
    85.2        0        0        0        0        0        0 1.17e-06
    85.4        0        0        0        0        0        0 1.13e-06
    85.6        0        0        0        0        0        0 1.08e-06
    85.8        0        0        0        0        0        0 1.04e-06
      86        0        0        0        0        0        0    1e-06
    86.2        0        0        0        0        0        0 9.65e-07
    86.4        0        0        0        0        0        0 9.29e-07
    86.6        0        0        0        0        0        0 8.94e-07
    86.8        0        0        0        0        0        0  8.6e-07
      87        0        0        0        0        0        0 8.28e-07
    87.2        0        0        0        0        0        0 7.96e-07
    87.4        0        0        0        0        0        0 7.66e-07
    87.6        0        0        0        0        0        0 7.38e-07
    87.8        0        0        0        0        0        0  7.1e-07
      88        0        0        0        0        0        0 6.83e-07
    88.2        0        0        0        0        0        0 6.57e-07
    88.4        0        0        0        0        0        0 6.32e-07
    88.6        0        0        0        0        0        0 6.08e-07
    88.8        0        0        0        0        0        0 5.86e-07
      89        0        0        0        0        0        0 5.63e-07
    89.2        0        0        0        0        0        0 5.42e-07
    89.4        0        0        0        0        0        0 5.22e-07
    89.6        0        0        0        0        0        0 5.02e-07
    89.8        0        0        0        0        0        0 4.83e-07
      90        0        0        0        0        0        0 4.65e-07
    90.2        0        0        0        0        0        0 4.47e-07
    90.4        0        0        0        0        0        0  4.3e-07
    90.6        0        0        0        0        0        0 4.14e-07
    90.8        0        0        0        0        0        0 3.99e-07
      91        0        0        0        0        0        0 3.84e-07
    91.2        0        0        0        0        0        0 3.69e-07
    91.4        0        0        0        0        0        0 3.55e-07
    91.6        0        0        0        0        0        0 3.42e-07
    91.8        0        0        0        0        0        0 3.29e-07
      92        0        0        0        0        0        0 3.16e-07
    92.2        0        0        0        0        0        0 3.04e-07
    92.4        0        0        0        0        0        0 2.93e-07
    92.6        0        0        0        0        0        0 2.82e-07
    92.8        0        0        0        0        0        0 2.71e-07
      93        0        0        0        0        0        0 2.61e-07
    93.2        0        0        0        0        0        0 2.51e-07
    93.4        0        0        0        0        0        0 2.42e-07
    93.6        0        0        0        0        0        0 2.33e-07
    93.8        0        0        0        0        0        0 2.24e-07
      94        0        0        0        0        0        0 2.15e-07
    94.2        0        0        0        0        0        0 2.07e-07
    94.4        0        0        0        0        0        0 1.99e-07
    94.6        0        0        0        0        0        0 1.92e-07
    94.8        0        0        0        0        0        0 1.85e-07
      95        0        0        0        0        0        0 1.78e-07
    95.2        0        0        0        0        0        0 1.71e-07
    95.4        0        0        0        0        0        0 1.65e-07
    95.6        0        0        0        0        0        0 1.58e-07
    95.8        0        0        0        0        0        0 1.52e-07
      96        0        0        0        0        0        0 1.47e-07
    96.2        0        0        0        0        0        0 1.41e-07
    96.4        0        0        0        0        0        0 1.36e-07
    96.6        0        0        0        0        0        0 1.31e-07
    96.8        0        0        0        0        0        0 1.26e-07
      97        0        0        0        0        0        0 1.21e-07
    97.2        0        0        0        0        0        0 1.16e-07
    97.4        0        0        0        0        0        0 1.12e-07
    97.6        0        0        0        0        0        0 1.08e-07
    97.8        0        0        0        0        0        0 1.04e-07
      98        0        0        0        0        0        0 9.99e-08
    98.2        0        0        0        0        0        0  9.6e-08
    98.4        0        0        0        0        0        0 9.24e-08
    98.6        0        0        0        0        0        0 8.89e-08
    98.8        0        0        0        0        0        0 8.56e-08
      99        0        0        0        0        0        0 8.23e-08
    99.2        0        0        0        0        0        0 7.92e-08
    99.4        0        0        0        0        0        0 7.63e-08
    99.6        0        0        0        0        0        0 7.34e-08
    99.8        0        0        0        0        0        0 7.04e-08
