     -25        0        0        0        0        0        0   0.0324
   -24.8        0        0        0        0        0        0   0.0335
   -24.6        0        0        0        0        0        0   0.0346
   -24.4        0        0        0        0        0        0   0.0357
   -24.2        0        0        0        0        0        0   0.0369
     -24        0        0        0        0        0        0   0.0381
   -23.8        0        0        0        0        0        0   0.0393
   -23.6        0        0        0        0        0        0   0.0406
   -23.4        0        0        0        0        0        0   0.0419
   -23.2        0        0        0        0        0        0   0.0432
     -23        0        0        0        0        0        0   0.0446
   -22.8        0        0        0        0        0        0   0.0461
   -22.6        0        0        0        0        0        0   0.0475
   -22.4        0        0        0        0        0        0   0.0491
   -22.2        0        0        0        0        0        0   0.0506
     -22        0        0        0        0        0        0   0.0523
   -21.8        0        0        0        0        0        0   0.0539
   -21.6        0        0        0        0        0        0   0.0556
   -21.4        0        0        0        0        0        0   0.0574
   -21.2        0        0        0        0        0        0   0.0592
     -21        0        0        0        0        0        0   0.0611
   -20.8        0        0        0        0        0        0    0.063
   -20.6        0        0        0        0        0        0    0.065
   -20.4        0        0        0        0        0        0    0.067
   -20.2        0        0        0        0        0        0   0.0691
     -20        0        0        0        0        0        0   0.0713
   -19.8        0        0        0        0        0        0   0.0735
   -19.6        0        0        0        0        0        0   0.0758
   -19.4        0        0        0        0        0        0   0.0781
   -19.2        0        0        0        0        0        0   0.0805
     -19        0        0        0        0        0        0    0.083
   -18.8        0        0        0        0        0        0   0.0855
   -18.6        0        0        0        0        0        0   0.0881
   -18.4        0        0        0        0        0        0   0.0908
   -18.2        0        0        0        0        0        0   0.0936
     -18        0        0        0        0        0        0   0.0964
   -17.8        0        0        0        0        0        0   0.0994
   -17.6        0        0        0        0        0        0    0.102
   -17.4        0        0        0        0        0        0    0.105
   -17.2        0        0        0        0        0        0    0.108
     -17        0        0        0        0        0        0    0.112
   -16.8        0        0        0        0        0        0    0.115
   -16.6        0        0        0        0        0        0    0.118
   -16.4        0        0        0        0        0        0    0.122
   -16.2        0        0        0        0        0        0    0.125
     -16        0        0        0        0        0        0    0.129
   -15.8        0        0        0        0        0        0    0.133
   -15.6        0        0        0        0        0        0    0.137
   -15.4        0        0        0        0        0        0     0.14
   -15.2        0        0        0        0        0        0    0.144
     -15        0        0        0        0        0        0    0.149
   -14.8        0        0        0        0        0        0    0.153
   -14.6        0        0        0        0        0        0    0.157
   -14.4        0        0        0        0        0        0    0.161
   -14.2        0        0        0        0        0        0    0.166
     -14        0        0        0        0        0        0     0.17
   -13.8        0        0        0        0        0        0    0.175
   -13.6        0        0        0        0        0        0     0.18
   -13.4        0        0        0        0        0        0    0.185
   -13.2        0        0        0        0        0        0    0.189
     -13        0        0        0        0        0        0    0.194
   -12.8        0        0        0        0        0        0      0.2
   -12.6        0        0        0        0        0        0    0.205
   -12.4        0        0        0        0        0        0     0.21
   -12.2        0        0        0        0        0        0    0.216
     -12        0        0        0        0        0        0    0.221
   -11.8        0        0        0        0        0        0    0.227
   -11.6        0        0        0        0        0        0    0.232
   -11.4        0        0        0        0        0        0    0.238
   -11.2        0        0        0        0        0        0    0.244
     -11        0        0        0        0        0        0     0.25
   -10.8        0        0        0        0        0        0    0.256
   -10.6        0        0        0        0        0        0    0.262
   -10.4        0        0        0        0        0        0    0.268
   -10.2        0        0        0        0        0        0    0.275
     -10        0        0        0        0        0        0    0.281
    -9.8        0        0        0        0        0        0    0.287
    -9.6        0        0        0        0        0        0    0.294
    -9.4        0        0        0        0        0        0    0.301
    -9.2        0        0        0        0        0        0    0.307
      -9        0        0        0        0        0        0    0.314
    -8.8        0        0        0        0        0        0    0.321
    -8.6        0        0        0        0        0        0    0.328
    -8.4        0        0        0        0        0        0    0.335
    -8.2        0        0        0        0        0        0    0.342
      -8        0        0        0        0        0        0    0.349
    -7.8        0        0        0        0        0        0    0.356
    -7.6        0        0        0        0        0        0    0.363
    -7.4        0        0        0        0        0        0     0.37
    -7.2        0        0        0        0        0        0    0.377
      -7        0        0        0        0        0        0    0.384
    -6.8        0        0        0        0        0        0    0.392
    -6.6        0        0        0        0        0        0    0.399
    -6.4        0        0        0        0        0        0    0.406
    -6.2        0        0        0        0        0        0    0.414
      -6        0        0        0        0        0        0    0.421
    -5.8        0        0        0        0        0        0    0.428
    -5.6        0        0        0        0        0        0    0.436
    -5.4        0        0        0        0        0        0    0.443
    -5.2        0        0        0        0        0        0     0.45
      -5        0        0        0        0        0        0    0.457
    -4.8        0        0        0        0        0        0    0.465
    -4.6        0        0        0        0        0        0    0.472
    -4.4        0        0        0        0        0        0    0.479
    -4.2        0        0        0        0        0        0    0.486
      -4        0        0        0        0        0        0    0.493
    -3.8        0        0        0        0        0        0      0.5
    -3.6        0        0        0        0        0        0    0.507
    -3.4        0        0        0        0        0        0    0.514
    -3.2        0        0        0        0        0        0    0.521
      -3        0        0        0        0        0        0    0.528
    -2.8        0        0        0        0        0        0    0.535
    -2.6        0        0        0        0        0        0    0.541
    -2.4        0        0        0        0        0        0    0.548
    -2.2        0        0        0        0        0        0    0.554
      -2        0        0        0        0        0        0     0.56
    -1.8        0        0        0        0        0        0    0.567
    -1.6        0        0        0        0        0        0    0.573
    -1.4        0        0        0        0        0        0    0.579
    -1.2        0        0        0        0        0        0    0.584
      -1        0        0        0        0        0        0     0.59
    -0.8        0        0        0        0        0        0    0.596
    -0.6        0        0        0        0        0        0    0.601
    -0.4        0        0        0        0        0        0    0.606
    -0.2        0        0        0        0        0        0    0.611
1.78e-15        0        0        0        0        0        0    0.616
     0.2        0        0        0        0        0        0    0.621
     0.4        0        0        0        0        0        0    0.626
     0.6        0        0        0        0        0        0     0.63
     0.8        0        0        0        0        0        0    0.635
       1        0        0        0        0        0        0    0.639
     1.2        0        0        0        0        0        0    0.643
     1.4        0        0        0        0        0        0    0.647
     1.6        0        0        0        0        0        0     0.65
     1.8        0        0        0        0        0        0    0.654
       2        0        0        0        0        0        0    0.657
     2.2        0        0        0        0        0        0     0.66
     2.4        0        0        0        0        0        0    0.663
     2.6        0        0        0        0        0        0    0.665
     2.8        0        0        0        0        0        0    0.668
       3        0        0        0        0        0        0     0.67
     3.2        0        0        0        0        0        0    0.672
     3.4        0        0        0        0        0        0    0.674
     3.6        0        0        0        0        0        0    0.675
     3.8        0        0        0        0        0        0    0.677
       4        0        0        0        0        0        0    0.678
     4.2        0        0        0        0        0        0    0.679
     4.4        0        0        0        0        0        0     0.68
     4.6        0        0        0        0        0        0     0.68
     4.8        0        0        0        0        0        0     0.68
       5        0        0        0        0        0        0    0.681
     5.2        0        0        0        0        0        0     0.68
     5.4        0        0        0        0        0        0     0.68
     5.6        0        0        0        0        0        0     0.68
     5.8        0        0        0        0        0        0    0.679
       6        0        0        0        0        0        0    0.678
     6.2        0        0        0        0        0        0    0.677
     6.4        0        0        0        0        0        0    0.675
     6.6        0        0        0        0        0        0    0.674
     6.8        0        0        0        0        0        0    0.672
       7        0        0        0        0        0        0     0.67
     7.2        0        0        0        0        0        0    0.668
     7.4        0        0        0        0        0        0    0.665
     7.6        0        0        0        0        0        0    0.663
     7.8        0        0        0        0        0        0     0.66
       8        0        0        0        0        0        0    0.657
     8.2        0        0        0        0        0        0    0.654
     8.4        0        0        0        0        0        0     0.65
     8.6        0        0        0        0        0        0    0.647
     8.8        0        0        0        0        0        0    0.643
       9        0        0        0        0        0        0    0.639
     9.2        0        0        0        0        0        0    0.635
     9.4        0        0        0        0        0        0     0.63
     9.6        0        0        0        0        0        0    0.626
     9.8        0        0        0        0        0        0    0.621
      10        0        0        0        0        0        0    0.616
    10.2        0        0        0        0        0        0    0.611
    10.4        0        0        0        0        0        0    0.606
    10.6        0        0        0        0        0        0    0.601
    10.8        0        0        0        0        0        0    0.596
      11        0        0        0        0        0        0     0.59
    11.2        0        0        0        0        0        0    0.584
    11.4        0        0        0        0        0        0    0.579
    11.6        0        0        0        0        0        0    0.573
    11.8        0        0        0        0        0        0    0.567
      12        0        0        0        0        0        0     0.56
    12.2        0        0        0        0        0        0    0.554
    12.4        0        0        0        0        0        0    0.548
    12.6        0        0        0        0        0        0    0.541
    12.8        0        0        0        0        0        0    0.535
      13        0        0        0        0        0        0    0.528
    13.2        0        0        0        0        0        0    0.521
    13.4        0        0        0        0        0        0    0.514
    13.6        0        0        0        0        0        0    0.507
    13.8        0        0        0        0        0        0      0.5
      14        0        0        0        0        0        0    0.493
    14.2        0        0        0        0        0        0    0.486
    14.4        0        0        0        0        0        0    0.479
    14.6        0        0        0        0        0        0    0.472
    14.8        0        0        0        0        0        0    0.465
      15        0        0        0        0        0        0    0.457
    15.2        0        0        0        0        0        0     0.45
    15.4        0        0        0        0        0        0    0.443
    15.6        0        0        0        0        0        0    0.436
    15.8        0        0        0        0        0        0    0.428
      16        0        0        0        0        0        0    0.421
    16.2        0        0        0        0        0        0    0.414
    16.4        0        0        0        0        0        0    0.406
    16.6        0        0        0        0        0        0    0.399
    16.8        0        0        0        0        0        0    0.392
      17        0        0        0        0        0        0    0.384
    17.2        0        0        0        0        0        0    0.377
    17.4        0        0        0        0        0        0     0.37
    17.6        0        0        0        0        0        0    0.363
    17.8        0        0        0        0        0        0    0.356
      18        0        0        0        0        0        0    0.349
    18.2        0        0        0        0        0        0    0.342
    18.4        0        0        0        0        0        0    0.335
    18.6        0        0        0        0        0        0    0.328
    18.8        0        0        0        0        0        0    0.321
      19        0        0        0        0        0        0    0.314
    19.2        0        0        0        0        0        0    0.307
    19.4        0        0        0        0        0        0    0.301
    19.6        0        0        0        0        0        0    0.294
    19.8        0        0        0        0        0        0    0.287
      20        0        0        0        0        0        0    0.281
    20.2        0        0        0        0        0        0    0.275
    20.4        0        0        0        0        0        0    0.268
    20.6        0        0        0        0        0        0    0.262
    20.8        0        0        0        0        0        0    0.256
      21        0        0        0        0        0        0     0.25
    21.2        0        0        0        0        0        0    0.244
    21.4        0        0        0        0        0        0    0.238
    21.6        0        0        0        0        0        0    0.232
    21.8        0        0        0        0        0        0    0.227
      22        0        0        0        0        0        0    0.221
    22.2        0        0        0        0        0        0    0.216
    22.4        0        0        0        0        0        0     0.21
    22.6        0        0        0        0        0        0    0.205
    22.8        0        0        0        0        0        0      0.2
      23        0        0        0        0        0        0    0.194
    23.2        0        0        0        0        0        0    0.189
    23.4        0        0        0        0        0        0    0.185
    23.6        0        0        0        0        0        0     0.18
    23.8        0        0        0        0        0        0    0.175
      24        0        0        0        0        0        0     0.17
    24.2        0        0        0        0        0        0    0.166
    24.4        0        0        0        0        0        0    0.161
    24.6        0        0        0        0        0        0    0.157
    24.8        0        0        0        0        0        0    0.153
      25        0        0        0        0        0        0    0.149
    25.2        0        0        0        0        0        0    0.144
    25.4        0        0        0        0        0        0     0.14
    25.6        0        0        0        0        0        0    0.137
    25.8        0        0        0        0        0        0    0.133
      26        0        0        0        0        0        0    0.129
    26.2        0        0        0        0        0        0    0.125
    26.4        0        0        0        0        0        0    0.122
    26.6        0        0        0        0        0        0    0.118
    26.8        0        0        0        0        0        0    0.115
      27        0        0        0        0        0        0    0.112
    27.2        0        0        0        0        0        0    0.108
    27.4        0        0        0        0        0        0    0.105
    27.6        0        0        0        0        0        0    0.102
    27.8        0        0        0        0        0        0   0.0994
      28        0        0        0        0        0        0   0.0964
    28.2        0        0        0        0        0        0   0.0936
    28.4        0        0        0        0        0        0   0.0908
    28.6        0        0        0        0        0        0   0.0881
    28.8        0        0        0        0        0        0   0.0855
      29        0        0        0        0        0        0    0.083
    29.2        0        0        0        0        0        0   0.0805
    29.4        0        0        0        0        0        0   0.0781
    29.6        0        0        0        0        0        0   0.0758
    29.8        0        0        0        0        0        0   0.0735
      30        0        0        0        0        0        0   0.0713
    30.2        0        0        0        0        0        0   0.0691
    30.4        0        0        0        0        0        0    0.067
    30.6        0        0        0        0        0        0    0.065
    30.8        0        0        0        0        0        0    0.063
      31        0        0        0        0        0        0   0.0611
    31.2        0        0        0        0        0        0   0.0592
    31.4        0        0        0        0        0        0   0.0574
    31.6        0        0        0        0        0        0   0.0556
    31.8        0        0        0        0        0        0   0.0539
      32        0        0        0        0        0        0   0.0523
    32.2        0        0        0        0        0        0   0.0506
    32.4        0        0        0        0        0        0   0.0491
    32.6        0        0        0        0        0        0   0.0475
    32.8        0        0        0        0        0        0   0.0461
      33        0        0        0        0        0        0   0.0446
    33.2        0        0        0        0        0        0   0.0432
    33.4        0        0        0        0        0        0   0.0419
    33.6        0        0        0        0        0        0   0.0406
    33.8        0        0        0        0        0        0   0.0393
      34        0        0        0        0        0        0   0.0381
    34.2        0        0        0        0        0        0   0.0369
    34.4        0        0        0        0        0        0   0.0357
    34.6        0        0        0        0        0        0   0.0346
    34.8        0        0        0        0        0        0   0.0335
      35        0        0        0        0        0        0   0.0324
    35.2        0        0        0        0        0        0   0.0314
    35.4        0        0        0        0        0        0   0.0304
    35.6        0        0        0        0        0        0   0.0295
    35.8        0        0        0        0        0        0   0.0285
      36        0        0        0        0        0        0   0.0276
    36.2        0        0        0        0        0        0   0.0267
    36.4        0        0        0        0        0        0   0.0259
    36.6        0        0        0        0        0        0   0.0251
    36.8        0        0        0        0        0        0   0.0243
      37        0        0        0        0        0        0   0.0235
    37.2        0        0        0        0        0        0   0.0227
    37.4        0        0        0        0        0        0    0.022
    37.6        0        0        0        0        0        0   0.0213
    37.8        0        0        0        0        0        0   0.0206
      38        0        0        0        0        0        0     0.02
    38.2        0        0        0        0        0        0   0.0193
    38.4        0        0        0        0        0        0   0.0187
    38.6        0        0        0        0        0        0   0.0181
    38.8        0        0        0        0        0        0   0.0175
      39        0        0        0        0        0        0    0.017
    39.2        0        0        0        0        0        0   0.0164
    39.4        0        0        0        0        0        0   0.0159
    39.6        0        0        0        0        0        0   0.0154
    39.8        0        0        0        0        0        0   0.0149
      40        0        0        0        0        0        0   0.0144
    40.2        0        0        0        0        0        0   0.0139
    40.4        0        0        0        0        0        0   0.0135
    40.6        0        0        0        0        0        0    0.013
    40.8        0        0        0        0        0        0   0.0126
      41        0        0        0        0        0        0   0.0122
    41.2        0        0        0        0        0        0   0.0118
    41.4        0        0        0        0        0        0   0.0114
    41.6        0        0        0        0        0        0   0.0111
    41.8        0        0        0        0        0        0   0.0107
      42        0        0        0        0        0        0   0.0104
    42.2        0        0        0        0        0        0     0.01
    42.4        0        0        0        0        0        0  0.00971
    42.6        0        0        0        0        0        0  0.00939
    42.8        0        0        0        0        0        0  0.00909
      43        0        0        0        0        0        0  0.00879
    43.2        0        0        0        0        0        0  0.00851
    43.4        0        0        0        0        0        0  0.00823
    43.6        0        0        0        0        0        0  0.00796
    43.8        0        0        0        0        0        0   0.0077
      44        0        0        0        0        0        0  0.00745
    44.2        0        0        0        0        0        0  0.00721
    44.4        0        0        0        0        0        0  0.00698
    44.6        0        0        0        0        0        0  0.00675
    44.8        0        0        0        0        0        0  0.00653
      45        0        0        0        0        0        0  0.00632
    45.2        0        0        0        0        0        0  0.00611
    45.4        0        0        0        0        0        0  0.00591
    45.6        0        0        0        0        0        0  0.00572
    45.8        0        0        0        0        0        0  0.00553
      46        0        0        0        0        0        0  0.00535
    46.2        0        0        0        0        0        0  0.00518
    46.4        0        0        0        0        0        0  0.00501
    46.6        0        0        0        0        0        0  0.00485
    46.8        0        0        0        0        0        0  0.00469
      47        0        0        0        0        0        0  0.00454
    47.2        0        0        0        0        0        0  0.00439
    47.4        0        0        0        0        0        0  0.00424
    47.6        0        0        0        0        0        0  0.00411
    47.8        0        0        0        0        0        0  0.00397
      48        0        0        0        0        0        0  0.00384
    48.2        0        0        0        0        0        0  0.00372
    48.4        0        0        0        0        0        0   0.0036
    48.6        0        0        0        0        0        0  0.00348
    48.8        0        0        0        0        0        0  0.00336
      49        0        0        0        0        0        0  0.00325
    49.2        0        0        0        0        0        0  0.00315
    49.4        0        0        0        0        0        0  0.00305
    49.6        0        0        0        0        0        0  0.00295
    49.8        0        0        0        0        0        0  0.00285
      50        0        0        0        0        0        0  0.00276
    50.2        0        0        0        0        0        0  0.00267
    50.4        0        0        0        0        0        0  0.00258
    50.6        0        0        0        0        0        0  0.00249
    50.8        0        0        0        0        0        0  0.00241
      51        0        0        0        0        0        0  0.00233
    51.2        0        0        0        0        0        0  0.00226
    51.4        0        0        0        0        0        0  0.00218
    51.6        0        0        0        0        0        0  0.00211
    51.8        0        0        0        0        0        0  0.00204
      52        0        0        0        0        0        0  0.00198
    52.2        0        0        0        0        0        0  0.00191
    52.4        0        0        0        0        0        0  0.00185
    52.6        0        0        0        0        0        0  0.00179
    52.8        0        0        0        0        0        0  0.00173
      53        0        0        0        0        0        0  0.00167
    53.2        0        0        0        0        0        0  0.00162
    53.4        0        0        0        0        0        0  0.00157
    53.6        0        0        0        0        0        0  0.00151
    53.8        0        0        0        0        0        0  0.00147
      54        0        0        0        0        0        0  0.00142
    54.2        0        0        0        0        0        0  0.00137
    54.4        0        0        0        0        0        0  0.00133
    54.6        0        0        0        0        0        0  0.00128
    54.8        0        0        0        0        0        0  0.00124
      55        0        0        0        0        0        0   0.0012
    55.2        0        0        0        0        0        0  0.00116
    55.4        0        0        0        0        0        0  0.00112
    55.6        0        0        0        0        0        0  0.00109
    55.8        0        0        0        0        0        0  0.00105
      56        0        0        0        0        0        0  0.00102
    56.2        0        0        0        0        0        0 0.000982
    56.4        0        0        0        0        0        0 0.000951
    56.6        0        0        0        0        0        0 0.000919
    56.8        0        0        0        0        0        0 0.000889
      57        0        0        0        0        0        0  0.00086
    57.2        0        0        0        0        0        0 0.000832
    57.4        0        0        0        0        0        0 0.000805
    57.6        0        0        0        0        0        0 0.000778
    57.8        0        0        0        0        0        0 0.000753
      58        0        0        0        0        0        0 0.000728
    58.2        0        0        0        0        0        0 0.000704
    58.4        0        0        0        0        0        0 0.000681
    58.6        0        0        0        0        0        0 0.000659
    58.8        0        0        0        0        0        0 0.000637
      59        0        0        0        0        0        0 0.000616
    59.2        0        0        0        0        0        0 0.000596
    59.4        0        0        0        0        0        0 0.000577
    59.6        0        0        0        0        0        0 0.000558
    59.8        0        0        0        0        0        0  0.00054
      60        0        0        0        0        0        0 0.000522
    60.2        0        0        0        0        0        0 0.000505
    60.4        0        0        0        0        0        0 0.000488
    60.6        0        0        0        0        0        0 0.000472
    60.8        0        0        0        0        0        0 0.000457
      61        0        0        0        0        0        0 0.000442
    61.2        0        0        0        0        0        0 0.000427
    61.4        0        0        0        0        0        0 0.000413
    61.6        0        0        0        0        0        0   0.0004
    61.8        0        0        0        0        0        0 0.000387
      62        0        0        0        0        0        0 0.000374
    62.2        0        0        0        0        0        0 0.000362
    62.4        0        0        0        0        0        0  0.00035
    62.6        0        0        0        0        0        0 0.000338
    62.8        0        0        0        0        0        0 0.000327
      63        0        0        0        0        0        0 0.000317
    63.2        0        0        0        0        0        0 0.000306
    63.4        0        0        0        0        0        0 0.000296
    63.6        0        0        0        0        0        0 0.000287
    63.8        0        0        0        0        0        0 0.000277
      64        0        0        0        0        0        0 0.000268
    64.2        0        0        0        0        0        0 0.000259
    64.4        0        0        0        0        0        0 0.000251
    64.6        0        0        0        0        0        0 0.000243
    64.8        0        0        0        0        0        0 0.000235
      65        0        0        0        0        0        0 0.000227
    65.2        0        0        0        0        0        0 0.000219
    65.4        0        0        0        0        0        0 0.000212
    65.6        0        0        0        0        0        0 0.000205
    65.8        0        0        0        0        0        0 0.000199
      66        0        0        0        0        0        0 0.000192
    66.2        0        0        0        0        0        0 0.000186
    66.4        0        0        0        0        0        0  0.00018
    66.6        0        0        0        0        0        0 0.000174
    66.8        0        0        0        0        0        0 0.000168
      67        0        0        0        0        0        0 0.000163
    67.2        0        0        0        0        0        0 0.000157
    67.4        0        0        0        0        0        0 0.000152
    67.6        0        0        0        0        0        0 0.000147
    67.8        0        0        0        0        0        0 0.000142
      68        0        0        0        0        0        0 0.000138
    68.2        0        0        0        0        0        0 0.000133
    68.4        0        0        0        0        0        0 0.000129
    68.6        0        0        0        0        0        0 0.000125
    68.8        0        0        0        0        0        0  0.00012
      69        0        0        0        0        0        0 0.000117
    69.2        0        0        0        0        0        0 0.000113
    69.4        0        0        0        0        0        0 0.000109
    69.6        0        0        0        0        0        0 0.000105
    69.8        0        0        0        0        0        0 0.000102
      70        0        0        0        0        0        0 7.43e-05
    90.3        0        0        0        0        0        0        0
    90.5        0        0        0        0        0        0 3.24e-06
    90.7        0        0        0        0        0        0 3.13e-06
    90.9        0        0        0        0        0        0 3.03e-06
    91.1        0        0        0        0        0        0 2.93e-06
    91.3        0        0        0        0        0        0 2.83e-06
    91.5        0        0        0        0        0        0 2.74e-06
    91.7        0        0        0        0        0        0 2.65e-06
    91.9        0        0        0        0        0        0 2.56e-06
    92.1        0        0        0        0        0        0 2.48e-06
    92.3        0        0        0        0        0        0  2.4e-06
    92.5        0        0        0        0        0        0 2.32e-06
    92.7        0        0        0        0        0        0 2.24e-06
    92.9        0        0        0        0        0        0 2.17e-06
    93.1        0        0        0        0        0        0  2.1e-06
    93.3        0        0        0        0        0        0 2.03e-06
    93.5        0        0        0        0        0        0 1.96e-06
    93.7        0        0        0        0        0        0  1.9e-06
    93.9        0        0        0        0        0        0 1.84e-06
    94.1        0        0        0        0        0        0 1.78e-06
    94.3        0        0        0        0        0        0 1.72e-06
    94.5        0        0        0        0        0        0 1.66e-06
    94.7        0        0        0        0        0        0 1.61e-06
    94.9        0        0        0        0        0        0 1.55e-06
    95.1        0        0        0        0        0        0  1.5e-06
    95.3        0        0        0        0        0        0 1.45e-06
    95.5        0        0        0        0        0        0 1.41e-06
    95.7        0        0        0        0        0        0 1.36e-06
    95.9        0        0        0        0        0        0 1.32e-06
    96.1        0        0        0        0        0        0 1.27e-06
    96.3        0        0        0        0        0        0 1.23e-06
    96.5        0        0        0        0        0        0 1.19e-06
    96.7        0        0        0        0        0        0 1.15e-06
    96.9        0        0        0        0        0        0 1.11e-06
    97.1        0        0        0        0        0        0 1.08e-06
    97.3        0        0        0        0        0        0 1.04e-06
    97.5        0        0        0        0        0        0 1.01e-06
    97.7        0        0        0        0        0        0 9.75e-07
    97.9        0        0        0        0        0        0 9.43e-07
    98.1        0        0        0        0        0        0 9.12e-07
    98.3        0        0        0        0        0        0 8.82e-07
    98.5        0        0        0        0        0        0 8.53e-07
    98.7        0        0        0        0        0        0 8.25e-07
    98.9        0        0        0        0        0        0 7.98e-07
    99.1        0        0        0        0        0        0 7.72e-07
    99.3        0        0        0        0        0        0 7.47e-07
    99.5        0        0        0        0        0        0 7.22e-07
    99.7        0        0        0        0        0        0 6.99e-07
    99.9        0        0        0        0        0        0  6.8e-07
