     -15    0.149    0.514        1    0.014    0.478
   -14.6    0.158    0.535        1   0.0262    0.859
   -14.2    0.166    0.556        1   0.0272    0.809
   -13.8    0.176    0.577        1   0.0283    0.773
   -13.4    0.185    0.597        1   0.0292    0.725
     -13    0.196    0.619        1   0.0302    0.689
   -12.6    0.206     0.64        1   0.0296    0.617
   -12.2    0.217    0.661        1   0.0305    0.586
   -11.8    0.228    0.682        1   0.0314    0.552
   -11.4     0.24    0.704        1   0.0322    0.522
     -11    0.252    0.725        1   0.0317    0.473
   -10.6    0.264    0.746        1   0.0325    0.448
   -10.2    0.277    0.768        1   0.0345    0.439
    -9.8    0.291    0.789        1    0.034    0.401
    -9.4    0.304    0.809        1   0.0334    0.365
      -9    0.318     0.83        1   0.0342    0.347
    -8.6    0.332     0.85        1   0.0349    0.329
    -8.2    0.347     0.87        1   0.0356    0.312
    -7.8    0.362    0.889        1   0.0351    0.287
    -7.4    0.377    0.907        1   0.0346    0.264
      -7    0.392    0.925        1   0.0353    0.252
    -6.6    0.408    0.942        1    0.036    0.241
    -6.2    0.424    0.959        1   0.0355    0.223
    -5.8     0.44    0.975        1   0.0351    0.207
    -5.4    0.456    0.989        1   0.0346    0.193
      -5    0.472        1        1   0.0343     0.18
    -4.6    0.488     1.02        1   0.0339    0.168
    -4.2    0.504     1.03        1   0.0345    0.162
    -3.8    0.521     1.04        1   0.0342    0.152
    -3.4    0.537     1.05        1   0.0328    0.139
      -3    0.553     1.06        1   0.0325    0.131
    -2.6    0.569     1.07        1   0.0322    0.124
    -2.2    0.585     1.08        1   0.0319    0.117
    -1.8    0.601     1.08        1   0.0316    0.111
    -1.4    0.617     1.09        1   0.0304    0.102
      -1    0.632     1.09        1   0.0291   0.0939
    -0.6    0.647     1.09        1   0.0289   0.0896
    -0.2    0.662      1.1        1   0.0287   0.0856
     0.2    0.677      1.1        1   0.0285   0.0819
     0.6    0.692      1.1        1   0.0273   0.0758
       1    0.706      1.1        1   0.0262   0.0702
     1.4     0.72      1.1        1   0.0251   0.0652
     1.8    0.733      1.1        1    0.024   0.0605
     2.2    0.746      1.1        1   0.0239   0.0584
     2.6    0.759     1.09        1   0.0238   0.0564
       3    0.772     1.09        1   0.0227   0.0525
     3.4    0.784     1.09    0.999   0.0217   0.0488
     3.8    0.796     1.08    0.998   0.0207   0.0454
     4.2    0.807     1.08    0.997   0.0197   0.0422
     4.6    0.818     1.07    0.996   0.0196   0.0411
       5    0.829     1.07    0.995   0.0186   0.0382
     5.4    0.839     1.07    0.993   0.0177   0.0355
     5.8    0.849     1.06    0.992   0.0176   0.0347
     6.2    0.859     1.06     0.99   0.0167   0.0322
     6.6    0.868     1.05    0.989   0.0157   0.0299
       7    0.877     1.05    0.987   0.0157   0.0293
     7.4    0.886     1.04    0.985   0.0148   0.0271
     7.8    0.894     1.03    0.983   0.0138    0.025
     8.2    0.902     1.03    0.981   0.0138   0.0246
     8.6     0.91     1.03    0.978   0.0138   0.0242
       9    0.918     1.02    0.976   0.0129   0.0223
     9.4    0.925     1.02    0.973    0.012   0.0205
     9.8    0.932     1.01     0.97   0.0119   0.0201
    10.2    0.939     1.01    0.967   0.0119   0.0198
    10.6    0.946     1.01    0.964   0.0119   0.0196
      11    0.953        1     0.96    0.011   0.0179
    11.4    0.959        1    0.956    0.011   0.0177
    11.8    0.966    0.997    0.952    0.011   0.0174
    12.2    0.972    0.995    0.948   0.0101   0.0159
    12.6    0.978    0.994    0.944   0.0109    0.017
      13    0.985    0.992    0.939   0.0109   0.0168
    13.4    0.991    0.992    0.934     0.01   0.0153
    13.8    0.997    0.991    0.929  0.00751   0.0114
    14.2        1    0.991    0.923   0.0108   0.0161
    14.6     1.01    0.992    0.917   0.0166   0.0245
      15     1.02    0.992    0.911  0.00829   0.0121
    15.4     1.02    0.994    0.904  0.00827   0.0119
    15.8     1.03    0.995    0.897  0.00827   0.0119
    16.2     1.03    0.997     0.89  0.00824   0.0117
    16.6     1.04        1    0.882   0.0165   0.0231
      17     1.05        1    0.874  0.00821   0.0114
    17.4     1.05     1.01    0.865  0.00819   0.0112
    17.8     1.06     1.01    0.857   0.0163   0.0223
    18.2     1.07     1.01    0.847  0.00816    0.011
    18.6     1.07     1.02    0.838  0.00813   0.0108
      19     1.08     1.02    0.827   0.0162   0.0214
    19.4     1.09     1.03    0.817   0.0162    0.021
    19.8      1.1     1.03    0.806   0.0161   0.0207
    20.2     1.11     1.03    0.795  0.00806   0.0102
    20.6     1.11     1.04    0.783  0.00804   0.0101
      21     1.12     1.05    0.771    0.016   0.0199
    21.4     1.13     1.05    0.758    0.016   0.0196
    21.8     1.14     1.06    0.745    0.016   0.0192
    22.2     1.15     1.06    0.731   0.0159   0.0189
    22.6     1.16     1.07    0.718   0.0159   0.0186
      23     1.17     1.07    0.704   0.0158   0.0183
    23.4     1.18     1.07    0.689   0.0158    0.018
    23.8     1.19     1.08    0.674   0.0157   0.0177
    24.2      1.2     1.08    0.659   0.0235   0.0258
    24.6     1.22     1.09    0.644   0.0234   0.0254
      25     1.23     1.09    0.628   0.0156   0.0165
    25.4     1.24     1.09    0.612   0.0155   0.0163
    25.8     1.25      1.1    0.596   0.0232   0.0238
    26.2     1.27      1.1     0.58   0.0231   0.0234
    26.6     1.28      1.1    0.564   0.0154   0.0153
      27     1.29      1.1    0.547   0.0229   0.0224
    27.4     1.31      1.1    0.531   0.0229    0.022
    27.8     1.32      1.1    0.514   0.0228   0.0214
    28.2     1.34      1.1    0.498   0.0227    0.021
    28.6     1.35     1.09    0.481   0.0226   0.0204
      29     1.37     1.09    0.465   0.0225   0.0201
    29.4     1.38     1.09    0.448   0.0224   0.0196
    29.8      1.4     1.08    0.432   0.0224   0.0193
    30.2     1.41     1.08    0.416   0.0223   0.0187
    30.6     1.43     1.07      0.4   0.0296   0.0245
      31     1.45     1.06    0.384   0.0221    0.018
    31.4     1.46     1.05    0.369    0.022   0.0175
    31.8     1.48     1.04    0.354   0.0293   0.0228
    32.2      1.5     1.03    0.339   0.0219   0.0168
    32.6     1.51     1.02    0.325   0.0218   0.0163
      33     1.53        1     0.31   0.0217   0.0161
    33.4     1.54    0.989    0.297   0.0216   0.0157
    33.8     1.56    0.975    0.283   0.0287   0.0205
    34.2     1.58    0.959     0.27   0.0215   0.0151
    34.6     1.59    0.942    0.257   0.0214   0.0147
      35     1.61    0.925    0.245   0.0214   0.0146
    35.4     1.62    0.907    0.233   0.0213   0.0142
    35.8     1.64    0.889    0.222   0.0212    0.014
    36.2     1.65     0.87    0.211   0.0211   0.0137
    36.6     1.67     0.85      0.2   0.0211   0.0135
      37     1.68     0.83     0.19    0.021   0.0132
    37.4      1.7    0.809     0.18    0.021   0.0131
    37.8     1.71    0.789    0.171   0.0139  0.00855
    38.2     1.72    0.768    0.162   0.0208   0.0126
    38.6     1.74    0.746    0.153   0.0208   0.0125
      39     1.75    0.725    0.145   0.0138  0.00816
    39.4     1.76    0.703    0.137   0.0138  0.00807
    39.8     1.77    0.682    0.129   0.0138  0.00798
    40.2     1.78     0.66    0.122   0.0138  0.00789
    40.6     1.79    0.639    0.115   0.0137   0.0078
      41      1.8    0.617    0.109   0.0137  0.00772
    41.4     1.81    0.596    0.102   0.0137  0.00763
    41.8     1.82    0.575   0.0965   0.0137  0.00755
    42.2     1.83    0.555   0.0909   0.0136  0.00747
    42.6     1.84    0.534   0.0856   0.0136  0.00738
      43     1.85    0.514   0.0806   0.0136   0.0073
    43.4     1.86    0.495   0.0758   0.0136  0.00723
    43.8     1.87    0.475   0.0714  0.00677  0.00359
    44.2     1.87    0.457   0.0672  0.00676  0.00356
    44.6     1.88    0.438   0.0632   0.0135  0.00707
      45     1.89     0.42   0.0593  0.00675  0.00352
    45.4     1.89    0.403   0.0558  0.00673  0.00348
    45.8      1.9    0.386   0.0524   0.0135  0.00693
    46.2     1.91    0.369   0.0492  0.00672  0.00344
    46.6     1.91    0.353   0.0462  0.00671  0.00341
      47     1.92    0.338   0.0434  0.00671  0.00341
    47.4     1.92    0.323   0.0407   0.0067  0.00337
    47.8     1.93    0.308   0.0382   0.0067  0.00337
    48.2     1.93    0.294   0.0359        0        0
    48.6     1.93    0.281   0.0336  0.00669  0.00334
      49     1.94    0.268   0.0316  0.00669  0.00334
    49.4     1.94    0.255   0.0296  0.00668   0.0033
    49.8     1.95    0.243   0.0277  0.00668   0.0033
    50.2     1.95    0.232    0.026        0        0
    50.6     1.95    0.221   0.0244  0.00666  0.00327
      51     1.96     0.21   0.0229  0.00666  0.00327
    51.4     1.96      0.2   0.0214        0        0
    51.8     1.96     0.19   0.0201        0        0
    52.2     1.96    0.181   0.0188  0.00665  0.00324
    52.6     1.97    0.172   0.0176  0.00665  0.00324
      53     1.97    0.163   0.0165        0        0
    53.4     1.97    0.155   0.0155        0        0
    53.8     1.97    0.147   0.0145        0        0
    54.2     1.97     0.14   0.0136        0        0
    54.6     1.97    0.133   0.0127  0.00664   0.0032
      55     1.98    0.126   0.0119  0.00664   0.0032
    55.4     1.98    0.119   0.0111        0        0
    55.8     1.98    0.113   0.0104        0        0
    56.2     1.98    0.107  0.00976        0        0
    56.6     1.98    0.102  0.00913        0        0
      57     1.98   0.0964  0.00855        0        0
    57.4     1.98   0.0913  0.00801  0.00663  0.00317
    57.8     1.99   0.0865   0.0075  0.00663  0.00317
    58.2     1.99   0.0819  0.00701        0        0
    58.6     1.99   0.0776  0.00656        0        0
      59     1.99   0.0734  0.00614        0        0
    59.4     1.99   0.0695  0.00575        0        0
    59.8     1.99   0.0658  0.00539        0        0
    60.2     1.99   0.0623  0.00504        0        0
    60.6     1.99   0.0589  0.00472        0        0
      61     1.99   0.0557  0.00442        0        0
    61.4     1.99   0.0527  0.00414        0        0
    61.8     1.99   0.0499  0.00387        0        0
    62.2     1.99   0.0471  0.00362        0        0
    62.6     1.99   0.0446  0.00339        0        0
      63     1.99   0.0421  0.00317        0        0
    63.4     1.99   0.0398  0.00297        0        0
    63.8     1.99   0.0376  0.00278        0        0
    64.2     1.99   0.0356   0.0026  0.00662  0.00314
    64.6        2   0.0336  0.00243  0.00662  0.00314
      65        2   0.0318  0.00227        0        0
    65.4        2     0.03  0.00213        0        0
    65.8        2   0.0283  0.00199        0        0
    66.2        2   0.0268  0.00186        0        0
    66.6        2   0.0253  0.00174        0        0
      67        2   0.0239  0.00163        0        0
    67.4        2   0.0225  0.00152        0        0
    67.8        2   0.0213  0.00143        0        0
    68.2        2   0.0201  0.00133        0        0
    68.6        2    0.019  0.00125        0        0
      69        2   0.0179  0.00117        0        0
    69.4        2   0.0169  0.00109        0        0
    69.8        2   0.0159  0.00102        0        0
    70.2        2    0.015 0.000956        0        0
    70.6        2   0.0142 0.000895        0        0
      71        2   0.0134 0.000837        0        0
    71.4        2   0.0126 0.000783        0        0
    71.8        2   0.0119 0.000733        0        0
    72.2        2   0.0112 0.000685        0        0
    72.6        2   0.0106 0.000641        0        0
      73        2  0.00999 0.000599        0        0
    73.4        2  0.00943 0.000561        0        0
    73.8        2  0.00889 0.000525        0        0
    74.2        2  0.00838 0.000492        0        0
    74.6        2   0.0079  0.00046        0        0
      75        2  0.00745  0.00043        0        0
    75.4        2  0.00703 0.000402        0        0
    75.8        2  0.00662 0.000376        0        0
    76.2        2  0.00624 0.000352        0        0
    76.6        2  0.00588 0.000329        0        0
      77        2  0.00555 0.000308        0        0
    77.4        2  0.00523 0.000288        0        0
    77.8        2  0.00492  0.00027        0        0
    78.2        2  0.00464 0.000252        0        0
    78.6        2  0.00437 0.000236        0        0
      79        2  0.00412 0.000221        0        0
    79.4        2  0.00388 0.000207        0        0
    79.8        2  0.00366 0.000193        0        0
    80.2        2  0.00345 0.000181        0        0
    80.6        2  0.00325 0.000169        0        0
      81        2  0.00306 0.000158        0        0
    81.4        2  0.00288 0.000148        0        0
    81.8        2  0.00271 0.000139        0        0
    82.2        2  0.00256  0.00013        0        0
    82.6        2  0.00241 0.000121        0        0
      83        2  0.00227 0.000114        0        0
    83.4        2  0.00214 0.000106        0        0
    83.8        2  0.00201 9.93e-05        0        0
    84.2        2  0.00189  9.3e-05        0        0
    84.6        2  0.00178  8.7e-05        0        0
      85        2  0.00168 8.13e-05        0        0
    85.4        2  0.00158 7.61e-05        0        0
    85.8        2  0.00149 7.12e-05        0        0
    86.2        2   0.0014 6.66e-05        0        0
    86.6        2  0.00132 6.23e-05        0        0
      87        2  0.00124 5.83e-05        0        0
    87.4        2  0.00117 5.45e-05        0        0
    87.8        2   0.0011  5.1e-05        0        0
    88.2        2  0.00104 4.77e-05        0        0
    88.6        2 0.000975 4.46e-05        0        0
      89        2 0.000917 4.17e-05        0        0
    89.4        2 0.000863  3.9e-05        0        0
    89.8        2 0.000813 3.65e-05        0        0
    90.2        2 0.000765 3.42e-05        0        0
    90.6        2  0.00072  3.2e-05        0        0
      91        2 0.000677 2.99e-05        0        0
    91.4        2 0.000637  2.8e-05        0        0
    91.8        2   0.0006 2.62e-05        0        0
    92.2        2 0.000564 2.45e-05        0        0
    92.6        2 0.000531 2.29e-05        0        0
      93        2   0.0005 2.14e-05        0        0
    93.4        2  0.00047 2.01e-05        0        0
    93.8        2 0.000442 1.88e-05        0        0
    94.2        2 0.000416 1.75e-05        0        0
    94.6        2 0.000391 1.64e-05        0        0
      95        2 0.000368 1.54e-05        0        0
    95.4        2 0.000345 1.44e-05        0        0
    95.8        2 0.000323 1.34e-05        0        0
    96.2        2 0.000302 1.26e-05        0        0
    96.6        2 0.000282 1.18e-05        0        0
      97        2 0.000264  1.1e-05        0        0
    97.4        2 0.000248 1.03e-05        0        0
    97.8        2 0.000234 9.62e-06        0        0
    98.2        2 0.000222    9e-06        0        0
    98.6        2 0.000212 8.42e-06        0        0
      99        2 0.000205 7.88e-06        0        0
    99.4        2   0.0002 7.32e-06        0        0
    99.8        2 0.000198 7.02e-06        0        0
