     -15    0.114    0.425        1   0.0136    0.719
   -14.6    0.122    0.449        1   0.0285     1.42
   -14.2    0.131    0.473        1   0.0295     1.32
   -13.8     0.14    0.497        1   0.0305     1.21
   -13.4     0.15    0.522        1   0.0329     1.16
     -13    0.161    0.547        1   0.0337     1.07
   -12.6    0.172    0.572        1   0.0344     0.97
   -12.2    0.184    0.599        1   0.0366    0.922
   -11.8    0.197    0.625        1   0.0372    0.841
   -11.4     0.21    0.653        1   0.0378    0.765
     -11    0.224    0.681        1   0.0398    0.722
   -10.6    0.239     0.71    0.926   0.0416    0.678
   -10.2    0.255    0.739    0.921   0.0434    0.635
    -9.8    0.272    0.769    0.916   0.0437    0.577
    -9.4    0.289    0.799     0.91   0.0441    0.524
      -9    0.307    0.829    0.903   0.0457    0.491
    -8.6    0.326    0.859    0.896   0.0472    0.459
    -8.2    0.346     0.89    0.889   0.0487    0.428
    -7.8    0.367     0.92    0.881   0.0489    0.391
    -7.4    0.388     0.95    0.872   0.0502    0.365
      -7    0.411    0.979    0.863   0.0516    0.341
    -6.6    0.434     1.01    0.853   0.0517    0.312
    -6.2    0.458     1.04    0.843    0.053    0.292
    -5.8    0.483     1.07    0.833   0.0542    0.273
    -5.4    0.509     1.09    0.822   0.0543    0.252
      -5    0.535     1.12    0.811   0.0544    0.232
    -4.6    0.562     1.14    0.798   0.0555    0.218
    -4.2     0.59     1.17    0.786   0.0566    0.205
    -3.8    0.619     1.19    0.772   0.0567     0.19
    -3.4    0.648     1.21    0.758   0.0568    0.176
      -3    0.678     1.23    0.744   0.0579    0.166
    -2.6    0.709     1.25    0.729    0.058    0.154
    -2.2     0.74     1.27    0.713   0.0571    0.142
    -1.8    0.771     1.28    0.697   0.0572    0.133
    -1.4    0.803     1.29     0.68   0.0574    0.124
      -1    0.835      1.3    0.663   0.0575    0.117
    -0.6    0.868     1.31    0.646   0.0577     0.11
    -0.2    0.901     1.32    0.628    0.057    0.102
     0.2    0.934     1.33    0.609   0.0563   0.0947
     0.6    0.967     1.33    0.591   0.0556   0.0883
       1        1     1.33    0.572   0.0525   0.0791
     1.4     1.03     1.33    0.553   0.0577   0.0818
     1.8     1.07     1.33    0.534   0.0571   0.0772
     2.2      1.1     1.32    0.514   0.0484    0.062
     2.6     1.13     1.31    0.495    0.048   0.0588
       3     1.16      1.3    0.476   0.0554   0.0645
     3.4      1.2     1.29    0.456    0.055   0.0613
     3.8     1.23     1.28    0.437   0.0467   0.0496
     4.2     1.26     1.27    0.419   0.0463   0.0473
     4.6     1.29     1.25      0.4   0.0459   0.0451
       5     1.32     1.23    0.382   0.0456   0.0431
     5.4     1.35     1.21    0.364   0.0452   0.0412
     5.8     1.38     1.19    0.346   0.0449   0.0394
     6.2     1.41     1.17    0.329   0.0446   0.0377
     6.6     1.44     1.14    0.312   0.0369   0.0304
       7     1.46     1.12    0.296   0.0367   0.0291
     7.4     1.49     1.09     0.28   0.0438   0.0338
     7.8     1.52     1.07    0.265   0.0363   0.0272
     8.2     1.54     1.04     0.25    0.036   0.0262
     8.6     1.57     1.01    0.236   0.0359   0.0255
       9     1.59    0.979    0.223   0.0286   0.0198
     9.4     1.61     0.95     0.21   0.0284   0.0193
     9.8     1.63     0.92    0.198   0.0283   0.0188
    10.2     1.65     0.89    0.186   0.0282   0.0184
    10.6     1.67    0.859    0.174   0.0281   0.0179
      11     1.69    0.829    0.164    0.028   0.0175
    11.4     1.71    0.799    0.154   0.0279   0.0171
    11.8     1.73    0.769    0.144   0.0208   0.0126
    12.2     1.74    0.739    0.135   0.0208   0.0123
    12.6     1.76     0.71    0.126   0.0276   0.0161
      13     1.78    0.681    0.118   0.0206   0.0119
    13.4     1.79    0.652     0.11   0.0137   0.0078
    13.8      1.8    0.624    0.103   0.0205   0.0115
    14.2     1.82    0.597    0.096   0.0205   0.0114
    14.6     1.83    0.571   0.0896   0.0136  0.00747
      15     1.84    0.545   0.0836   0.0136  0.00738
    15.4     1.85    0.519   0.0779   0.0136   0.0073
    15.8     1.86    0.495   0.0725   0.0136  0.00723
    16.2     1.87    0.471   0.0675   0.0135  0.00715
    16.6     1.88    0.448   0.0628   0.0135  0.00707
      17     1.89    0.426   0.0585  0.00675  0.00352
    17.4     1.89    0.405   0.0544  0.00673  0.00348
    17.8      1.9    0.384   0.0506   0.0135  0.00693
    18.2     1.91    0.364    0.047  0.00672  0.00344
    18.6     1.91    0.345   0.0437  0.00671  0.00341
      19     1.92    0.327   0.0406   0.0134  0.00678
    19.4     1.93     0.31   0.0377   0.0067  0.00337
    19.8     1.93    0.293    0.035  0.00669  0.00334
    20.2     1.94    0.277   0.0325  0.00669  0.00334
    20.6     1.94    0.262   0.0302        0        0
      21     1.94    0.247    0.028  0.00668   0.0033
    21.4     1.95    0.234    0.026  0.00668   0.0033
    21.8     1.95     0.22   0.0241  0.00666  0.00327
    22.2     1.96    0.208   0.0224  0.00666  0.00327
    22.6     1.96    0.196   0.0208        0        0
      23     1.96    0.185   0.0193        0        0
    23.4     1.96    0.174   0.0179  0.00665  0.00324
    23.8     1.97    0.164   0.0166  0.00665  0.00324
    24.2     1.97    0.155   0.0154        0        0
    24.6     1.97    0.146   0.0142        0        0
      25     1.97    0.137   0.0132  0.00664   0.0032
    25.4     1.98    0.129   0.0122  0.00664   0.0032
    25.8     1.98    0.121   0.0113        0        0
    26.2     1.98    0.114   0.0105        0        0
    26.6     1.98    0.107  0.00974        0        0
      27     1.98    0.101  0.00903        0        0
    27.4     1.98   0.0946  0.00837  0.00663  0.00317
    27.8     1.99   0.0888  0.00775  0.00663  0.00317
    28.2     1.99   0.0834  0.00718        0        0
    28.6     1.99   0.0783  0.00666        0        0
      29     1.99   0.0735  0.00617        0        0
    29.4     1.99   0.0689  0.00571        0        0
    29.8     1.99   0.0647  0.00529        0        0
    30.2     1.99   0.0607   0.0049        0        0
    30.6     1.99   0.0569  0.00454        0        0
      31     1.99   0.0533  0.00421        0        0
    31.4     1.99   0.0506   0.0039        0        0
    31.8     1.99   0.0478  0.00361        0        0
    32.2     1.99   0.0449  0.00334        0        0
    32.6     1.99   0.0419   0.0031        0        0
      33     1.99   0.0389  0.00287        0        0
    33.4     1.99   0.0359  0.00266  0.00662  0.00314
    33.8        2   0.0329  0.00246  0.00662  0.00314
    34.2        2     0.03  0.00228        0        0
    34.6        2   0.0272  0.00211        0        0
      35        2   0.0244  0.00195        0        0
    35.4        2   0.0218  0.00185        0        0
    35.8        2   0.0192  0.00144        0        0
    41.2        2   0.0169 0.000934        0        0
    41.6        2   0.0146 0.000543        0        0
      42        2   0.0126 0.000454        0        0
    42.4        2   0.0107 0.000471        0        0
    42.8        2  0.00906 0.000436        0        0
    43.2        2  0.00761 0.000404        0        0
    43.6        2  0.00638 0.000374        0        0
      44        2  0.00538 0.000346        0        0
    44.4        2  0.00463 0.000321        0        0
    44.8        2  0.00411 0.000297        0        0
    45.2        2  0.00386 0.000275        0        0
    45.6        2  0.00388 0.000255        0        0
      46        2  0.00417 0.000236        0        0
    46.4        2  0.00406 0.000218        0        0
    46.8        2   0.0038 0.000202        0        0
    47.2        2  0.00354 0.000187        0        0
    47.6        2  0.00331 0.000173        0        0
      48        2  0.00309 0.000161        0        0
    48.4        2  0.00288 0.000149        0        0
    48.8        2  0.00269 0.000138        0        0
    49.2        2  0.00251 0.000127        0        0
    49.6        2  0.00234 0.000118        0        0
      50        2  0.00219 0.000109        0        0
    50.4        2  0.00204 0.000101        0        0
    50.8        2   0.0019 9.37e-05        0        0
    51.2        2  0.00178 8.69e-05        0        0
    51.6        2  0.00166 8.04e-05        0        0
      52        2  0.00154 7.45e-05        0        0
    52.4        2  0.00144  6.9e-05        0        0
    52.8        2  0.00134 6.38e-05        0        0
    53.2        2  0.00125 5.91e-05        0        0
    53.6        2  0.00117 5.46e-05        0        0
      54        2  0.00109 5.06e-05        0        0
    54.4        2  0.00102 4.69e-05        0        0
    54.8        2 0.000948 4.35e-05        0        0
    55.2        2 0.000884 4.02e-05        0        0
    55.6        2 0.000824 3.72e-05        0        0
      56        2 0.000769 3.45e-05        0        0
    56.4        2 0.000717 3.19e-05        0        0
    56.8        2 0.000668 2.96e-05        0        0
    57.2        2 0.000623 2.74e-05        0        0
    57.6        2 0.000581 2.54e-05        0        0
      58        2 0.000541 2.35e-05        0        0
    58.4        2 0.000505 2.17e-05        0        0
    58.8        2  0.00047 2.01e-05        0        0
    59.2        2 0.000438 1.86e-05        0        0
    59.6        2 0.000409 1.73e-05        0        0
      60        2 0.000381  1.6e-05        0        0
    60.4        2 0.000355 1.48e-05        0        0
    60.8        2 0.000331 1.37e-05        0        0
    61.2        2 0.000308 1.27e-05        0        0
    61.6        2 0.000287 1.18e-05        0        0
      62        2 0.000268 1.09e-05        0        0
    62.4        2 0.000249 1.01e-05        0        0
    62.8        2 0.000232 9.33e-06        0        0
    63.2        2 0.000216 8.64e-06        0        0
    63.6        2 0.000202    8e-06        0        0
      64        2 0.000188 7.41e-06        0        0
    64.4        2 0.000175 6.86e-06        0        0
    64.8        2 0.000163 6.35e-06        0        0
    65.2        2 0.000152 5.88e-06        0        0
    65.6        2 0.000141 5.45e-06        0        0
      66        2 0.000132 5.05e-06        0        0
    66.4        2 0.000123 4.67e-06        0        0
    66.8        2 0.000114 4.32e-06        0        0
    67.2        2 0.000106    4e-06        0        0
    67.6        2 9.91e-05 3.71e-06        0        0
      68        2 9.23e-05 3.43e-06        0        0
    68.4        2 8.59e-05 3.18e-06        0        0
    68.8        2    8e-05 2.94e-06        0        0
    69.2        2 7.45e-05 2.73e-06        0        0
    69.6        2 6.94e-05 2.52e-06        0        0
      70        2 6.46e-05 2.34e-06        0        0
    70.4        2 6.02e-05 2.16e-06        0        0
    70.8        2  5.6e-05    2e-06        0        0
    71.2        2 5.21e-05 1.85e-06        0        0
    71.6        2 4.85e-05 1.72e-06        0        0
      72        2 4.52e-05 1.59e-06        0        0
    72.4        2 4.21e-05 1.47e-06        0        0
    72.8        2 3.92e-05 1.36e-06        0        0
    73.2        2 3.65e-05 1.26e-06        0        0
    73.6        2 3.39e-05 1.17e-06        0        0
      74        2 3.16e-05 1.08e-06        0        0
    74.4        2 2.94e-05    1e-06        0        0
    74.8        2 2.74e-05 9.28e-07        0        0
    75.2        2 2.55e-05 8.59e-07        0        0
    75.6        2 2.37e-05 7.95e-07        0        0
      76        2 2.21e-05 7.36e-07        0        0
    76.4        2 2.05e-05 6.82e-07        0        0
    76.8        2 1.91e-05 6.32e-07        0        0
    77.2        2 1.78e-05 5.85e-07        0        0
    77.6        2 1.66e-05 5.41e-07        0        0
      78        2 1.54e-05 5.01e-07        0        0
    78.4        2 1.43e-05 4.64e-07        0        0
    78.8        2 1.33e-05  4.3e-07        0        0
    79.2        2 1.24e-05 3.98e-07        0        0
    79.6        2 1.16e-05 3.69e-07        0        0
      80        2 1.08e-05 3.41e-07        0        0
    80.4        2    1e-05 3.16e-07        0        0
    80.8        2 9.31e-06 2.93e-07        0        0
    81.2        2 8.66e-06 2.71e-07        0        0
    81.6        2 8.06e-06 2.51e-07        0        0
      82        2  7.5e-06 2.32e-07        0        0
    82.4        2 6.98e-06 2.15e-07        0        0
    82.8        2 6.49e-06 1.99e-07        0        0
    83.2        2 6.04e-06 1.85e-07        0        0
    83.6        2 5.62e-06 1.71e-07        0        0
      84        2 5.22e-06 1.58e-07        0        0
    84.4        2 4.86e-06 1.46e-07        0        0
    84.8        2 4.52e-06 1.36e-07        0        0
    85.2        2 4.21e-06 1.26e-07        0        0
    85.6        2 3.91e-06 1.16e-07        0        0
      86        2 3.64e-06 1.08e-07        0        0
    86.4        2 3.38e-06 9.97e-08        0        0
    86.8        2 3.15e-06 9.23e-08        0        0
    87.2        2 2.93e-06 8.55e-08        0        0
    87.6        2 2.72e-06 7.91e-08        0        0
      88        2 2.53e-06 7.33e-08        0        0
    88.4        2 2.36e-06 6.79e-08        0        0
    88.8        2 2.19e-06 6.29e-08        0        0
    89.2        2 2.04e-06 5.82e-08        0        0
    89.6        2  1.9e-06 5.39e-08        0        0
      90        2 1.76e-06 4.99e-08        0        0
    90.4        2 1.64e-06 4.62e-08        0        0
    90.8        2 1.52e-06 4.28e-08        0        0
    91.2        2 1.42e-06 3.96e-08        0        0
    91.6        2 1.32e-06 3.67e-08        0        0
      92        2 1.23e-06  3.4e-08        0        0
    92.4        2 1.14e-06 3.15e-08        0        0
    92.8        2 1.06e-06 2.91e-08        0        0
    93.2        2 9.85e-07  2.7e-08        0        0
    93.6        2 9.16e-07  2.5e-08        0        0
      94        2 8.52e-07 2.31e-08        0        0
    94.4        2 7.92e-07 2.14e-08        0        0
    94.8        2 7.37e-07 1.98e-08        0        0
    95.2        2 6.84e-07 1.84e-08        0        0
    95.6        2 6.33e-07  1.7e-08        0        0
      96        2 5.85e-07 1.57e-08        0        0
    96.4        2  5.4e-07 1.46e-08        0        0
    96.8        2 4.99e-07 1.35e-08        0        0
    97.2        2 4.62e-07 1.25e-08        0        0
    97.6        2 4.29e-07 1.16e-08        0        0
      98        2 4.01e-07 1.07e-08        0        0
    98.4        2 3.78e-07 9.91e-09        0        0
    98.8        2  3.6e-07 9.18e-09        0        0
    99.2        2 3.47e-07 8.45e-09        0        0
    99.6        2  3.4e-07 7.88e-09        0        0
