     -25        0        0        0        0        0        0  0.00108
   -24.8        0        0        0        0        0        0  0.00114
   -24.6        0        0        0        0        0        0  0.00122
   -24.4        0        0        0        0        0        0   0.0013
   -24.2        0        0        0        0        0        0  0.00138
     -24        0        0        0        0        0        0  0.00147
   -23.8        0        0        0        0        0        0  0.00156
   -23.6        0        0        0        0        0        0  0.00166
   -23.4        0        0        0        0        0        0  0.00177
   -23.2        0        0        0        0        0        0  0.00189
     -23        0        0        0        0        0        0  0.00201
   -22.8        0        0        0        0        0        0  0.00214
   -22.6        0        0        0        0        0        0  0.00227
   -22.4        0        0        0        0        0        0  0.00242
   -22.2        0        0        0        0        0        0  0.00258
     -22        0        0        0        0        0        0  0.00274
   -21.8        0        0        0        0        0        0  0.00292
   -21.6        0        0        0        0        0        0   0.0031
   -21.4        0        0        0        0        0        0   0.0033
   -21.2        0        0        0        0        0        0  0.00351
     -21        0        0        0        0        0        0  0.00374
   -20.8        0        0        0        0        0        0  0.00398
   -20.6        0        0        0        0        0        0  0.00423
   -20.4        0        0        0        0        0        0  0.00451
   -20.2        0        0        0        0        0        0  0.00479
     -20        0        0        0        0        0        0   0.0051
   -19.8        0        0        0        0        0        0  0.00543
   -19.6        0        0        0        0        0        0  0.00577
   -19.4        0        0        0        0        0        0  0.00614
   -19.2        0        0        0        0        0        0  0.00653
     -19        0        0        0        0        0        0  0.00695
   -18.8        0        0        0        0        0        0  0.00739
   -18.6        0        0        0        0        0        0  0.00786
   -18.4        0        0        0        0        0        0  0.00836
   -18.2        0        0        0        0        0        0   0.0089
     -18        0        0        0        0        0        0  0.00946
   -17.8        0        0        0        0        0        0   0.0101
   -17.6        0        0        0        0        0        0   0.0107
   -17.4        0        0        0        0        0        0   0.0114
   -17.2        0        0        0        0        0        0   0.0121
     -17        0        0        0        0        0        0   0.0129
   -16.8        0        0        0        0        0        0   0.0137
   -16.6        0        0        0        0        0        0   0.0145
   -16.4        0        0        0        0        0        0   0.0155
   -16.2        0        0        0        0        0        0   0.0164
     -16        0        0        0        0        0        0   0.0175
   -15.8        0        0        0        0        0        0   0.0186
   -15.6        0        0        0        0        0        0   0.0197
   -15.4        0        0        0        0        0        0   0.0209
   -15.2        0        0        0        0        0        0   0.0222
     -15        0        0        0        0        0        0   0.0236
   -14.8        0        0        0        0        0        0   0.0251
   -14.6        0        0        0        0        0        0   0.0267
   -14.4        0        0        0        0        0        0   0.0283
   -14.2        0        0        0        0        0        0     0.03
     -14        0        0        0        0        0        0   0.0319
   -13.8        0        0        0        0        0        0   0.0338
   -13.6        0        0        0        0        0        0   0.0359
   -13.4        0        0        0        0        0        0   0.0381
   -13.2        0        0        0        0        0        0   0.0404
     -13        0        0        0        0        0        0   0.0428
   -12.8        0        0        0        0        0        0   0.0454
   -12.6        0        0        0        0        0        0   0.0481
   -12.4        0        0        0        0        0        0    0.051
   -12.2        0        0        0        0        0        0    0.054
     -12        0        0        0        0        0        0   0.0572
   -11.8        0        0        0        0        0        0   0.0606
   -11.6        0        0        0        0        0        0   0.0641
   -11.4        0        0        0        0        0        0   0.0678
   -11.2        0        0        0        0        0        0   0.0718
     -11        0        0        0        0        0        0   0.0758
   -10.8        0        0        0        0        0        0   0.0802
   -10.6        0        0        0        0        0        0   0.0847
   -10.4        0        0        0        0        0        0   0.0895
   -10.2        0        0        0        0        0        0   0.0944
     -10        0        0        0        0        0        0   0.0996
    -9.8        0        0        0        0        0        0    0.105
    -9.6        0        0        0        0        0        0    0.111
    -9.4        0        0        0        0        0        0    0.117
    -9.2        0        0        0        0        0        0    0.123
      -9        0        0        0        0        0        0     0.13
    -8.8        0        0        0        0        0        0    0.136
    -8.6        0        0        0        0        0        0    0.143
    -8.4        0        0        0        0        0        0    0.151
    -8.2        0        0        0        0        0        0    0.158
      -8        0        0        0        0        0        0    0.166
    -7.8        0        0        0        0        0        0    0.174
    -7.6        0        0        0        0        0        0    0.183
    -7.4        0        0        0        0        0        0    0.192
    -7.2        0        0        0        0        0        0    0.201
      -7        0        0        0        0        0        0     0.21
    -6.8        0        0        0        0        0        0     0.22
    -6.6        0        0        0        0        0        0     0.23
    -6.4        0        0        0        0        0        0     0.24
    -6.2        0        0        0        0        0        0     0.25
      -6        0        0        0        0        0        0    0.261
    -5.8        0        0        0        0        0        0    0.272
    -5.6        0        0        0        0        0        0    0.283
    -5.4        0        0        0        0        0        0    0.295
    -5.2        0        0        0        0        0        0    0.307
      -5        0        0        0        0        0        0    0.319
    -4.8        0        0        0        0        0        0    0.331
    -4.6        0        0        0        0        0        0    0.343
    -4.4        0        0        0        0        0        0    0.356
    -4.2        0        0        0        0        0        0    0.369
      -4        0        0        0        0        0        0    0.382
    -3.8        0        0        0        0        0        0    0.395
    -3.6        0        0        0        0        0        0    0.408
    -3.4        0        0        0        0        0        0    0.421
    -3.2        0        0        0        0        0        0    0.434
      -3        0        0        0        0        0        0    0.448
    -2.8        0        0        0        0        0        0    0.461
    -2.6        0        0        0        0        0        0    0.475
    -2.4        0        0        0        0        0        0    0.488
    -2.2        0        0        0        0        0        0    0.502
      -2        0        0        0        0        0        0    0.515
    -1.8        0        0        0        0        0        0    0.529
    -1.6        0        0        0        0        0        0    0.542
    -1.4        0        0        0        0        0        0    0.555
    -1.2        0        0        0        0        0        0    0.569
      -1        0        0        0        0        0        0    0.582
    -0.8        0        0        0        0        0        0    0.595
    -0.6        0        0        0        0        0        0    0.607
    -0.4        0        0        0        0        0        0     0.62
    -0.2        0        0        0        0        0        0    0.633
2.66e-14        0        0        0        0        0        0    0.645
     0.2        0        0        0        0        0        0    0.657
     0.4        0        0        0        0        0        0    0.669
     0.6        0        0        0        0        0        0     0.68
     0.8        0        0        0        0        0        0    0.692
       1        0        0        0        0        0        0    0.703
     1.2        0        0        0        0        0        0    0.714
     1.4        0        0        0        0        0        0    0.724
     1.6        0        0        0        0        0        0    0.734
     1.8        0        0        0        0        0        0    0.744
       2        0        0        0        0        0        0    0.754
     2.2        0        0        0        0        0        0    0.764
     2.4        0        0        0        0        0        0    0.773
     2.6        0        0        0        0        0        0    0.782
     2.8        0        0        0        0        0        0     0.79
       3        0        0        0        0        0        0    0.798
     3.2        0        0        0        0        0        0    0.806
     3.4        0        0        0        0        0        0    0.814
     3.6        0        0        0        0        0        0    0.821
     3.8        0        0        0        0        0        0    0.829
       4        0        0        0        0        0        0    0.835
     4.2        0        0        0        0        0        0    0.842
     4.4        0        0        0        0        0        0    0.848
     4.6        0        0        0        0        0        0    0.854
     4.8        0        0        0        0        0        0     0.86
       5        0        0        0        0        0        0    0.865
     5.2        0        0        0        0        0        0    0.871
     5.4        0        0        0        0        0        0    0.876
     5.6        0        0        0        0        0        0     0.88
     5.8        0        0        0        0        0        0    0.885
       6        0        0        0        0        0        0    0.889
     6.2        0        0        0        0        0        0    0.893
     6.4        0        0        0        0        0        0    0.897
     6.6        0        0        0        0        0        0    0.901
     6.8        0        0        0        0        0        0    0.904
       7        0        0        0        0        0        0    0.907
     7.2        0        0        0        0        0        0     0.91
     7.4        0        0        0        0        0        0    0.913
     7.6        0        0        0        0        0        0    0.916
     7.8        0        0        0        0        0        0    0.919
       8        0        0        0        0        0        0    0.921
     8.2        0        0        0        0        0        0    0.923
     8.4        0        0        0        0        0        0    0.925
     8.6        0        0        0        0        0        0    0.927
     8.8        0        0        0        0        0        0    0.929
       9        0        0        0        0        0        0    0.931
     9.2        0        0        0        0        0        0    0.932
     9.4        0        0        0        0        0        0    0.934
     9.6        0        0        0        0        0        0    0.935
     9.8        0        0        0        0        0        0    0.936
      10        0        0        0        0        0        0    0.937
    10.2        0        0        0        0        0        0    0.938
    10.4        0        0        0        0        0        0    0.939
    10.6        0        0        0        0        0        0     0.94
    10.8        0        0        0        0        0        0     0.94
      11        0        0        0        0        0        0    0.941
    11.2        0        0        0        0        0        0    0.941
    11.4        0        0        0        0        0        0    0.942
    11.6        0        0        0        0        0        0    0.942
    11.8        0        0        0        0        0        0    0.942
      12        0        0        0        0        0        0    0.942
    12.2        0        0        0        0        0        0    0.942
    12.4        0        0        0        0        0        0    0.942
    12.6        0        0        0        0        0        0    0.942
    12.8        0        0        0        0        0        0    0.941
      13        0        0        0        0        0        0    0.941
    13.2        0        0        0        0        0        0     0.94
    13.4        0        0        0        0        0        0     0.94
    13.6        0        0        0        0        0        0    0.939
    13.8        0        0        0        0        0        0    0.938
      14        0        0        0        0        0        0    0.937
    14.2        0        0        0        0        0        0    0.936
    14.4        0        0        0        0        0        0    0.935
    14.6        0        0        0        0        0        0    0.934
    14.8        0        0        0        0        0        0    0.932
      15        0        0        0        0        0        0    0.931
    15.2        0        0        0        0        0        0    0.929
    15.4        0        0        0        0        0        0    0.927
    15.6        0        0        0        0        0        0    0.925
    15.8        0        0        0        0        0        0    0.923
      16        0        0        0        0        0        0    0.921
    16.2        0        0        0        0        0        0    0.919
    16.4        0        0        0        0        0        0    0.916
    16.6        0        0        0        0        0        0    0.913
    16.8        0        0        0        0        0        0     0.91
      17        0        0        0        0        0        0    0.907
    17.2        0        0        0        0        0        0    0.904
    17.4        0        0        0        0        0        0    0.901
    17.6        0        0        0        0        0        0    0.897
    17.8        0        0        0        0        0        0    0.893
      18        0        0        0        0        0        0    0.889
    18.2        0        0        0        0        0        0    0.885
    18.4        0        0        0        0        0        0     0.88
    18.6        0        0        0        0        0        0    0.876
    18.8        0        0        0        0        0        0    0.871
      19        0        0        0        0        0        0    0.865
    19.2        0        0        0        0        0        0     0.86
    19.4        0        0        0        0        0        0    0.854
    19.6        0        0        0        0        0        0    0.848
    19.8        0        0        0        0        0        0    0.842
      20        0        0        0        0        0        0    0.835
    20.2        0        0        0        0        0        0    0.829
    20.4        0        0        0        0        0        0    0.821
    20.6        0        0        0        0        0        0    0.814
    20.8        0        0        0        0        0        0    0.806
      21        0        0        0        0        0        0    0.798
    21.2        0        0        0        0        0        0     0.79
    21.4        0        0        0        0        0        0    0.782
    21.6        0        0        0        0        0        0    0.773
    21.8        0        0        0        0        0        0    0.764
      22        0        0        0        0        0        0    0.754
    22.2        0        0        0        0        0        0    0.744
    22.4        0        0        0        0        0        0    0.734
    22.6        0        0        0        0        0        0    0.724
    22.8        0        0        0        0        0        0    0.714
      23        0        0        0        0        0        0    0.703
    23.2        0        0        0        0        0        0    0.692
    23.4        0        0        0        0        0        0     0.68
    23.6        0        0        0        0        0        0    0.669
    23.8        0        0        0        0        0        0    0.657
      24        0        0        0        0        0        0    0.645
    24.2        0        0        0        0        0        0    0.633
    24.4        0        0        0        0        0        0     0.62
    24.6        0        0        0        0        0        0    0.607
    24.8        0        0        0        0        0        0    0.595
      25        0        0        0        0        0        0    0.582
    25.2        0        0        0        0        0        0    0.569
    25.4        0        0        0        0        0        0    0.555
    25.6        0        0        0        0        0        0    0.542
    25.8        0        0        0        0        0        0    0.529
      26        0        0        0        0        0        0    0.515
    26.2        0        0        0        0        0        0    0.502
    26.4        0        0        0        0        0        0    0.488
    26.6        0        0        0        0        0        0    0.475
    26.8        0        0        0        0        0        0    0.461
      27        0        0        0        0        0        0    0.448
    27.2        0        0        0        0        0        0    0.434
    27.4        0        0        0        0        0        0    0.421
    27.6        0        0        0        0        0        0    0.408
    27.8        0        0        0        0        0        0    0.395
      28        0        0        0        0        0        0    0.382
    28.2        0        0        0        0        0        0    0.369
    28.4        0        0        0        0        0        0    0.356
    28.6        0        0        0        0        0        0    0.343
    28.8        0        0        0        0        0        0    0.331
      29        0        0        0        0        0        0    0.319
    29.2        0        0        0        0        0        0    0.307
    29.4        0        0        0        0        0        0    0.295
    29.6        0        0        0        0        0        0    0.283
    29.8        0        0        0        0        0        0    0.272
      30        0        0        0        0        0        0    0.261
    30.2        0        0        0        0        0        0     0.25
    30.4        0        0        0        0        0        0     0.24
    30.6        0        0        0        0        0        0     0.23
    30.8        0        0        0        0        0        0     0.22
      31        0        0        0        0        0        0     0.21
    31.2        0        0        0        0        0        0    0.201
    31.4        0        0        0        0        0        0    0.192
    31.6        0        0        0        0        0        0    0.183
    31.8        0        0        0        0        0        0    0.174
      32        0        0        0        0        0        0    0.166
    32.2        0        0        0        0        0        0    0.158
    32.4        0        0        0        0        0        0    0.151
    32.6        0        0        0        0        0        0    0.143
    32.8        0        0        0        0        0        0    0.136
      33        0        0        0        0        0        0     0.13
    33.2        0        0        0        0        0        0    0.123
    33.4        0        0        0        0        0        0    0.117
    33.6        0        0        0        0        0        0    0.111
    33.8        0        0        0        0        0        0    0.105
      34        0        0        0        0        0        0   0.0996
    34.2        0        0        0        0        0        0   0.0944
    34.4        0        0        0        0        0        0   0.0895
    34.6        0        0        0        0        0        0   0.0847
    34.8        0        0        0        0        0        0   0.0802
      35        0        0        0        0        0        0   0.0758
    35.2        0        0        0        0        0        0   0.0718
    35.4        0        0        0        0        0        0   0.0678
    35.6        0        0        0        0        0        0   0.0641
    35.8        0        0        0        0        0        0   0.0606
      36        0        0        0        0        0        0   0.0572
    36.2        0        0        0        0        0        0    0.054
    36.4        0        0        0        0        0        0    0.051
    36.6        0        0        0        0        0        0   0.0481
    36.8        0        0        0        0        0        0   0.0454
      37        0        0        0        0        0        0   0.0428
    37.2        0        0        0        0        0        0   0.0404
    37.4        0        0        0        0        0        0   0.0381
    37.6        0        0        0        0        0        0   0.0359
    37.8        0        0        0        0        0        0   0.0338
      38        0        0        0        0        0        0   0.0319
    38.2        0        0        0        0        0        0     0.03
    38.4        0        0        0        0        0        0   0.0283
    38.6        0        0        0        0        0        0   0.0267
    38.8        0        0        0        0        0        0   0.0251
      39        0        0        0        0        0        0   0.0236
    39.2        0        0        0        0        0        0   0.0222
    39.4        0        0        0        0        0        0   0.0209
    39.6        0        0        0        0        0        0   0.0197
    39.8        0        0        0        0        0        0   0.0186
      40        0        0        0        0        0        0   0.0175
    40.2        0        0        0        0        0        0   0.0164
    40.4        0        0        0        0        0        0   0.0155
    40.6        0        0        0        0        0        0   0.0145
    40.8        0        0        0        0        0        0   0.0137
      41        0        0        0        0        0        0   0.0129
    41.2        0        0        0        0        0        0   0.0121
    41.4        0        0        0        0        0        0   0.0114
    41.6        0        0        0        0        0        0   0.0107
    41.8        0        0        0        0        0        0   0.0101
      42        0        0        0        0        0        0  0.00946
    42.2        0        0        0        0        0        0   0.0089
    42.4        0        0        0        0        0        0  0.00836
    42.6        0        0        0        0        0        0  0.00786
    42.8        0        0        0        0        0        0  0.00739
      43        0        0        0        0        0        0  0.00695
    43.2        0        0        0        0        0        0  0.00653
    43.4        0        0        0        0        0        0  0.00614
    43.6        0        0        0        0        0        0  0.00577
    43.8        0        0        0        0        0        0  0.00543
      44        0        0        0        0        0        0   0.0051
    44.2        0        0        0        0        0        0  0.00479
    44.4        0        0        0        0        0        0  0.00451
    44.6        0        0        0        0        0        0  0.00423
    44.8        0        0        0        0        0        0  0.00398
      45        0        0        0        0        0        0  0.00374
    45.2        0        0        0        0        0        0  0.00351
    45.4        0        0        0        0        0        0   0.0033
    45.6        0        0        0        0        0        0   0.0031
    45.8        0        0        0        0        0        0  0.00292
      46        0        0        0        0        0        0  0.00274
    46.2        0        0        0        0        0        0  0.00258
    46.4        0        0        0        0        0        0  0.00242
    46.6        0        0        0        0        0        0  0.00227
    46.8        0        0        0        0        0        0  0.00214
      47        0        0        0        0        0        0  0.00201
    47.2        0        0        0        0        0        0  0.00189
    47.4        0        0        0        0        0        0  0.00177
    47.6        0        0        0        0        0        0  0.00166
    47.8        0        0        0        0        0        0  0.00156
      48        0        0        0        0        0        0  0.00147
    48.2        0        0        0        0        0        0  0.00138
    48.4        0        0        0        0        0        0   0.0013
    48.6        0        0        0        0        0        0  0.00122
    48.8        0        0        0        0        0        0  0.00114
      49        0        0        0        0        0        0  0.00108
    49.2        0        0        0        0        0        0  0.00101
    49.4        0        0        0        0        0        0 0.000949
    49.6        0        0        0        0        0        0 0.000892
    49.8        0        0        0        0        0        0 0.000838
      50        0        0        0        0        0        0 0.000787
    50.2        0        0        0        0        0        0  0.00074
    50.4        0        0        0        0        0        0 0.000695
    50.6        0        0        0        0        0        0 0.000653
    50.8        0        0        0        0        0        0 0.000613
      51        0        0        0        0        0        0 0.000576
    51.2        0        0        0        0        0        0 0.000541
    51.4        0        0        0        0        0        0 0.000508
    51.6        0        0        0        0        0        0 0.000478
    51.8        0        0        0        0        0        0 0.000449
      52        0        0        0        0        0        0 0.000422
    52.2        0        0        0        0        0        0 0.000396
    52.4        0        0        0        0        0        0 0.000372
    52.6        0        0        0        0        0        0  0.00035
    52.8        0        0        0        0        0        0 0.000328
      53        0        0        0        0        0        0 0.000309
    53.2        0        0        0        0        0        0  0.00029
    53.4        0        0        0        0        0        0 0.000272
    53.6        0        0        0        0        0        0 0.000256
    53.8        0        0        0        0        0        0  0.00024
      54        0        0        0        0        0        0 0.000226
    54.2        0        0        0        0        0        0 0.000212
    54.4        0        0        0        0        0        0 0.000199
    54.6        0        0        0        0        0        0 0.000187
    54.8        0        0        0        0        0        0 0.000176
      55        0        0        0        0        0        0 0.000165
    55.2        0        0        0        0        0        0 0.000155
    55.4        0        0        0        0        0        0 0.000146
    55.6        0        0        0        0        0        0 0.000137
    55.8        0        0        0        0        0        0 0.000129
      56        0        0        0        0        0        0 0.000121
    56.2        0        0        0        0        0        0 0.000114
    56.4        0        0        0        0        0        0 0.000107
    56.6        0        0        0        0        0        0 9.99e-05
    56.8        0        0        0        0        0        0 9.41e-05
      57        0        0        0        0        0        0 8.84e-05
    57.2        0        0        0        0        0        0 8.31e-05
    57.4        0        0        0        0        0        0  7.8e-05
    57.6        0        0        0        0        0        0 7.33e-05
    57.8        0        0        0        0        0        0 6.88e-05
      58        0        0        0        0        0        0 6.47e-05
    58.2        0        0        0        0        0        0 6.08e-05
    58.4        0        0        0        0        0        0 5.71e-05
    58.6        0        0        0        0        0        0 5.36e-05
    58.8        0        0        0        0        0        0 5.04e-05
      59        0        0        0        0        0        0 4.73e-05
    59.2        0        0        0        0        0        0 4.45e-05
    59.4        0        0        0        0        0        0 4.18e-05
    59.6        0        0        0        0        0        0 3.92e-05
    59.8        0        0        0        0        0        0 3.69e-05
      60        0        0        0        0        0        0 3.46e-05
    60.2        0        0        0        0        0        0 3.25e-05
    60.4        0        0        0        0        0        0 3.06e-05
    60.6        0        0        0        0        0        0 2.87e-05
    60.8        0        0        0        0        0        0  2.7e-05
      61        0        0        0        0        0        0 2.53e-05
    61.2        0        0        0        0        0        0 2.38e-05
    61.4        0        0        0        0        0        0 2.24e-05
    61.6        0        0        0        0        0        0  2.1e-05
    61.8        0        0        0        0        0        0 1.97e-05
      62        0        0        0        0        0        0 1.85e-05
    62.2        0        0        0        0        0        0 1.74e-05
    62.4        0        0        0        0        0        0 1.64e-05
    62.6        0        0        0        0        0        0 1.54e-05
    62.8        0        0        0        0        0        0 1.44e-05
      63        0        0        0        0        0        0 1.36e-05
    63.2        0        0        0        0        0        0 1.27e-05
    63.4        0        0        0        0        0        0  1.2e-05
    63.6        0        0        0        0        0        0 1.12e-05
    63.8        0        0        0        0        0        0 1.06e-05
      64        0        0        0        0        0        0 9.91e-06
    64.2        0        0        0        0        0        0 9.32e-06
    64.4        0        0        0        0        0        0 8.76e-06
    64.6        0        0        0        0        0        0 8.23e-06
    64.8        0        0        0        0        0        0 7.73e-06
      65        0        0        0        0        0        0 7.26e-06
    65.2        0        0        0        0        0        0 6.82e-06
    65.4        0        0        0        0        0        0 6.41e-06
    65.6        0        0        0        0        0        0 6.02e-06
    65.8        0        0        0        0        0        0 5.65e-06
      66        0        0        0        0        0        0 5.31e-06
    66.2        0        0        0        0        0        0 4.99e-06
    66.4        0        0        0        0        0        0 4.69e-06
    66.6        0        0        0        0        0        0  4.4e-06
    66.8        0        0        0        0        0        0 4.14e-06
      67        0        0        0        0        0        0 3.89e-06
    67.2        0        0        0        0        0        0 3.65e-06
    67.4        0        0        0        0        0        0 3.43e-06
    67.6        0        0        0        0        0        0 3.22e-06
    67.8        0        0        0        0        0        0 3.03e-06
      68        0        0        0        0        0        0 2.84e-06
    68.2        0        0        0        0        0        0 2.67e-06
    68.4        0        0        0        0        0        0 2.51e-06
    68.6        0        0        0        0        0        0 2.36e-06
    68.8        0        0        0        0        0        0 2.38e-06
    79.3        0        0        0        0        0        0 6.09e-07
    79.5        0        0        0        0        0        0 7.82e-08
    79.7        0        0        0        0        0        0 7.34e-08
    79.9        0        0        0        0        0        0  6.9e-08
    80.1        0        0        0        0        0        0 6.48e-08
    80.3        0        0        0        0        0        0 6.09e-08
    80.5        0        0        0        0        0        0 5.72e-08
    80.7        0        0        0        0        0        0 5.37e-08
    80.9        0        0        0        0        0        0 5.05e-08
    81.1        0        0        0        0        0        0 4.74e-08
    81.3        0        0        0        0        0        0 4.45e-08
    81.5        0        0        0        0        0        0 4.18e-08
    81.7        0        0        0        0        0        0 3.93e-08
    81.9        0        0        0        0        0        0 3.69e-08
    82.1        0        0        0        0        0        0 3.47e-08
    82.3        0        0        0        0        0        0 3.26e-08
    82.5        0        0        0        0        0        0 3.06e-08
    82.7        0        0        0        0        0        0 2.88e-08
    82.9        0        0        0        0        0        0  2.7e-08
    83.1        0        0        0        0        0        0 2.54e-08
    83.3        0        0        0        0        0        0 2.38e-08
    83.5        0        0        0        0        0        0 2.24e-08
    83.7        0        0        0        0        0        0  2.1e-08
    83.9        0        0        0        0        0        0 1.98e-08
    84.1        0        0        0        0        0        0 1.86e-08
    84.3        0        0        0        0        0        0 1.74e-08
    84.5        0        0        0        0        0        0 1.64e-08
    84.7        0        0        0        0        0        0 1.54e-08
    84.9        0        0        0        0        0        0 1.45e-08
    85.1        0        0        0        0        0        0 1.36e-08
    85.3        0        0        0        0        0        0 1.28e-08
    85.5        0        0        0        0        0        0  1.2e-08
    85.7        0        0        0        0        0        0 1.13e-08
    85.9        0        0        0        0        0        0 1.06e-08
    86.1        0        0        0        0        0        0 9.95e-09
    86.3        0        0        0        0        0        0 9.33e-09
    86.5        0        0        0        0        0        0 8.77e-09
    86.7        0        0        0        0        0        0 8.24e-09
    86.9        0        0        0        0        0        0 7.74e-09
    87.1        0        0        0        0        0        0 7.27e-09
    87.3        0        0        0        0        0        0 6.83e-09
    87.5        0        0        0        0        0        0 6.42e-09
    87.7        0        0        0        0        0        0 6.03e-09
    87.9        0        0        0        0        0        0 5.66e-09
    88.1        0        0        0        0        0        0 5.32e-09
    88.3        0        0        0        0        0        0    5e-09
    88.5        0        0        0        0        0        0 4.69e-09
    88.7        0        0        0        0        0        0 4.41e-09
    88.9        0        0        0        0        0        0 4.14e-09
    89.1        0        0        0        0        0        0 3.89e-09
    89.3        0        0        0        0        0        0 3.66e-09
    89.5        0        0        0        0        0        0 3.43e-09
    89.7        0        0        0        0        0        0 3.23e-09
    89.9        0        0        0        0        0        0 3.03e-09
    90.1        0        0        0        0        0        0 2.85e-09
    90.3        0        0        0        0        0        0 2.67e-09
    90.5        0        0        0        0        0        0 2.51e-09
    90.7        0        0        0        0        0        0 2.36e-09
    90.9        0        0        0        0        0        0 2.22e-09
    91.1        0        0        0        0        0        0 2.08e-09
    91.3        0        0        0        0        0        0 1.96e-09
    91.5        0        0        0        0        0        0 1.84e-09
    91.7        0        0        0        0        0        0 1.73e-09
    91.9        0        0        0        0        0        0 1.62e-09
    92.1        0        0        0        0        0        0 1.52e-09
    92.3        0        0        0        0        0        0 1.43e-09
    92.5        0        0        0        0        0        0 1.34e-09
    92.7        0        0        0        0        0        0 1.26e-09
    92.9        0        0        0        0        0        0 1.19e-09
    93.1        0        0        0        0        0        0 1.11e-09
    93.3        0        0        0        0        0        0 1.05e-09
    93.5        0        0        0        0        0        0 9.86e-10
    93.7        0        0        0        0        0        0 9.24e-10
    93.9        0        0        0        0        0        0 8.68e-10
    94.1        0        0        0        0        0        0 8.16e-10
    94.3        0        0        0        0        0        0 7.66e-10
    94.5        0        0        0        0        0        0  7.2e-10
    94.7        0        0        0        0        0        0 6.76e-10
    94.9        0        0        0        0        0        0 6.35e-10
    95.1        0        0        0        0        0        0 5.97e-10
    95.3        0        0        0        0        0        0  5.6e-10
    95.5        0        0        0        0        0        0 5.26e-10
    95.7        0        0        0        0        0        0 4.94e-10
    95.9        0        0        0        0        0        0 4.64e-10
    96.1        0        0        0        0        0        0 4.37e-10
    96.3        0        0        0        0        0        0  4.1e-10
    96.5        0        0        0        0        0        0 3.85e-10
    96.7        0        0        0        0        0        0 3.62e-10
    96.9        0        0        0        0        0        0  3.4e-10
    97.1        0        0        0        0        0        0  3.2e-10
    97.3        0        0        0        0        0        0    3e-10
    97.5        0        0        0        0        0        0 2.82e-10
    97.7        0        0        0        0        0        0 2.65e-10
    97.9        0        0        0        0        0        0 2.49e-10
    98.1        0        0        0        0        0        0 2.34e-10
    98.3        0        0        0        0        0        0  2.2e-10
    98.5        0        0        0        0        0        0 2.06e-10
    98.7        0        0        0        0        0        0 1.94e-10
    98.9        0        0        0        0        0        0 1.82e-10
    99.1        0        0        0        0        0        0 1.71e-10
    99.3        0        0        0        0        0        0 1.61e-10
    99.5        0        0        0        0        0        0 1.51e-10
    99.7        0        0        0        0        0        0 1.42e-10
    99.9        0        0        0        0        0        0 1.34e-10
