-15 0.08 0.325 1 0.0126
-14.6 0.0866 0.346 1 0.0256
-14.2 0.0936 0.368 1 0.0264
-13.8 0.101 0.389 1 0.0275
-13.4 0.109 0.411 1 0.0296
-13 0.118 0.434 1 0.0306
-12.6 0.127 0.457 1 0.0315
-12.2 0.137 0.481 1 0.0323
-11.8 0.147 0.505 1 0.0331
-11.4 0.158 0.53 1 0.0354
-11 0.17 0.556 1 0.0361
-10.6 0.182 0.583 1 0.0367
-10.2 0.195 0.61 1 0.0388
-9.8 0.209 0.637 1 0.0407
-9.4 0.224 0.665 1 0.0412
-9 0.239 0.693 1 0.0403
-8.6 0.254 0.721 1 0.0421
-8.2 0.271 0.748 1 0.0438
-7.8 0.288 0.776 1 0.0429
-7.4 0.305 0.803 1 0.0445
-7 0.324 0.83 1 0.0449
-6.6 0.342 0.856 1 0.0452
-6.2 0.362 0.881 1 0.0468
-5.8 0.382 0.905 1 0.0459
-5.4 0.402 0.929 1 0.0452
-5 0.422 0.952 1 0.0455
-4.6 0.443 0.973 1 0.047
-4.2 0.465 0.994 1 0.0463
-3.8 0.486 1.01 1 0.0456
-3.4 0.508 1.03 1 0.0449
-3 0.529 1.05 1 0.0443
-2.6 0.551 1.06 1 0.0447
-2.2 0.573 1.08 1 0.0442
-1.8 0.595 1.09 1 0.0426
-1.4 0.616 1.1 1 0.0421
-1 0.638 1.11 1 0.0416
-0.6 0.659 1.12 1 0.0402
-0.2 0.68 1.12 1 0.0389
0.2 0.7 1.13 1 0.0385
0.6 0.721 1.14 1 0.0381
1 0.741 1.14 1 0.0359
1.4 0.76 1.14 0.964 0.0347
1.8 0.779 1.15 0.959 0.0344
2.2 0.798 1.15 0.954 0.0333
2.6 0.816 1.15 0.948 0.0321
3 0.834 1.15 0.942 0.0319
3.4 0.852 1.15 0.935 0.0316
3.8 0.87 1.15 0.927 0.0306
4.2 0.887 1.15 0.919 0.0286
4.6 0.903 1.15 0.91 0.0284
5 0.92 1.14 0.901 0.0283
5.4 0.936 1.14 0.891 0.0273
5.8 0.952 1.14 0.88 0.0271
6.2 0.968 1.14 0.868 0.027
6.6 0.984 1.14 0.856 0.0268
7 1 1.14 0.843 0.03
7.4 1.02 1.14 0.83 0.0249
7.8 1.03 1.14 0.815 0.0247
8.2 1.05 1.14 0.8 0.0246
8.6 1.06 1.14 0.784 0.0245
9 1.08 1.14 0.767 0.0325
9.4 1.1 1.15 0.75 0.0243
9.8 1.11 1.15 0.732 0.0241
10.2 1.13 1.15 0.714 0.032
10.6 1.15 1.15 0.694 0.0239
11 1.16 1.15 0.675 0.0238
11.4 1.18 1.15 0.654 0.0315
11.8 1.2 1.15 0.634 0.0314
12.2 1.22 1.15 0.613 0.0312
12.6 1.24 1.14 0.591 0.031
13 1.26 1.14 0.57 0.0309
13.4 1.28 1.14 0.548 0.0307
13.8 1.3 1.13 0.526 0.0305
14.2 1.32 1.12 0.505 0.0304
14.6 1.34 1.12 0.483 0.0302
15 1.36 1.11 0.461 0.0301
15.4 1.38 1.1 0.44 0.0374
15.8 1.41 1.09 0.419 0.0372
16.2 1.43 1.08 0.398 0.0296
16.6 1.45 1.06 0.378 0.0295
17 1.47 1.05 0.358 0.0293
17.4 1.49 1.03 0.339 0.0292
17.8 1.51 1.01 0.32 0.0363
18.2 1.54 0.994 0.302 0.0361
18.6 1.56 0.973 0.284 0.0287
19 1.58 0.952 0.267 0.0286
19.4 1.6 0.929 0.251 0.0285
19.8 1.62 0.905 0.236 0.0284
20.2 1.64 0.881 0.221 0.0283
20.6 1.66 0.856 0.207 0.0282
21 1.68 0.83 0.193 0.0211
21.4 1.69 0.803 0.18 0.021
21.8 1.71 0.776 0.168 0.0279
22.2 1.73 0.748 0.157 0.0278
22.6 1.75 0.721 0.146 0.0208
23 1.76 0.693 0.135 0.0207
23.4 1.78 0.665 0.126 0.0206
23.8 1.79 0.637 0.117 0.0137
24.2 1.8 0.61 0.108 0.0205
24.6 1.82 0.583 0.1 0.0205
25 1.83 0.556 0.0929 0.0136
25.4 1.84 0.53 0.086 0.0136
25.8 1.85 0.504 0.0795 0.0136
26.2 1.86 0.479 0.0735 0.0136
26.6 1.87 0.455 0.0679 0.0135
27 1.88 0.431 0.0627 0.0135
27.4 1.89 0.408 0.0578 0.0135
27.8 1.9 0.386 0.0533 0.0135
28.2 1.91 0.365 0.0491 0.00672
28.6 1.91 0.345 0.0453 0.00671
29 1.92 0.325 0.0417 0.0134
29.4 1.93 0.306 0.0384 0.0067
29.8 1.93 0.288 0.0354 0.00669
30.2 1.94 0.271 0.0325 0.00669
30.6 1.94 0.255 0.0299 0.00668
31 1.95 0.239 0.0275 0.00668
31.4 1.95 0.225 0.0253 0
31.8 1.95 0.211 0.0233 0.00666
32.2 1.96 0.198 0.0214 0.00666
32.6 1.96 0.185 0.0197 0
33 1.96 0.173 0.0181 0.00665
33.4 1.97 0.162 0.0166 0.00665
33.8 1.97 0.152 0.0152 0
34.2 1.97 0.142 0.014 0
34.6 1.97 0.132 0.0128 0.00664
35 1.98 0.124 0.0118 0.00664
35.4 1.98 0.115 0.0108 0
35.8 1.98 0.108 0.00993 0
36.2 1.98 0.1 0.00911 0
36.6 1.98 0.0936 0.00836 0.00663
37 1.99 0.0873 0.00767 0.00663
37.4 1.99 0.0813 0.00704 0
37.8 1.99 0.0757 0.00646 0
38.2 1.99 0.0705 0.00592 0
38.6 1.99 0.0656 0.00544 0
39 1.99 0.0611 0.00499 0
39.4 1.99 0.0568 0.00457 0
39.8 1.99 0.0529 0.00419 0
40.2 1.99 0.0492 0.00385 0
40.6 1.99 0.0457 0.00353 0
41 1.99 0.0425 0.00324 0
41.4 1.99 0.0395 0.00297 0
41.8 1.99 0.0367 0.00272 0.00662
42.2 2 0.0341 0.00249 0.00662
42.6 2 0.0316 0.00229 0
43 2 0.0294 0.0021 0
43.4 2 0.0273 0.00192 0
43.8 2 0.0253 0.00176 0
44.2 2 0.0235 0.00162 0
44.6 2 0.0218 0.00148 0
45 2 0.0202 0.00136 0
45.4 2 0.0188 0.00124 0
45.8 2 0.0174 0.00114 0
46.2 2 0.0161 0.00105 0
46.6 2 0.015 0.00096 0
47 2 0.0139 0.000879 0
47.4 2 0.0129 0.000806 0
47.8 2 0.0119 0.00074 0
48.2 2 0.011 0.000679 0
48.6 2 0.0102 0.000623 0
49 2 0.00948 0.00057 0
49.4 2 0.00878 0.000523 0
49.8 2 0.00813 0.000479 0
50.2 2 0.00753 0.000439 0
50.6 2 0.00697 0.000403 0
51 2 0.00646 0.000369 0
51.4 2 0.00598 0.000338 0
51.8 2 0.00553 0.00031 0
52.2 2 0.00512 0.000284 0
52.6 2 0.00474 0.000261 0
53 2 0.00439 0.000239 0
53.4 2 0.00406 0.000219 0
53.8 2 0.00376 0.000201 0
54.2 2 0.00348 0.000184 0
54.6 2 0.00322 0.000169 0
55 2 0.00297 0.000155 0
55.4 2 0.00275 0.000142 0
55.8 2 0.00254 0.00013 0
56.2 2 0.00235 0.000119 0
56.6 2 0.00218 0.000109 0
57 2 0.00201 0.0001 0
57.4 2 0.00186 9.19e-05 0
57.8 2 0.00172 8.42e-05 0
58.2 2 0.00159 7.72e-05 0
58.6 2 0.00147 7.09e-05 0
59 2 0.00136 6.5e-05 0
59.4 2 0.00126 5.95e-05 0
59.8 2 0.00116 5.45e-05 0
60.2 2 0.00107 5e-05 0
60.6 2 0.000992 4.58e-05 0
61 2 0.000916 4.2e-05 0
61.4 2 0.000847 3.85e-05 0
61.8 2 0.000782 3.53e-05 0
62.2 2 0.000723 3.24e-05 0
62.6 2 0.000668 2.97e-05 0
63 2 0.000617 2.72e-05 0
63.4 2 0.00057 2.49e-05 0
63.8 2 0.000526 2.29e-05 0
64.2 2 0.000486 2.1e-05 0
64.6 2 0.000449 1.92e-05 0
65 2 0.000415 1.76e-05 0
65.4 2 0.000383 1.61e-05 0
65.8 2 0.000354 1.48e-05 0
66.2 2 0.000326 1.36e-05 0
66.6 2 0.000301 1.24e-05 0
67 2 0.000278 1.14e-05 0
67.4 2 0.000257 1.05e-05 0
67.8 2 0.000237 9.6e-06 0
68.2 2 0.000219 8.8e-06 0
68.6 2 0.000202 8.06e-06 0
69 2 0.000186 7.38e-06 0
69.4 2 0.000172 6.76e-06 0
69.8 2 0.000159 6.2e-06 0
70.2 2 0.000147 5.69e-06 0
70.6 2 0.000135 5.21e-06 0
71 2 0.000125 4.78e-06 0
71.4 2 0.000115 4.38e-06 0
71.8 2 0.000106 4.02e-06 0
72.2 2 9.81e-05 3.68e-06 0
72.6 2 9.05e-05 3.38e-06 0
73 2 8.35e-05 3.09e-06 0
73.4 2 7.7e-05 2.84e-06 0
73.8 2 7.11e-05 2.6e-06 0
74.2 2 6.56e-05 2.38e-06 0
74.6 2 6.05e-05 2.19e-06 0
75 2 5.58e-05 2e-06 0
75.4 2 5.15e-05 1.84e-06 0
75.8 2 4.75e-05 1.68e-06 0
76.2 2 4.38e-05 1.54e-06 0
76.6 2 4.04e-05 1.41e-06 0
77 2 3.73e-05 1.3e-06 0
77.4 2 3.44e-05 1.19e-06 0
77.8 2 3.17e-05 1.09e-06 0
78.2 2 2.92e-05 9.99e-07 0
78.6 2 2.69e-05 9.16e-07 0
79 2 2.48e-05 8.39e-07 0
79.4 2 2.29e-05 7.69e-07 0
79.8 2 2.11e-05 7.05e-07 0
80.2 2 1.95e-05 6.47e-07 0
80.6 2 1.8e-05 5.93e-07 0
81 2 1.66e-05 5.44e-07 0
81.4 2 1.53e-05 4.98e-07 0
81.8 2 1.41e-05 4.57e-07 0
82.2 2 1.3e-05 4.19e-07 0
82.6 2 1.2e-05 3.84e-07 0
83 2 1.1e-05 3.52e-07 0
83.4 2 1.02e-05 3.23e-07 0
83.8 2 9.36e-06 2.96e-07 0
84.2 2 8.63e-06 2.71e-07 0
84.6 2 7.95e-06 2.49e-07 0
85 2 7.33e-06 2.28e-07 0
85.4 2 6.76e-06 2.09e-07 0
85.8 2 6.23e-06 1.91e-07 0
86.2 2 5.74e-06 1.76e-07 0
86.6 2 5.29e-06 1.61e-07 0
87 2 4.87e-06 1.47e-07 0
87.4 2 4.49e-06 1.35e-07 0
87.8 2 4.14e-06 1.24e-07 0
88.2 2 3.81e-06 1.14e-07 0
88.6 2 3.51e-06 1.04e-07 0
89 2 3.24e-06 9.55e-08 0
89.4 2 2.98e-06 8.75e-08 0
89.8 2 2.75e-06 8.02e-08 0
90.2 2 2.53e-06 7.36e-08 0
90.6 2 2.33e-06 6.74e-08 0
91 2 2.15e-06 6.18e-08 0
91.4 2 1.98e-06 5.67e-08 0
91.8 2 1.82e-06 5.2e-08 0
92.2 2 1.68e-06 4.77e-08 0
92.6 2 1.55e-06 4.36e-08 0
93 2 1.43e-06 4e-08 0
93.4 2 1.31e-06 3.67e-08 0
93.8 2 1.21e-06 3.36e-08 0
94.2 2 1.12e-06 3.08e-08 0
94.6 2 1.03e-06 2.83e-08 0
95 2 9.46e-07 2.59e-08 0
95.4 2 8.69e-07 2.38e-08 0
95.8 2 7.96e-07 2.18e-08 0
96.2 2 7.27e-07 2e-08 0
96.6 2 6.65e-07 1.83e-08 0
97 2 6.08e-07 1.68e-08 0
97.4 2 5.57e-07 1.54e-08 0
97.8 2 5.13e-07 1.41e-08 0
98.2 2 4.76e-07 1.29e-08 0
98.6 2 4.47e-07 1.18e-08 0
99 2 4.25e-07 1.08e-08 0
99.4 2 4.11e-07 9.86e-09 0
99.8 2 4.05e-07 9.34e-09 0
