   -13.5  3.3e-05        0        1        0        0        1  3.3e-05
     -13  5.4e-05        0        1        0        0        1  5.4e-05
   -12.5  8.9e-05        0        1        0        0        1  8.9e-05
     -12 0.000146        0        1        0        0        1 0.000146
   -11.5 0.000241        0        1        0        0        1 0.000241
     -11 0.000396        0        1        0        0        1 0.000396
   -10.5 0.000652        0        1        0        0        1 0.000652
     -10  0.00107        0        1        0        0        1  0.00107
    -9.5  0.00175        0        1        0        0        1  0.00175
      -9  0.00288        0        1        0        0        1  0.00288
    -8.5  0.00466        0        1        0        0        1  0.00466
      -8  0.00757        0        1        0        0        1  0.00757
    -7.5   0.0121        0        1        0        0        1   0.0121
    -7.3   0.0144        0        1        0        0        1   0.0144
    -7.1   0.0173        0        1        0        0        1   0.0173
    -6.9   0.0207        0        1        0        0        1   0.0207
    -6.7   0.0245        0        1        0        0        1   0.0245
    -6.5   0.0291        0        1        0        0        1   0.0291
    -6.3   0.0344        0        1        0        0        1   0.0344
    -6.1   0.0405        0        1        0        0        1   0.0405
    -5.9   0.0474        0        1        0        0        1   0.0474
    -5.7   0.0549        0        1        0        0        1   0.0549
    -5.5   0.0637        0        1        0        0        1   0.0637
    -5.3   0.0732        0        1        0        0        1   0.0732
    -5.1   0.0836        0        1        0        0        1   0.0836
    -4.9   0.0951        0        1        0        0        1   0.0951
    -4.7    0.108        0     1.01        0        0     0.97    0.105
    -4.5    0.122        0     1.01        0        0    0.967    0.118
    -4.3    0.136        0     1.02        0        0     0.96    0.131
    -4.1    0.152        0     1.02        0        0     0.96    0.146
    -3.9    0.169        0     1.02        0        0    0.954    0.161
    -3.7    0.187        0     1.03        0        0    0.951    0.178
    -3.5    0.206        0     1.03        0        0    0.949    0.195
    -3.3    0.226        0     1.03        0        0    0.945    0.214
    -3.1    0.246        0     1.04        0        0     0.94    0.231
    -2.9    0.268        0     1.03        0        0    0.936    0.251
    -2.7     0.29        0     1.04        0        0    0.931     0.27
    -2.5    0.313        0     1.05        0        0    0.933    0.292
    -2.3    0.338        0     1.05        0        0    0.923    0.312
    -2.1    0.362        0     1.05        0        0     0.92    0.333
    -1.9    0.387        0     1.07        0        0    0.916    0.354
    -1.7    0.413        0     1.08        0        0    0.901    0.372
    -1.5    0.439        0     1.08        0        0    0.901    0.396
    -1.3    0.465        0     1.09        0        0    0.896    0.417
    -1.1    0.491        0     1.11        0        0    0.886    0.435
    -0.9    0.518        0     1.11        0        0    0.897    0.465
    -0.7    0.544        0     1.12        0        0    0.887    0.483
    -0.5    0.571        0     1.13        0        0    0.886    0.506
    -0.3    0.597        0     1.14        0        0     0.87    0.519
    -0.1    0.623        0     1.15        0        0    0.867     0.54
     0.1    0.649        0     1.17        0        0    0.874    0.567
     0.3    0.673        0     1.19        0        0     0.85    0.572
     0.5    0.698        0     1.22        0        0    0.864    0.603
     0.7    0.722        0     1.23        0        0     0.86    0.621
     0.9    0.745        0     1.24        0        0    0.852    0.635
     1.1    0.767        0     1.27        0        0    0.838    0.643
     1.3    0.789        0     1.29        0        0     0.83    0.655
     1.5    0.809        0     1.35        0        0    0.829    0.671
     1.7    0.829        0     1.35        0        0    0.813    0.674
     1.9    0.848        0     1.35        0        0    0.821    0.696
     2.1    0.865        0     1.35        0        0    0.811    0.702
     2.3    0.882        0     1.42        0        0    0.803    0.708
     2.5    0.897        0     1.42        0        0    0.797    0.715
     2.7    0.911        0     1.44        0        0    0.813    0.741
     2.9    0.925        0     1.47        0        0    0.813    0.752
     3.1    0.937        0     1.46        0        0     0.79     0.74
     3.3    0.948        0     1.48        0        0    0.797    0.756
     3.5    0.958        0      1.5        0        0     0.78    0.747
     3.7    0.967        0     1.47        0        0    0.783    0.757
     3.9    0.976        0     1.47        0        0    0.773    0.754
     4.1    0.984        0     1.51        0        0    0.769    0.757
     4.3    0.992        0     1.48        0        0    0.765    0.759
     4.5        1        0     1.46        0        0     0.75     0.75
     4.7     1.01        0     1.46        0        0    0.753    0.761
     4.9     1.02        0     1.47        0        0    0.745     0.76
     5.1     1.02        0      1.4        0        0    0.737    0.752
     5.3     1.03        0     1.38        0        0    0.733    0.755
     5.5     1.04        0     1.38        0        0    0.717    0.746
     5.7     1.05        0     1.33        0        0    0.718    0.754
     5.9     1.06        0     1.29        0        0    0.696    0.738
     6.1     1.08        0     1.26        0        0    0.699    0.755
     6.3     1.09        0      1.2        0        0     0.68    0.741
     6.5      1.1        0     1.16        0        0    0.649    0.714
     6.7     1.12        0     1.12        0        0    0.634     0.71
     6.9     1.13        0     1.03        0        0    0.618    0.698
     7.1     1.15        0    0.991        0        0    0.604    0.695
     7.3     1.17        0    0.956        0        0    0.576    0.674
     7.5     1.19        0    0.915        0        0    0.564    0.671
     7.7     1.21        0     0.84        0        0    0.541    0.655
     7.9     1.23        0    0.791        0        0    0.521    0.641
     8.1     1.25        0    0.736        0        0    0.506    0.633
     8.3     1.28        0    0.693        0        0    0.486    0.622
     8.5      1.3        0    0.656        0        0    0.463    0.602
     8.7     1.33        0    0.603        0        0    0.431    0.573
     8.9     1.35        0    0.563        0        0     0.42    0.567
     9.1     1.38        0    0.522        0        0    0.392    0.541
     9.3      1.4        0    0.486        0        0     0.37    0.518
     9.5     1.43        0    0.453        0        0    0.354    0.506
     9.7     1.46        0    0.418        0        0    0.332    0.485
     9.9     1.48        0    0.389        0        0    0.314    0.465
    10.1     1.51        0    0.361        0        0    0.289    0.436
    10.3     1.54        0    0.329        0        0    0.271    0.417
    10.5     1.56        0    0.305        0        0    0.254    0.396
    10.7     1.59        0     0.28        0        0    0.234    0.372
    10.9     1.61        0    0.255        0        0     0.22    0.354
    11.1     1.64        0    0.232        0        0    0.203    0.333
    11.3     1.66        0    0.214        0        0    0.188    0.312
    11.5     1.69        0    0.194        0        0    0.173    0.292
    11.7     1.71        0    0.176        0        0    0.158     0.27
    11.9     1.73        0     0.16        0        0    0.145    0.251
    12.1     1.75        0    0.146        0        0    0.132    0.231
    12.3     1.77        0    0.131        0        0     0.12    0.212
    12.5     1.79        0    0.118        0        0    0.109    0.195
    12.7     1.81        0    0.106        0        0   0.0979    0.177
    12.9     1.83        0   0.0944        0        0    0.088    0.161
    13.1     1.85        0    0.084        0        0   0.0791    0.146
    13.3     1.86        0   0.0742        0        0   0.0702    0.131
    13.5     1.88        0   0.0655        0        0   0.0626    0.118
    13.7     1.89        0   0.0577        0        0   0.0554    0.105
    13.9      1.9        0   0.0505        0        0   0.0486   0.0923
    14.1     1.92        0   0.0441        0        0   0.0426   0.0818
    14.3     1.93        0   0.0384        0        0   0.0372   0.0718
    14.5     1.94        0    0.033        0        0   0.0323   0.0627
    14.7     1.95        0   0.0284        0        0   0.0277    0.054
    14.9     1.95        0   0.0244        0        0   0.0239   0.0466
    15.1     1.96        0   0.0208        0        0   0.0204     0.04
    15.3     1.97        0   0.0176        0        0   0.0173   0.0341
    15.5     1.97        0   0.0148        0        0   0.0146   0.0288
    15.7     1.98        0   0.0124        0        0   0.0123   0.0244
    15.9     1.98        0   0.0105        0        0   0.0104   0.0206
    16.1     1.98        0  0.00877        0        0  0.00869   0.0172
    16.3     1.99        0  0.00728        0        0  0.00723   0.0144
    16.5     1.99        0   0.0061        0        0  0.00607   0.0121
      17     1.99        0   0.0038        0        0  0.00379  0.00754
    17.5        2        0  0.00234        0        0  0.00233  0.00466
      18        2        0  0.00144        0        0  0.00144  0.00288
    18.5        2        0 0.000878        0        0 0.000877  0.00175
      19        2        0 0.000535        0        0 0.000534  0.00107
    19.5        2        0 0.000326        0        0 0.000326 0.000652
      20        2        0 0.000198        0        0 0.000198 0.000396
    20.5        2        0  0.00012        0        0  0.00012  0.00024
      21        2        0  7.3e-05        0        0  7.3e-05 0.000146
    21.5        2        0  4.4e-05        0        0  4.4e-05  8.8e-05
      22        2        0  2.7e-05        0        0  2.7e-05  5.4e-05
    22.5        2        0  1.6e-05        0        0  1.6e-05  3.2e-05
