    -7.2  0.00913   0.0481        1   0.0248     58.8
    -6.8    0.016   0.0667        1    0.052     86.7
    -6.4   0.0249   0.0859        1   0.0579     43.8
      -6   0.0364    0.109        1   0.0653     25.7
    -5.6    0.051    0.136        1   0.0724     16.1
    -5.2   0.0687    0.167        1   0.0788     10.6
    -4.8   0.0898    0.202        1   0.0842     7.23
    -4.4    0.114     0.24        1   0.0912     5.18
      -4    0.143    0.284        1   0.0972     3.82
    -3.6    0.175    0.328        1    0.101     2.82
    -3.2    0.211    0.374        1    0.105     2.14
    -2.8     0.25    0.418        1    0.107     1.64
    -2.4    0.292    0.464        1    0.108     1.28
      -2    0.336     0.51        1    0.109     1.02
    -1.6    0.383    0.555        1    0.109     0.82
    -1.2    0.431    0.598        1    0.108    0.665
    -0.8    0.481    0.638        1    0.106    0.546
    -0.4    0.531    0.676        1    0.103    0.447
3.73e-14    0.581    0.709        1    0.099     0.37
     0.4     0.63    0.738        1   0.0944    0.308
     0.8    0.678    0.762        1   0.0892    0.258
     1.2    0.724    0.778        1   0.0818    0.212
     1.6    0.766    0.788     1.12   0.0738    0.174
       2    0.805    0.796     1.14   0.0664    0.144
     2.4     0.84    0.801     1.16   0.0592    0.119
     2.8    0.872    0.799     1.18   0.0524   0.0992
     3.2      0.9    0.793      1.2   0.0449   0.0807
     3.6    0.924    0.785     1.22   0.0385   0.0661
       4    0.945    0.776     1.24   0.0314   0.0521
     4.4    0.961    0.766     1.25   0.0253   0.0407
     4.8    0.975    0.755     1.26   0.0202   0.0317
     5.2    0.985    0.744     1.26   0.0151   0.0232
     5.6    0.993    0.734     1.27   0.0109   0.0165
       6    0.998    0.722     1.27  0.00584  0.00881
     6.4        1    0.712     1.27  0.00167  0.00251
     6.8        1    0.702     1.27        0        0
     7.2        1    0.696     1.27        0        0
     7.6        1    0.692     1.27        0        0
       8        1    0.689     1.27        0        0
     8.4        1    0.686     1.28        0        0
     8.8        1    0.685     1.28        0        0
     9.2        1    0.685     1.28        0        0
     9.6        1    0.684     1.28        0        0
      10        1    0.685     1.28        0        0
    10.4        1    0.685     1.28        0        0
    10.8        1    0.685     1.28        0        0
    11.2        1    0.685     1.28        0        0
    11.6        1    0.685     1.28        0        0
      12        1    0.686     1.28        0        0
    12.4        1    0.686     1.28        0        0
    12.8        1    0.686     1.28        0        0
    13.2        1    0.686     1.28        0        0
    13.6        1    0.686     1.28        0        0
      14        1    0.686     1.28        0        0
    14.4        1    0.686     1.28        0        0
    14.8        1    0.686     1.28        0        0
    15.2        1    0.686     1.28        0        0
    15.6        1    0.686     1.28        0        0
      16        1    0.686     1.28        0        0
    16.4        1    0.686     1.28        0        0
    16.8        1    0.686     1.28        0        0
    17.2        1    0.686     1.28        0        0
    17.6        1    0.686     1.28        0        0
      18        1    0.686     1.28        0        0
    18.4        1    0.685     1.28        0        0
    18.8        1    0.685     1.28        0        0
    19.2        1    0.685     1.28 -0.000833 -0.00125
    19.6    0.999    0.685     1.28 -0.000833 -0.00125
      20    0.999    0.685     1.28 -0.000834 -0.00125
    20.4    0.998    0.684     1.28 -0.000834 -0.00125
    20.8    0.998    0.685     1.28 -0.000834 -0.00126
    21.2    0.997    0.685     1.28 -0.000834 -0.00126
    21.6    0.997    0.686     1.29 -0.000834 -0.00126
      22    0.996    0.689     1.28 -0.000834 -0.00126
    22.4    0.996    0.692     1.28        0        0
    22.8    0.996    0.696     1.28        0        0
    23.2    0.996    0.702     1.27  0.00167  0.00252
    23.6    0.998    0.712     1.27  0.00334  0.00502
      24        1    0.722     1.26  0.00999   0.0149
    24.4     1.01    0.734     1.25  0.00832   0.0124
    24.8     1.01    0.744     1.23  0.00829   0.0121
    25.2     1.02    0.755      1.2   0.0248   0.0357
    25.6     1.04    0.766     1.16   0.0329   0.0462
      26     1.06    0.776     1.11   0.0327   0.0445
    26.4     1.08    0.785     1.05   0.0325   0.0429
    26.8      1.1    0.793    0.982   0.0403   0.0512
    27.2     1.13    0.799    0.913    0.048   0.0588
    27.6     1.16    0.801    0.843   0.0554   0.0645
      28      1.2    0.796    0.767    0.055   0.0613
    28.4     1.23    0.788    0.692   0.0621   0.0651
    28.8     1.28    0.778     0.62   0.0692   0.0693
    29.2     1.32    0.762    0.554   0.0683   0.0642
    29.6     1.37    0.738    0.492    0.075   0.0667
      30     1.42    0.709    0.433   0.0741   0.0621
    30.4     1.47    0.676    0.378   0.0733   0.0579
    30.8     1.52    0.638    0.328   0.0725   0.0542
    31.2     1.57    0.598    0.282   0.0717   0.0508
    31.6     1.62    0.555    0.241   0.0639   0.0432
      32     1.66     0.51    0.204   0.0633   0.0406
    32.4     1.71    0.464    0.171   0.0628   0.0387
    32.8     1.75    0.418    0.141   0.0553   0.0327
    33.2     1.79    0.374    0.112   0.0481   0.0275
    33.6     1.82    0.328   0.0891   0.0477   0.0263
      34     1.86    0.284   0.0729   0.0475   0.0254
    34.4     1.89     0.24   0.0594   0.0337   0.0176
    34.8     1.91    0.202   0.0459   0.0269   0.0137
    35.2     1.93    0.167   0.0336   0.0268   0.0134
    35.6     1.95    0.136   0.0239     0.02  0.00991
      36     1.96    0.109   0.0165     0.02  0.00971
    36.4     1.98   0.0859    0.011   0.0133  0.00644
    36.8     1.98   0.0667  0.00722  0.00663  0.00317
    37.2     1.99   0.0481  0.00464   0.0133  0.00631
    37.6        2   0.0347  0.00294  0.00662  0.00314
      38        2   0.0231  0.00185        0        0
    38.4        2   0.0168  0.00116        0        0
    38.8        2   0.0105 0.000724        0        0
    39.2        2  0.00252 0.000451        0        0
    39.6        2        0 0.000281        0        0
      40        2        0 0.000175        0        0
    40.4        2        0 0.000109        0        0
    40.8        2        0 6.75e-05        0        0
    41.2        2        0 4.19e-05        0        0
    41.6        2        0  2.6e-05        0        0
      42        2        0 1.62e-05        0        0
    42.4        2        0 1.01e-05        0        0
    42.8        2        0 6.25e-06        0        0
    43.2        2        0 3.88e-06        0        0
    43.6        2        0 2.41e-06        0        0
      44        2        0  1.5e-06        0        0
    44.4        2        0  9.3e-07        0        0
    44.8        2        0 5.78e-07        0        0
    45.2        2        0 3.59e-07        0        0
    45.6        2        0 2.23e-07        0        0
      46        2        0 1.38e-07        0        0
    46.4        2        0 8.59e-08        0        0
    46.8        2        0 5.34e-08        0        0
    47.2        2        0 3.32e-08        0        0
    47.6        2        0 2.06e-08        0        0
      48        2        0 1.28e-08        0        0
    48.4        2        0 7.94e-09        0        0
    48.8        2        0 4.93e-09        0        0
    49.2        2        0 3.06e-09        0        0
    49.6        2        0 1.91e-09        0        0
      50        2        0 1.18e-09        0        0
    50.4        2        0 7.35e-10        0        0
    50.8        2        0 4.57e-10        0        0
    51.2        2        0 2.84e-10        0        0
    51.6        2        0 1.76e-10        0        0
      52        2        0  1.1e-10        0        0
    52.4        2        0 6.76e-11        0        0
    52.8        2        0 4.06e-11        0        0
    53.3        2        0 2.38e-11        0        0
    53.7        2        0  1.4e-11        0        0
    54.1        2        0 9.04e-12        0        0
    54.5        2        0 5.54e-12        0        0
    54.9        2        0 3.19e-12        0        0
    55.6        2        0 1.67e-12        0        0
      56        2        0 7.64e-13        0        0
    56.9        2        0 3.97e-13        0        0
    57.6        2        0 1.33e-13        0        0
    58.4        2 2.35e-11 4.72e-14        0        0
    59.2        2 6.02e-11 1.67e-14        0        0
    60.2        2 7.99e-11 5.62e-15        0        0
    62.9        2 9.08e-11        0        0        0
    64.1        2 7.07e-11        0        0        0
    64.5        2  5.6e-11        0        0        0
    64.9        2 3.61e-11 2.34e-17        0        0
    65.3        2 1.31e-11 1.46e-17        0        0
    65.7        2        0 9.04e-18        0        0
    66.1        2        0 5.61e-18        0        0
    66.5        2        0 3.49e-18        0        0
    66.9        2 7.05e-12 2.17e-18        0        0
    67.3        2 5.99e-12 1.35e-18        0        0
    67.7        2 6.31e-12 8.36e-19        0        0
    68.1        2  5.8e-12  5.2e-19        0        0
    68.5        2  7.6e-12 3.23e-19        0        0
    68.9        2 7.71e-12    2e-19        0        0
    69.3        2 7.63e-12 1.24e-19        0        0
    69.7        2 7.61e-12 7.73e-20        0        0
    70.1        2 7.61e-12  4.8e-20        0        0
    70.5        2 7.61e-12 2.98e-20        0        0
    70.9        2 7.61e-12 1.85e-20        0        0
    71.3        2 7.61e-12 1.15e-20        0        0
    71.7        2 7.61e-12 7.14e-21        0        0
    72.1        2 7.61e-12 4.44e-21        0        0
    72.5        2 7.61e-12 2.76e-21        0        0
    72.9        2 7.61e-12 1.71e-21        0        0
    73.3        2 7.61e-12 1.06e-21        0        0
    73.7        2 7.61e-12 6.61e-22        0        0
    74.1        2 7.61e-12  4.1e-22        0        0
    74.5        2 7.61e-12 2.55e-22        0        0
    74.9        2 7.61e-12 1.58e-22        0        0
    75.3        2 7.61e-12 9.83e-23        0        0
    75.7        2 7.61e-12  6.1e-23        0        0
    76.1        2 7.61e-12 3.79e-23        0        0
    76.5        2 7.61e-12 2.36e-23        0        0
    76.9        2 7.61e-12 1.46e-23        0        0
    77.3        2 7.61e-12 9.09e-24        0        0
    77.7        2 7.61e-12 5.64e-24        0        0
    78.1        2 7.61e-12 3.51e-24        0        0
    78.5        2 7.61e-12 2.18e-24        0        0
    78.9        2 7.61e-12 1.35e-24        0        0
    79.3        2 7.61e-12 8.41e-25        0        0
    79.7        2 7.61e-12 5.22e-25        0        0
    80.1        2 7.61e-12 3.24e-25        0        0
    80.5        2 7.61e-12 2.01e-25        0        0
    80.9        2 7.61e-12 1.25e-25        0        0
    81.3        2 7.61e-12 7.77e-26        0        0
    81.7        2 7.61e-12 4.83e-26        0        0
    82.1        2 7.61e-12    3e-26        0        0
    82.5        2 7.61e-12 1.86e-26        0        0
    82.9        2 7.61e-12 1.16e-26        0        0
    83.3        2 7.61e-12 7.18e-27        0        0
    83.7        2 7.61e-12 4.46e-27        0        0
    84.1        2 7.61e-12 2.77e-27        0        0
    84.5        2 7.61e-12 1.72e-27        0        0
    84.9        2 7.61e-12 1.07e-27        0        0
    85.3        2 7.61e-12 6.65e-28        0        0
    85.7        2 7.61e-12 4.13e-28        0        0
    86.1        2 7.61e-12 2.56e-28        0        0
    86.5        2 7.61e-12 1.59e-28        0        0
    86.9        2 7.61e-12 9.89e-29        0        0
    87.3        2 7.61e-12 6.14e-29        0        0
    87.7        2 7.61e-12 3.82e-29        0        0
    88.1        2 7.61e-12 2.37e-29        0        0
    88.5        2 7.61e-12 1.47e-29        0        0
    88.9        2 7.61e-12 9.15e-30        0        0
    89.3        2 7.61e-12 5.68e-30        0        0
    89.7        2 7.61e-12 3.53e-30        0        0
    90.1        2 7.61e-12 2.19e-30        0        0
    90.5        2 7.61e-12 1.36e-30        0        0
    90.9        2 7.61e-12 8.45e-31        0        0
    91.3        2 7.61e-12 5.25e-31        0        0
    91.7        2 7.61e-12 3.26e-31        0        0
    92.1        2 7.61e-12 2.03e-31        0        0
    92.5        2 7.61e-12 1.26e-31        0        0
    92.9        2 7.61e-12 7.82e-32        0        0
    93.3        2 7.61e-12 4.85e-32        0        0
    93.7        2 7.61e-12 3.01e-32        0        0
    94.1        2 7.61e-12 1.88e-32        0        0
    94.5        2 7.61e-12 1.16e-32        0        0
    94.9        2 7.61e-12 7.23e-33        0        0
    95.3        2 7.61e-12 4.49e-33        0        0
    95.7        2 7.61e-12 2.79e-33        0        0
    96.1        2 7.61e-12 1.73e-33        0        0
    96.5        2 7.61e-12 1.08e-33        0        0
    96.9        2 7.61e-12 6.68e-34        0        0
    97.3        2 7.61e-12 4.15e-34        0        0
    97.7        2 7.61e-12 2.58e-34        0        0
    98.1        2 7.61e-12  1.6e-34        0        0
    98.5        2 7.61e-12 9.95e-35        0        0
    98.9        2 7.61e-12 6.18e-35        0        0
    99.3        2 7.61e-12 3.71e-35        0        0
    99.7        2 7.61e-12 2.44e-35        0        0
