     -25        0        0        0        0        0        0 8.66e-20
   -24.8        0        0        0        0        0        0 1.07e-19
   -24.6        0        0        0        0        0        0 1.33e-19
   -24.4        0        0        0        0        0        0 1.75e-19
   -24.2        0        0        0        0        0        0 2.43e-19
     -24        0        0        0        0        0        0 3.48e-19
   -23.8        0        0        0        0        0        0 5.12e-19
   -23.6        0        0        0        0        0        0 7.65e-19
   -23.4        0        0        0        0        0        0 1.14e-18
   -23.2        0        0        0        0        0        0  1.7e-18
     -23        0        0        0        0        0        0 2.54e-18
   -22.8        0        0        0        0        0        0 3.78e-18
   -22.6        0        0        0        0        0        0 5.67e-18
   -22.4        0        0        0        0        0        0 8.46e-18
   -22.2        0        0        0        0        0        0 1.26e-17
     -22        0        0        0        0        0        0 1.88e-17
   -21.8        0        0        0        0        0        0 2.79e-17
   -21.6        0        0        0        0        0        0 4.17e-17
   -21.4        0        0        0        0        0        0 6.23e-17
   -21.2        0        0        0        0        0        0 9.28e-17
     -21        0        0        0        0        0        0 1.39e-16
   -20.8        0        0        0        0        0        0 2.08e-16
   -20.6        0        0        0        0        0        0 3.11e-16
   -20.4        0        0        0        0        0        0 4.62e-16
   -20.2        0        0        0        0        0        0 6.87e-16
     -20        0        0        0        0        0        0 1.02e-15
   -19.8        0        0        0        0        0        0 1.53e-15
   -19.6        0        0        0        0        0        0 2.28e-15
   -19.4        0        0        0        0        0        0 3.41e-15
   -19.2        0        0        0        0        0        0 5.08e-15
     -19        0        0        0        0        0        0 7.57e-15
   -18.8        0        0        0        0        0        0 1.13e-14
   -18.6        0        0        0        0        0        0 1.68e-14
   -18.4        0        0        0        0        0        0 2.51e-14
   -18.2        0        0        0        0        0        0 3.75e-14
     -18        0        0        0        0        0        0 5.61e-14
   -17.8        0        0        0        0        0        0 8.37e-14
   -17.6        0        0        0        0        0        0 1.24e-13
   -17.4        0        0        0        0        0        0 1.86e-13
   -17.2        0        0        0        0        0        0        0
     -17        0        0        0        0        0        0        0
   -16.8        0        0        0        0        0        0        0
   -16.6        0        0        0        0        0        0        0
   -16.4        0        0        0        0        0        0        0
   -16.2        0        0        0        0        0        0        0
     -16        0        0        0        0        0        0 5.32e-12
   -15.8        0        0        0        0        0        0 2.87e-11
   -14.3        0        0        0        0        0        0 6.37e-11
   -14.1        0        0        0        0        0        0 1.15e-10
   -13.9        0        0        0        0        0        0 1.89e-10
   -13.7        0        0        0        0        0        0 2.96e-10
   -13.5        0        0        0        0        0        0 4.55e-10
   -13.3        0        0        0        0        0        0 6.83e-10
   -13.1        0        0        0        0        0        0 1.02e-09
   -12.9        0        0        0        0        0        0 1.51e-09
   -12.7        0        0        0        0        0        0 2.25e-09
   -12.5        0        0        0        0        0        0 3.35e-09
   -12.3        0        0        0        0        0        0    5e-09
   -12.1        0        0        0        0        0        0 7.46e-09
   -11.9        0        0        0        0        0        0 1.11e-08
   -11.7        0        0        0        0        0        0 1.66e-08
   -11.5        0        0        0        0        0        0 2.48e-08
   -11.3        0        0        0        0        0        0  3.7e-08
   -11.1        0        0        0        0        0        0  5.5e-08
   -10.9        0        0        0        0        0        0 8.22e-08
   -10.7        0        0        0        0        0        0 1.23e-07
   -10.5        0        0        0        0        0        0 1.83e-07
   -10.3        0        0        0        0        0        0 2.73e-07
   -10.1        0        0        0        0        0        0 4.07e-07
    -9.9        0        0        0        0        0        0 6.08e-07
    -9.7        0        0        0        0        0        0 9.07e-07
    -9.5        0        0        0        0        0        0 1.35e-06
    -9.3        0        0        0        0        0        0 2.02e-06
    -9.1        0        0        0        0        0        0 3.03e-06
    -8.9        0        0        0        0        0        0  4.5e-06
    -8.7        0        0        0        0        0        0  6.7e-06
    -8.5        0        0        0        0        0        0    1e-05
    -8.3        0        0        0        0        0        0  1.5e-05
    -8.1        0        0        0        0        0        0 2.24e-05
    -7.9        0        0        0        0        0        0 3.36e-05
    -7.7        0        0        0        0        0        0 5.05e-05
    -7.5        0        0        0        0        0        0 7.57e-05
    -7.3        0        0        0        0        0        0 0.000114
    -7.1        0        0        0        0        0        0 0.000172
    -6.9        0        0        0        0        0        0 0.000262
    -6.7        0        0        0        0        0        0   0.0004
    -6.5        0        0        0        0        0        0 0.000615
    -6.3        0        0        0        0        0        0 0.000949
    -6.1        0        0        0        0        0        0  0.00132
    -5.9        0        0        0        0        0        0  0.00192
    -5.7        0        0        0        0        0        0  0.00266
    -5.5        0        0        0        0        0        0  0.00436
    -5.3        0        0        0        0        0        0  0.00823
    -5.1        0        0        0        0        0        0   0.0155
    -4.9        0        0        0        0        0        0   0.0275
    -4.7        0        0        0        0        0        0   0.0459
    -4.5        0        0        0        0        0        0   0.0659
    -4.3        0        0        0        0        0        0   0.0952
    -4.1        0        0        0        0        0        0    0.123
    -3.9        0        0        0        0        0        0    0.139
    -3.7        0        0        0        0        0        0    0.126
    -3.5        0        0        0        0        0        0    0.124
    -3.3        0        0        0        0        0        0     0.14
    -3.1        0        0        0        0        0        0     0.17
    -2.9        0        0        0        0        0        0    0.203
    -2.7        0        0        0        0        0        0    0.234
    -2.5        0        0        0        0        0        0    0.254
    -2.3        0        0        0        0        0        0    0.273
    -2.1        0        0        0        0        0        0    0.297
    -1.9        0        0        0        0        0        0    0.325
    -1.7        0        0        0        0        0        0    0.357
    -1.5        0        0        0        0        0        0    0.388
    -1.3        0        0        0        0        0        0     0.41
    -1.1        0        0        0        0        0        0    0.409
    -0.9        0        0        0        0        0        0    0.387
    -0.7        0        0        0        0        0        0     0.38
    -0.5        0        0        0        0        0        0    0.434
    -0.3        0        0        0        0        0        0    0.484
    -0.1        0        0        0        0        0        0    0.528
     0.1        0        0        0        0        0        0    0.561
     0.3        0        0        0        0        0        0    0.552
     0.5        0        0        0        0        0        0    0.542
     0.7        0        0        0        0        0        0    0.545
     0.9        0        0        0        0        0        0    0.562
     1.1        0        0        0        0        0        0    0.582
     1.3        0        0        0        0        0        0    0.603
     1.5        0        0        0        0        0        0    0.621
     1.7        0        0        0        0        0        0    0.628
     1.9        0        0        0        0        0        0    0.634
     2.1        0        0        0        0        0        0    0.658
     2.3        0        0        0        0        0        0     0.69
     2.5        0        0        0        0        0        0    0.715
     2.7        0        0        0        0        0        0    0.728
     2.9        0        0        0        0        0        0     0.73
     3.1        0        0        0        0        0        0    0.717
     3.3        0        0        0        0        0        0      0.7
     3.5        0        0        0        0        0        0    0.703
     3.7        0        0        0        0        0        0    0.712
     3.9        0        0        0        0        0        0    0.724
     4.1        0        0        0        0        0        0    0.734
     4.3        0        0        0        0        0        0    0.744
     4.5        0        0        0        0        0        0    0.749
     4.7        0        0        0        0        0        0     0.75
     4.9        0        0        0        0        0        0     0.75
     5.1        0        0        0        0        0        0    0.749
     5.3        0        0        0        0        0        0    0.749
     5.5        0        0        0        0        0        0    0.749
     5.7        0        0        0        0        0        0    0.747
     5.9        0        0        0        0        0        0    0.748
     6.1        0        0        0        0        0        0    0.748
     6.3        0        0        0        0        0        0    0.748
     6.5        0        0        0        0        0        0    0.748
     6.7        0        0        0        0        0        0    0.748
     6.9        0        0        0        0        0        0    0.748
     7.1        0        0        0        0        0        0    0.748
     7.3        0        0        0        0        0        0    0.748
     7.5        0        0        0        0        0        0    0.748
     7.7        0        0        0        0        0        0    0.748
     7.9        0        0        0        0        0        0    0.748
     8.1        0        0        0        0        0        0    0.748
     8.3        0        0        0        0        0        0    0.748
     8.5        0        0        0        0        0        0    0.748
     8.7        0        0        0        0        0        0    0.748
     8.9        0        0        0        0        0        0    0.748
     9.1        0        0        0        0        0        0    0.748
     9.3        0        0        0        0        0        0    0.748
     9.5        0        0        0        0        0        0    0.748
     9.7        0        0        0        0        0        0    0.748
     9.9        0        0        0        0        0        0    0.748
    10.1        0        0        0        0        0        0    0.748
    10.3        0        0        0        0        0        0    0.747
    10.5        0        0        0        0        0        0    0.749
    10.7        0        0        0        0        0        0    0.749
    10.9        0        0        0        0        0        0    0.749
    11.1        0        0        0        0        0        0     0.75
    11.3        0        0        0        0        0        0     0.75
    11.5        0        0        0        0        0        0    0.749
    11.7        0        0        0        0        0        0    0.744
    11.9        0        0        0        0        0        0    0.734
    12.1        0        0        0        0        0        0    0.724
    12.3        0        0        0        0        0        0    0.712
    12.5        0        0        0        0        0        0    0.703
    12.7        0        0        0        0        0        0      0.7
    12.9        0        0        0        0        0        0    0.717
    13.1        0        0        0        0        0        0     0.73
    13.3        0        0        0        0        0        0    0.728
    13.5        0        0        0        0        0        0    0.715
    13.7        0        0        0        0        0        0     0.69
    13.9        0        0        0        0        0        0    0.658
    14.1        0        0        0        0        0        0    0.634
    14.3        0        0        0        0        0        0    0.628
    14.5        0        0        0        0        0        0    0.621
    14.7        0        0        0        0        0        0    0.603
    14.9        0        0        0        0        0        0    0.582
    15.1        0        0        0        0        0        0    0.562
    15.3        0        0        0        0        0        0    0.545
    15.5        0        0        0        0        0        0    0.542
    15.7        0        0        0        0        0        0    0.552
    15.9        0        0        0        0        0        0    0.561
    16.1        0        0        0        0        0        0    0.528
    16.3        0        0        0        0        0        0    0.484
    16.5        0        0        0        0        0        0    0.434
    16.7        0        0        0        0        0        0     0.38
    16.9        0        0        0        0        0        0    0.387
    17.1        0        0        0        0        0        0    0.409
    17.3        0        0        0        0        0        0     0.41
    17.5        0        0        0        0        0        0    0.388
    17.7        0        0        0        0        0        0    0.357
    17.9        0        0        0        0        0        0    0.325
    18.1        0        0        0        0        0        0    0.297
    18.3        0        0        0        0        0        0    0.273
    18.5        0        0        0        0        0        0    0.254
    18.7        0        0        0        0        0        0    0.234
    18.9        0        0        0        0        0        0    0.203
    19.1        0        0        0        0        0        0     0.17
    19.3        0        0        0        0        0        0     0.14
    19.5        0        0        0        0        0        0    0.124
    19.7        0        0        0        0        0        0    0.126
    19.9        0        0        0        0        0        0    0.139
    20.1        0        0        0        0        0        0    0.123
    20.3        0        0        0        0        0        0   0.0952
    20.5        0        0        0        0        0        0   0.0659
    20.7        0        0        0        0        0        0   0.0459
    20.9        0        0        0        0        0        0   0.0275
    21.1        0        0        0        0        0        0   0.0155
    21.3        0        0        0        0        0        0  0.00823
    21.5        0        0        0        0        0        0  0.00436
    21.7        0        0        0        0        0        0  0.00266
    21.9        0        0        0        0        0        0  0.00192
    22.1        0        0        0        0        0        0  0.00132
    22.3        0        0        0        0        0        0 0.000949
    22.5        0        0        0        0        0        0 0.000615
    22.7        0        0        0        0        0        0   0.0004
    22.9        0        0        0        0        0        0 0.000262
    23.1        0        0        0        0        0        0 0.000172
    23.3        0        0        0        0        0        0 0.000114
    23.5        0        0        0        0        0        0 7.57e-05
    23.7        0        0        0        0        0        0 5.05e-05
    23.9        0        0        0        0        0        0 3.36e-05
    24.1        0        0        0        0        0        0 2.24e-05
    24.3        0        0        0        0        0        0  1.5e-05
    24.5        0        0        0        0        0        0    1e-05
    24.7        0        0        0        0        0        0  6.7e-06
    24.9        0        0        0        0        0        0  4.5e-06
    25.1        0        0        0        0        0        0 3.03e-06
    25.3        0        0        0        0        0        0 2.02e-06
    25.5        0        0        0        0        0        0 1.35e-06
    25.7        0        0        0        0        0        0 9.07e-07
    25.9        0        0        0        0        0        0 6.08e-07
    26.1        0        0        0        0        0        0 4.07e-07
    26.3        0        0        0        0        0        0 2.73e-07
    26.5        0        0        0        0        0        0 1.83e-07
    26.7        0        0        0        0        0        0 1.23e-07
    26.9        0        0        0        0        0        0 8.22e-08
    27.1        0        0        0        0        0        0  5.5e-08
    27.3        0        0        0        0        0        0  3.7e-08
    27.5        0        0        0        0        0        0 2.48e-08
    27.7        0        0        0        0        0        0 1.66e-08
    27.9        0        0        0        0        0        0 1.11e-08
    28.1        0        0        0        0        0        0 7.46e-09
    28.3        0        0        0        0        0        0    5e-09
    28.5        0        0        0        0        0        0 3.35e-09
    28.7        0        0        0        0        0        0 2.25e-09
    28.9        0        0        0        0        0        0 1.51e-09
    29.1        0        0        0        0        0        0 1.02e-09
    29.3        0        0        0        0        0        0 6.83e-10
    29.5        0        0        0        0        0        0 4.55e-10
    29.7        0        0        0        0        0        0 2.96e-10
    29.9        0        0        0        0        0        0 1.89e-10
    30.1        0        0        0        0        0        0 1.15e-10
    30.3        0        0        0        0        0        0 6.37e-11
    31.8        0        0        0        0        0        0 2.87e-11
      32        0        0        0        0        0        0 5.32e-12
    32.2        0        0        0        0        0        0        0
    32.4        0        0        0        0        0        0        0
    32.6        0        0        0        0        0        0        0
    32.8        0        0        0        0        0        0        0
      33        0        0        0        0        0        0        0
    33.2        0        0        0        0        0        0        0
    33.4        0        0        0        0        0        0 1.86e-13
    33.6        0        0        0        0        0        0 1.24e-13
    33.8        0        0        0        0        0        0 8.37e-14
      34        0        0        0        0        0        0 5.61e-14
    34.2        0        0        0        0        0        0 3.75e-14
    34.4        0        0        0        0        0        0 2.51e-14
    34.6        0        0        0        0        0        0 1.68e-14
    34.8        0        0        0        0        0        0 1.13e-14
      35        0        0        0        0        0        0 7.57e-15
    35.2        0        0        0        0        0        0 5.08e-15
    35.4        0        0        0        0        0        0 3.41e-15
    35.6        0        0        0        0        0        0 2.28e-15
    35.8        0        0        0        0        0        0 1.53e-15
      36        0        0        0        0        0        0 1.02e-15
    36.2        0        0        0        0        0        0 6.87e-16
    36.4        0        0        0        0        0        0 4.62e-16
    36.6        0        0        0        0        0        0 3.11e-16
    36.8        0        0        0        0        0        0 2.08e-16
      37        0        0        0        0        0        0 1.39e-16
    37.2        0        0        0        0        0        0 9.28e-17
    37.4        0        0        0        0        0        0 6.23e-17
    37.6        0        0        0        0        0        0 4.17e-17
    37.8        0        0        0        0        0        0 2.79e-17
      38        0        0        0        0        0        0 1.88e-17
    38.2        0        0        0        0        0        0 1.26e-17
    38.4        0        0        0        0        0        0 8.46e-18
    38.6        0        0        0        0        0        0 5.67e-18
    38.8        0        0        0        0        0        0 3.78e-18
      39        0        0        0        0        0        0 2.54e-18
    39.2        0        0        0        0        0        0  1.7e-18
    39.4        0        0        0        0        0        0 1.14e-18
    39.6        0        0        0        0        0        0 7.65e-19
    39.8        0        0        0        0        0        0 5.11e-19
      40        0        0        0        0        0        0 3.42e-19
    40.2        0        0        0        0        0        0 2.31e-19
    40.4        0        0        0        0        0        0 1.55e-19
    40.6        0        0        0        0        0        0 1.04e-19
    40.8        0        0        0        0        0        0 6.98e-20
      41        0        0        0        0        0        0 4.66e-20
    41.2        0        0        0        0        0        0  3.1e-20
    41.4        0        0        0        0        0        0 2.09e-20
    41.6        0        0        0        0        0        0  1.4e-20
    41.8        0        0        0        0        0        0 9.43e-21
      42        0        0        0        0        0        0 6.31e-21
    42.2        0        0        0        0        0        0 4.22e-21
    42.4        0        0        0        0        0        0 2.82e-21
    42.6        0        0        0        0        0        0  1.9e-21
    42.8        0        0        0        0        0        0 1.27e-21
      43        0        0        0        0        0        0  8.5e-22
    43.2        0        0        0        0        0        0  5.7e-22
    43.4        0        0        0        0        0        0 3.85e-22
    43.6        0        0        0        0        0        0 2.57e-22
    43.8        0        0        0        0        0        0 1.72e-22
      44        0        0        0        0        0        0 1.15e-22
    44.2        0        0        0        0        0        0 7.72e-23
    44.4        0        0        0        0        0        0 5.16e-23
    44.6        0        0        0        0        0        0 3.48e-23
    44.8        0        0        0        0        0        0 2.33e-23
      45        0        0        0        0        0        0 1.57e-23
    45.2        0        0        0        0        0        0 1.05e-23
    45.4        0        0        0        0        0        0 7.01e-24
    45.6        0        0        0        0        0        0 4.69e-24
    45.8        0        0        0        0        0        0 3.15e-24
      46        0        0        0        0        0        0 2.12e-24
    46.2        0        0        0        0        0        0 1.42e-24
    46.4        0        0        0        0        0        0 9.51e-25
    46.6        0        0        0        0        0        0 6.36e-25
    46.8        0        0        0        0        0        0 4.27e-25
      47        0        0        0        0        0        0 2.86e-25
    47.2        0        0        0        0        0        0 1.92e-25
    47.4        0        0        0        0        0        0 1.29e-25
    47.6        0        0        0        0        0        0 8.59e-26
    47.8        0        0        0        0        0        0 5.75e-26
      48        0        0        0        0        0        0 3.87e-26
    48.2        0        0        0        0        0        0 2.59e-26
    48.4        0        0        0        0        0        0 1.74e-26
    48.6        0        0        0        0        0        0 1.16e-26
    48.8        0        0        0        0        0        0 7.81e-27
      49        0        0        0        0        0        0 5.24e-27
    49.2        0        0        0        0        0        0 3.54e-27
    49.4        0        0        0        0        0        0 2.36e-27
    49.6        0        0        0        0        0        0 1.58e-27
    49.8        0        0        0        0        0        0 1.06e-27
      50        0        0        0        0        0        0 7.08e-28
    50.2        0        0        0        0        0        0 4.75e-28
    50.4        0        0        0        0        0        0 3.19e-28
    50.6        0        0        0        0        0        0 2.14e-28
    50.8        0        0        0        0        0        0 1.43e-28
      51        0        0        0        0        0        0  9.6e-29
    51.2        0        0        0        0        0        0 6.44e-29
    51.4        0        0        0        0        0        0 4.31e-29
    51.6        0        0        0        0        0        0 2.89e-29
    51.8        0        0        0        0        0        0 1.94e-29
      52        0        0        0        0        0        0  1.3e-29
    52.2        0        0        0        0        0        0 8.74e-30
    52.4        0        0        0        0        0        0 5.86e-30
    52.6        0        0        0        0        0        0 3.92e-30
    52.8        0        0        0        0        0        0 2.63e-30
      53        0        0        0        0        0        0 1.76e-30
    53.2        0        0        0        0        0        0 1.18e-30
    53.4        0        0        0        0        0        0  7.9e-31
    53.6        0        0        0        0        0        0 5.28e-31
    53.8        0        0        0        0        0        0 3.52e-31
      54        0        0        0        0        0        0 2.37e-31
    54.2        0        0        0        0        0        0 1.59e-31
    54.4        0        0        0        0        0        0 1.07e-31
    54.6        0        0        0        0        0        0 7.15e-32
    54.8        0        0        0        0        0        0 4.82e-32
      55        0        0        0        0        0        0 3.23e-32
    55.2        0        0        0        0        0        0 2.16e-32
    55.4        0        0        0        0        0        0 1.45e-32
    55.6        0        0        0        0        0        0 9.68e-33
    55.8        0        0        0        0        0        0 6.48e-33
      56        0        0        0        0        0        0 4.35e-33
    56.2        0        0        0        0        0        0 2.92e-33
    56.4        0        0        0        0        0        0 1.96e-33
    56.6        0        0        0        0        0        0 1.31e-33
    56.8        0        0        0        0        0        0 8.79e-34
      57        0        0        0        0        0        0 5.91e-34
    57.2        0        0        0        0        0        0 3.94e-34
    57.4        0        0        0        0        0        0 2.65e-34
    57.6        0        0        0        0        0        0 1.78e-34
    57.8        0        0        0        0        0        0 1.19e-34
      58        0        0        0        0        0        0 7.98e-35
    58.2        0        0        0        0        0        0 5.32e-35
    58.4        0        0        0        0        0        0 3.57e-35
    58.6        0        0        0        0        0        0  2.4e-35
    58.8        0        0        0        0        0        0 1.61e-35
      59        0        0        0        0        0        0 1.08e-35
    59.2        0        0        0        0        0        0 7.27e-36
    59.4        0        0        0        0        0        0 4.87e-36
    59.6        0        0        0        0        0        0 3.23e-36
    59.8        0        0        0        0        0        0 2.18e-36
      60        0        0        0        0        0        0 1.46e-36
    60.2        0        0        0        0        0        0 9.79e-37
    60.4        0        0        0        0        0        0 6.58e-37
    60.6        0        0        0        0        0        0 4.41e-37
    60.8        0        0        0        0        0        0 2.96e-37
      61        0        0        0        0        0        0 1.98e-37
    61.2        0        0        0        0        0        0 1.32e-37
    61.4        0        0        0        0        0        0 8.87e-38
    61.6        0        0        0        0        0        0 5.95e-38
    61.8        0        0        0        0        0        0    4e-38
      62        0        0        0        0        0        0 2.68e-38
    62.2        0        0        0        0        0        0  1.8e-38
    62.4        0        0        0        0        0        0  1.2e-38
    62.6        0        0        0        0        0        0 8.07e-39
    62.8        0        0        0        0        0        0 5.42e-39
      63        0        0        0        0        0        0 3.64e-39
    63.2        0        0        0        0        0        0 2.43e-39
    63.4        0        0        0        0        0        0 1.63e-39
    63.6        0        0        0        0        0        0 1.09e-39
    63.8        0        0        0        0        0        0 7.33e-40
      64        0        0        0        0        0        0 4.91e-40
    64.2        0        0        0        0        0        0 3.26e-40
    64.4        0        0        0        0        0        0  2.2e-40
    64.6        0        0        0        0        0        0 1.47e-40
    64.8        0        0        0        0        0        0 9.86e-41
      65        0        0        0        0        0        0 6.62e-41
    65.2        0        0        0        0        0        0 4.46e-41
    65.4        0        0        0        0        0        0 2.99e-41
    65.6        0        0        0        0        0        0    2e-41
    65.8        0        0        0        0        0        0 1.34e-41
      66        0        0        0        0        0        0 8.98e-42
    66.2        0        0        0        0        0        0 6.01e-42
    66.4        0        0        0        0        0        0 4.04e-42
    66.6        0        0        0        0        0        0 2.71e-42
    66.8        0        0        0        0        0        0 1.81e-42
      67        0        0        0        0        0        0 1.22e-42
    67.2        0        0        0        0        0        0 8.17e-43
    67.4        0        0        0        0        0        0 5.46e-43
    67.6        0        0        0        0        0        0 3.65e-43
    67.8        0        0        0        0        0        0 2.46e-43
      68        0        0        0        0        0        0 1.65e-43
    68.2        0        0        0        0        0        0  1.1e-43
    68.4        0        0        0        0        0        0  7.4e-44
    68.6        0        0        0        0        0        0 4.94e-44
    68.8        0        0        0        0        0        0 3.31e-44
      69        0        0        0        0        0        0 2.22e-44
    69.2        0        0        0        0        0        0 1.49e-44
    69.4        0        0        0        0        0        0    1e-44
    69.6        0        0        0        0        0        0 6.73e-45
    69.8        0        0        0        0        0        0  4.5e-45
      70        0        0        0        0        0        0    3e-45
    70.2        0        0        0        0        0        0 2.02e-45
    70.4        0        0        0        0        0        0 1.35e-45
    70.6        0        0        0        0        0        0 9.06e-46
    70.8        0        0        0        0        0        0 6.09e-46
      71        0        0        0        0        0        0 4.08e-46
    71.2        0        0        0        0        0        0 2.74e-46
    71.4        0        0        0        0        0        0 1.83e-46
    71.6        0        0        0        0        0        0 1.23e-46
    71.8        0        0        0        0        0        0 8.24e-47
      72        0        0        0        0        0        0 5.51e-47
    72.2        0        0        0        0        0        0 3.71e-47
    72.4        0        0        0        0        0        0 2.48e-47
    72.6        0        0        0        0        0        0 1.66e-47
    72.8        0        0        0        0        0        0 1.11e-47
      73        0        0        0        0        0        0 7.48e-48
    73.2        0        0        0        0        0        0 5.02e-48
    73.4        0        0        0        0        0        0 3.36e-48
    73.6        0        0        0        0        0        0 2.25e-48
    73.8        0        0        0        0        0        0 1.51e-48
      74        0        0        0        0        0        0 1.01e-48
    74.2        0        0        0        0        0        0 6.77e-49
    74.4        0        0        0        0        0        0 4.51e-49
    74.6        0        0        0        0        0        0 3.03e-49
    74.8        0        0        0        0        0        0 2.04e-49
      75        0        0        0        0        0        0 1.37e-49
    75.2        0        0        0        0        0        0 9.18e-50
    75.4        0        0        0        0        0        0 6.12e-50
    75.6        0        0        0        0        0        0 4.11e-50
    75.8        0        0        0        0        0        0 2.77e-50
      76        0        0        0        0        0        0 1.86e-50
    76.2        0        0        0        0        0        0 1.24e-50
    76.4        0        0        0        0        0        0 8.32e-51
    76.6        0        0        0        0        0        0 5.57e-51
    76.8        0        0        0        0        0        0 3.73e-51
      77        0        0        0        0        0        0 2.51e-51
    77.2        0        0        0        0        0        0 1.68e-51
    77.4        0        0        0        0        0        0 1.13e-51
    77.6        0        0        0        0        0        0 7.53e-52
    77.8        0        0        0        0        0        0 5.03e-52
      78        0        0        0        0        0        0 3.36e-52
    78.2        0        0        0        0        0        0 2.27e-52
    78.4        0        0        0        0        0        0 1.52e-52
    78.6        0        0        0        0        0        0 1.02e-52
    78.8        0        0        0        0        0        0 6.84e-53
      79        0        0        0        0        0        0  4.6e-53
    79.2        0        0        0        0        0        0 3.06e-53
    79.4        0        0        0        0        0        0 2.05e-53
    79.6        0        0        0        0        0        0 1.38e-53
    79.8        0        0        0        0        0        0 9.24e-54
      80        0        0        0        0        0        0  6.2e-54
    80.2        0        0        0        0        0        0 4.18e-54
    80.4        0        0        0        0        0        0 2.79e-54
    80.6        0        0        0        0        0        0 1.86e-54
    80.8        0        0        0        0        0        0 1.25e-54
      81        0        0        0        0        0        0  8.4e-55
    81.2        0        0        0        0        0        0 5.66e-55
    81.4        0        0        0        0        0        0 3.79e-55
    81.6        0        0        0        0        0        0 2.53e-55
    81.8        0        0        0        0        0        0  1.7e-55
      82        0        0        0        0        0        0 1.14e-55
    82.2        0        0        0        0        0        0 7.62e-56
    82.4        0        0        0        0        0        0 5.11e-56
    82.6        0        0        0        0        0        0 3.42e-56
    82.8        0        0        0        0        0        0  2.3e-56
      83        0        0        0        0        0        0 1.54e-56
    83.2        0        0        0        0        0        0 1.03e-56
    83.4        0        0        0        0        0        0 6.92e-57
    83.6        0        0        0        0        0        0 4.64e-57
    83.8        0        0        0        0        0        0 3.11e-57
      84        0        0        0        0        0        0 2.08e-57
    84.2        0        0        0        0        0        0 1.39e-57
    84.4        0        0        0        0        0        0 9.36e-58
    84.6        0        0        0        0        0        0 6.29e-58
    84.8        0        0        0        0        0        0 4.21e-58
      85        0        0        0        0        0        0 2.84e-58
    85.2        0        0        0        0        0        0 1.89e-58
    85.4        0        0        0        0        0        0 1.27e-58
    85.6        0        0        0        0        0        0 8.49e-59
    85.8        0        0        0        0        0        0 5.67e-59
      86        0        0        0        0        0        0 3.79e-59
    86.2        0        0        0        0        0        0 2.56e-59
    86.4        0        0        0        0        0        0 1.72e-59
    86.6        0        0        0        0        0        0 1.15e-59
    86.8        0        0        0        0        0        0 7.68e-60
      87        0        0        0        0        0        0 5.16e-60
    87.2        0        0        0        0        0        0 3.47e-60
    87.4        0        0        0        0        0        0 2.31e-60
    87.6        0        0        0        0        0        0 1.55e-60
    87.8        0        0        0        0        0        0 1.04e-60
      88        0        0        0        0        0        0 6.97e-61
    88.2        0        0        0        0        0        0 4.69e-61
    88.4        0        0        0        0        0        0 3.15e-61
    88.6        0        0        0        0        0        0  2.1e-61
    88.8        0        0        0        0        0        0 1.41e-61
      89        0        0        0        0        0        0 9.45e-62
    89.2        0        0        0        0        0        0 6.31e-62
    89.4        0        0        0        0        0        0 4.24e-62
    89.6        0        0        0        0        0        0 2.86e-62
    89.8        0        0        0        0        0        0 1.91e-62
      90        0        0        0        0        0        0 1.28e-62
    90.2        0        0        0        0        0        0 8.62e-63
    90.4        0        0        0        0        0        0 5.75e-63
    90.6        0        0        0        0        0        0 3.86e-63
    90.8        0        0        0        0        0        0 2.59e-63
      91        0        0        0        0        0        0 1.74e-63
    91.2        0        0        0        0        0        0 1.16e-63
    91.4        0        0        0        0        0        0 7.78e-64
    91.6        0        0        0        0        0        0  5.2e-64
    91.8        0        0        0        0        0        0 3.49e-64
      92        0        0        0        0        0        0 2.35e-64
    92.2        0        0        0        0        0        0 1.57e-64
    92.4        0        0        0        0        0        0 1.06e-64
    92.6        0        0        0        0        0        0 7.04e-65
    92.8        0        0        0        0        0        0  4.7e-65
      93        0        0        0        0        0        0 3.15e-65
    93.2        0        0        0        0        0        0 2.13e-65
    93.4        0        0        0        0        0        0 1.43e-65
    93.6        0        0        0        0        0        0 9.56e-66
    93.8        0        0        0        0        0        0 6.42e-66
      94        0        0        0        0        0        0 4.31e-66
    94.2        0        0        0        0        0        0 2.85e-66
    94.4        0        0        0        0        0        0 1.92e-66
    94.6        0        0        0        0        0        0 1.29e-66
    94.8        0        0        0        0        0        0 8.65e-67
      95        0        0        0        0        0        0 5.81e-67
    95.2        0        0        0        0        0        0 3.92e-67
    95.4        0        0        0        0        0        0 2.61e-67
    95.6        0        0        0        0        0        0 1.75e-67
    95.8        0        0        0        0        0        0 1.17e-67
      96        0        0        0        0        0        0 7.86e-68
    96.2        0        0        0        0        0        0 5.27e-68
    96.4        0        0        0        0        0        0 3.53e-68
    96.6        0        0        0        0        0        0 2.37e-68
    96.8        0        0        0        0        0        0 1.59e-68
      97        0        0        0        0        0        0 1.07e-68
    97.2        0        0        0        0        0        0 7.16e-69
    97.4        0        0        0        0        0        0 4.77e-69
    97.6        0        0        0        0        0        0  3.2e-69
    97.8        0        0        0        0        0        0 2.15e-69
      98        0        0        0        0        0        0 1.44e-69
    98.2        0        0        0        0        0        0 9.66e-70
    98.4        0        0        0        0        0        0 6.46e-70
    98.6        0        0        0        0        0        0  4.3e-70
    98.8        0        0        0        0        0        0 2.82e-70
      99        0        0        0        0        0        0 1.84e-70
    99.2        0        0        0        0        0        0 1.16e-70
    99.4        0        0        0        0        0        0 7.21e-71
    99.6        0        0        0        0        0        0 4.57e-71
    99.8        0        0        0        0        0        0 3.34e-71
