     -25        0        0        0        0        0        0  0.00108
   -24.8        0        0        0        0        0        0  0.00114
   -24.6        0        0        0        0        0        0  0.00122
   -24.4        0        0        0        0        0        0   0.0013
   -24.2        0        0        0        0        0        0  0.00138
     -24        0        0        0        0        0        0  0.00147
   -23.8        0        0        0        0        0        0  0.00156
   -23.6        0        0        0        0        0        0  0.00166
   -23.4        0        0        0        0        0        0  0.00177
   -23.2        0        0        0        0        0        0  0.00189
     -23        0        0        0        0        0        0  0.00201
   -22.8        0        0        0        0        0        0  0.00214
   -22.6        0        0        0        0        0        0  0.00227
   -22.4        0        0        0        0        0        0  0.00242
   -22.2        0        0        0        0        0        0  0.00258
     -22        0        0        0        0        0        0  0.00274
   -21.8        0        0        0        0        0        0  0.00292
   -21.6        0        0        0        0        0        0   0.0031
   -21.4        0        0        0        0        0        0   0.0033
   -21.2        0        0        0        0        0        0  0.00351
     -21        0        0        0        0        0        0  0.00374
   -20.8        0        0        0        0        0        0  0.00398
   -20.6        0        0        0        0        0        0  0.00423
   -20.4        0        0        0        0        0        0  0.00451
   -20.2        0        0        0        0        0        0  0.00479
     -20        0        0        0        0        0        0   0.0051
   -19.8        0        0        0        0        0        0  0.00543
   -19.6        0        0        0        0        0        0  0.00577
   -19.4        0        0        0        0        0        0  0.00614
   -19.2        0        0        0        0        0        0  0.00653
     -19        0        0        0        0        0        0  0.00695
   -18.8        0        0        0        0        0        0  0.00739
   -18.6        0        0        0        0        0        0  0.00786
   -18.4        0        0        0        0        0        0  0.00837
   -18.2        0        0        0        0        0        0   0.0089
     -18        0        0        0        0        0        0  0.00946
   -17.8        0        0        0        0        0        0   0.0101
   -17.6        0        0        0        0        0        0   0.0107
   -17.4        0        0        0        0        0        0   0.0114
   -17.2        0        0        0        0        0        0   0.0121
     -17        0        0        0        0        0        0   0.0129
   -16.8        0        0        0        0        0        0   0.0137
   -16.6        0        0        0        0        0        0   0.0145
   -16.4        0        0        0        0        0        0   0.0155
   -16.2        0        0        0        0        0        0   0.0164
     -16        0        0        0        0        0        0   0.0175
   -15.8        0        0        0        0        0        0   0.0186
   -15.6        0        0        0        0        0        0   0.0197
   -15.4        0        0        0        0        0        0   0.0209
   -15.2        0        0        0        0        0        0   0.0223
     -15        0        0        0        0        0        0   0.0236
   -14.8        0        0        0        0        0        0   0.0251
   -14.6        0        0        0        0        0        0   0.0267
   -14.4        0        0        0        0        0        0   0.0283
   -14.2        0        0        0        0        0        0   0.0301
     -14        0        0        0        0        0        0   0.0319
   -13.8        0        0        0        0        0        0   0.0339
   -13.6        0        0        0        0        0        0   0.0359
   -13.4        0        0        0        0        0        0   0.0381
   -13.2        0        0        0        0        0        0   0.0404
     -13        0        0        0        0        0        0   0.0429
   -12.8        0        0        0        0        0        0   0.0454
   -12.6        0        0        0        0        0        0   0.0482
   -12.4        0        0        0        0        0        0    0.051
   -12.2        0        0        0        0        0        0   0.0541
     -12        0        0        0        0        0        0   0.0573
   -11.8        0        0        0        0        0        0   0.0606
   -11.6        0        0        0        0        0        0   0.0642
   -11.4        0        0        0        0        0        0   0.0679
   -11.2        0        0        0        0        0        0   0.0718
     -11        0        0        0        0        0        0   0.0759
   -10.8        0        0        0        0        0        0   0.0803
   -10.6        0        0        0        0        0        0   0.0848
   -10.4        0        0        0        0        0        0   0.0896
   -10.2        0        0        0        0        0        0   0.0946
     -10        0        0        0        0        0        0      0.1
    -9.8        0        0        0        0        0        0    0.105
    -9.6        0        0        0        0        0        0    0.111
    -9.4        0        0        0        0        0        0    0.117
    -9.2        0        0        0        0        0        0    0.123
      -9        0        0        0        0        0        0     0.13
    -8.8        0        0        0        0        0        0    0.137
    -8.6        0        0        0        0        0        0    0.144
    -8.4        0        0        0        0        0        0    0.151
    -8.2        0        0        0        0        0        0    0.159
      -8        0        0        0        0        0        0    0.167
    -7.8        0        0        0        0        0        0    0.175
    -7.6        0        0        0        0        0        0    0.183
    -7.4        0        0        0        0        0        0    0.192
    -7.2        0        0        0        0        0        0    0.201
      -7        0        0        0        0        0        0    0.211
    -6.8        0        0        0        0        0        0     0.22
    -6.6        0        0        0        0        0        0     0.23
    -6.4        0        0        0        0        0        0     0.24
    -6.2        0        0        0        0        0        0    0.251
      -6        0        0        0        0        0        0    0.262
    -5.8        0        0        0        0        0        0    0.273
    -5.6        0        0        0        0        0        0    0.284
    -5.4        0        0        0        0        0        0    0.295
    -5.2        0        0        0        0        0        0    0.307
      -5        0        0        0        0        0        0    0.319
    -4.8        0        0        0        0        0        0    0.331
    -4.6        0        0        0        0        0        0    0.344
    -4.4        0        0        0        0        0        0    0.356
    -4.2        0        0        0        0        0        0    0.369
      -4        0        0        0        0        0        0    0.382
    -3.8        0        0        0        0        0        0    0.395
    -3.6        0        0        0        0        0        0    0.408
    -3.4        0        0        0        0        0        0    0.421
    -3.2        0        0        0        0        0        0    0.434
      -3        0        0        0        0        0        0    0.447
    -2.8        0        0        0        0        0        0    0.461
    -2.6        0        0        0        0        0        0    0.474
    -2.4        0        0        0        0        0        0    0.488
    -2.2        0        0        0        0        0        0    0.501
      -2        0        0        0        0        0        0    0.514
    -1.8        0        0        0        0        0        0    0.527
    -1.6        0        0        0        0        0        0     0.54
    -1.4        0        0        0        0        0        0    0.554
    -1.2        0        0        0        0        0        0    0.566
      -1        0        0        0        0        0        0    0.579
    -0.8        0        0        0        0        0        0    0.592
    -0.6        0        0        0        0        0        0    0.604
    -0.4        0        0        0        0        0        0    0.618
    -0.2        0        0        0        0        0        0     0.63
1.24e-14        0        0        0        0        0        0     0.64
     0.2        0        0        0        0        0        0    0.652
     0.4        0        0        0        0        0        0    0.663
     0.6        0        0        0        0        0        0    0.674
     0.8        0        0        0        0        0        0    0.685
       1        0        0        0        0        0        0    0.696
     1.2        0        0        0        0        0        0    0.706
     1.4        0        0        0        0        0        0    0.716
     1.6        0        0        0        0        0        0    0.726
     1.8        0        0        0        0        0        0    0.735
       2        0        0        0        0        0        0    0.744
     2.2        0        0        0        0        0        0    0.753
     2.4        0        0        0        0        0        0    0.761
     2.6        0        0        0        0        0        0     0.77
     2.8        0        0        0        0        0        0    0.777
       3        0        0        0        0        0        0    0.785
     3.2        0        0        0        0        0        0    0.792
     3.4        0        0        0        0        0        0    0.799
     3.6        0        0        0        0        0        0    0.805
     3.8        0        0        0        0        0        0    0.811
       4        0        0        0        0        0        0    0.817
     4.2        0        0        0        0        0        0    0.823
     4.4        0        0        0        0        0        0    0.828
     4.6        0        0        0        0        0        0    0.833
     4.8        0        0        0        0        0        0    0.838
       5        0        0        0        0        0        0    0.842
     5.2        0        0        0        0        0        0    0.846
     5.4        0        0        0        0        0        0     0.85
     5.6        0        0        0        0        0        0    0.853
     5.8        0        0        0        0        0        0    0.856
       6        0        0        0        0        0        0    0.859
     6.2        0        0        0        0        0        0    0.862
     6.4        0        0        0        0        0        0    0.864
     6.6        0        0        0        0        0        0    0.866
     6.8        0        0        0        0        0        0    0.868
       7        0        0        0        0        0        0    0.869
     7.2        0        0        0        0        0        0     0.87
     7.4        0        0        0        0        0        0    0.871
     7.6        0        0        0        0        0        0    0.872
     7.8        0        0        0        0        0        0    0.872
       8        0        0        0        0        0        0    0.872
     8.2        0        0        0        0        0        0    0.872
     8.4        0        0        0        0        0        0    0.872
     8.6        0        0        0        0        0        0    0.871
     8.8        0        0        0        0        0        0     0.87
       9        0        0        0        0        0        0    0.869
     9.2        0        0        0        0        0        0    0.868
     9.4        0        0        0        0        0        0    0.866
     9.6        0        0        0        0        0        0    0.864
     9.8        0        0        0        0        0        0    0.862
      10        0        0        0        0        0        0    0.859
    10.2        0        0        0        0        0        0    0.856
    10.4        0        0        0        0        0        0    0.853
    10.6        0        0        0        0        0        0     0.85
    10.8        0        0        0        0        0        0    0.846
      11        0        0        0        0        0        0    0.842
    11.2        0        0        0        0        0        0    0.838
    11.4        0        0        0        0        0        0    0.833
    11.6        0        0        0        0        0        0    0.828
    11.8        0        0        0        0        0        0    0.823
      12        0        0        0        0        0        0    0.817
    12.2        0        0        0        0        0        0    0.811
    12.4        0        0        0        0        0        0    0.805
    12.6        0        0        0        0        0        0    0.799
    12.8        0        0        0        0        0        0    0.792
      13        0        0        0        0        0        0    0.785
    13.2        0        0        0        0        0        0    0.777
    13.4        0        0        0        0        0        0     0.77
    13.6        0        0        0        0        0        0    0.761
    13.8        0        0        0        0        0        0    0.753
      14        0        0        0        0        0        0    0.744
    14.2        0        0        0        0        0        0    0.735
    14.4        0        0        0        0        0        0    0.726
    14.6        0        0        0        0        0        0    0.716
    14.8        0        0        0        0        0        0    0.706
      15        0        0        0        0        0        0    0.696
    15.2        0        0        0        0        0        0    0.685
    15.4        0        0        0        0        0        0    0.674
    15.6        0        0        0        0        0        0    0.663
    15.8        0        0        0        0        0        0    0.652
      16        0        0        0        0        0        0     0.64
    16.2        0        0        0        0        0        0     0.63
    16.4        0        0        0        0        0        0    0.618
    16.6        0        0        0        0        0        0    0.604
    16.8        0        0        0        0        0        0    0.592
      17        0        0        0        0        0        0    0.579
    17.2        0        0        0        0        0        0    0.566
    17.4        0        0        0        0        0        0    0.554
    17.6        0        0        0        0        0        0     0.54
    17.8        0        0        0        0        0        0    0.527
      18        0        0        0        0        0        0    0.514
    18.2        0        0        0        0        0        0    0.501
    18.4        0        0        0        0        0        0    0.488
    18.6        0        0        0        0        0        0    0.474
    18.8        0        0        0        0        0        0    0.461
      19        0        0        0        0        0        0    0.447
    19.2        0        0        0        0        0        0    0.434
    19.4        0        0        0        0        0        0    0.421
    19.6        0        0        0        0        0        0    0.408
    19.8        0        0        0        0        0        0    0.395
      20        0        0        0        0        0        0    0.382
    20.2        0        0        0        0        0        0    0.369
    20.4        0        0        0        0        0        0    0.356
    20.6        0        0        0        0        0        0    0.344
    20.8        0        0        0        0        0        0    0.331
      21        0        0        0        0        0        0    0.319
    21.2        0        0        0        0        0        0    0.307
    21.4        0        0        0        0        0        0    0.295
    21.6        0        0        0        0        0        0    0.284
    21.8        0        0        0        0        0        0    0.273
      22        0        0        0        0        0        0    0.262
    22.2        0        0        0        0        0        0    0.251
    22.4        0        0        0        0        0        0     0.24
    22.6        0        0        0        0        0        0     0.23
    22.8        0        0        0        0        0        0     0.22
      23        0        0        0        0        0        0    0.211
    23.2        0        0        0        0        0        0    0.201
    23.4        0        0        0        0        0        0    0.192
    23.6        0        0        0        0        0        0    0.183
    23.8        0        0        0        0        0        0    0.175
      24        0        0        0        0        0        0    0.167
    24.2        0        0        0        0        0        0    0.159
    24.4        0        0        0        0        0        0    0.151
    24.6        0        0        0        0        0        0    0.144
    24.8        0        0        0        0        0        0    0.137
      25        0        0        0        0        0        0     0.13
    25.2        0        0        0        0        0        0    0.123
    25.4        0        0        0        0        0        0    0.117
    25.6        0        0        0        0        0        0    0.111
    25.8        0        0        0        0        0        0    0.105
      26        0        0        0        0        0        0      0.1
    26.2        0        0        0        0        0        0   0.0946
    26.4        0        0        0        0        0        0   0.0896
    26.6        0        0        0        0        0        0   0.0848
    26.8        0        0        0        0        0        0   0.0803
      27        0        0        0        0        0        0   0.0759
    27.2        0        0        0        0        0        0   0.0718
    27.4        0        0        0        0        0        0   0.0679
    27.6        0        0        0        0        0        0   0.0642
    27.8        0        0        0        0        0        0   0.0606
      28        0        0        0        0        0        0   0.0573
    28.2        0        0        0        0        0        0   0.0541
    28.4        0        0        0        0        0        0    0.051
    28.6        0        0        0        0        0        0   0.0482
    28.8        0        0        0        0        0        0   0.0454
      29        0        0        0        0        0        0   0.0429
    29.2        0        0        0        0        0        0   0.0404
    29.4        0        0        0        0        0        0   0.0381
    29.6        0        0        0        0        0        0   0.0359
    29.8        0        0        0        0        0        0   0.0339
      30        0        0        0        0        0        0   0.0319
    30.2        0        0        0        0        0        0   0.0301
    30.4        0        0        0        0        0        0   0.0283
    30.6        0        0        0        0        0        0   0.0267
    30.8        0        0        0        0        0        0   0.0251
      31        0        0        0        0        0        0   0.0236
    31.2        0        0        0        0        0        0   0.0223
    31.4        0        0        0        0        0        0   0.0209
    31.6        0        0        0        0        0        0   0.0197
    31.8        0        0        0        0        0        0   0.0186
      32        0        0        0        0        0        0   0.0175
    32.2        0        0        0        0        0        0   0.0164
    32.4        0        0        0        0        0        0   0.0155
    32.6        0        0        0        0        0        0   0.0145
    32.8        0        0        0        0        0        0   0.0137
      33        0        0        0        0        0        0   0.0129
    33.2        0        0        0        0        0        0   0.0121
    33.4        0        0        0        0        0        0   0.0114
    33.6        0        0        0        0        0        0   0.0107
    33.8        0        0        0        0        0        0   0.0101
      34        0        0        0        0        0        0  0.00946
    34.2        0        0        0        0        0        0   0.0089
    34.4        0        0        0        0        0        0  0.00837
    34.6        0        0        0        0        0        0  0.00786
    34.8        0        0        0        0        0        0  0.00739
      35        0        0        0        0        0        0  0.00695
    35.2        0        0        0        0        0        0  0.00653
    35.4        0        0        0        0        0        0  0.00614
    35.6        0        0        0        0        0        0  0.00577
    35.8        0        0        0        0        0        0  0.00543
      36        0        0        0        0        0        0   0.0051
    36.2        0        0        0        0        0        0  0.00479
    36.4        0        0        0        0        0        0  0.00451
    36.6        0        0        0        0        0        0  0.00423
    36.8        0        0        0        0        0        0  0.00398
      37        0        0        0        0        0        0  0.00374
    37.2        0        0        0        0        0        0  0.00351
    37.4        0        0        0        0        0        0   0.0033
    37.6        0        0        0        0        0        0   0.0031
    37.8        0        0        0        0        0        0  0.00292
      38        0        0        0        0        0        0  0.00274
    38.2        0        0        0        0        0        0  0.00258
    38.4        0        0        0        0        0        0  0.00242
    38.6        0        0        0        0        0        0  0.00227
    38.8        0        0        0        0        0        0  0.00214
      39        0        0        0        0        0        0  0.00201
    39.2        0        0        0        0        0        0  0.00189
    39.4        0        0        0        0        0        0  0.00177
    39.6        0        0        0        0        0        0  0.00166
    39.8        0        0        0        0        0        0  0.00156
      40        0        0        0        0        0        0  0.00147
    40.2        0        0        0        0        0        0  0.00138
    40.4        0        0        0        0        0        0   0.0013
    40.6        0        0        0        0        0        0  0.00122
    40.8        0        0        0        0        0        0  0.00114
      41        0        0        0        0        0        0  0.00108
    41.2        0        0        0        0        0        0  0.00101
    41.4        0        0        0        0        0        0 0.000949
    41.6        0        0        0        0        0        0 0.000892
    41.8        0        0        0        0        0        0 0.000838
      42        0        0        0        0        0        0 0.000787
    42.2        0        0        0        0        0        0  0.00074
    42.4        0        0        0        0        0        0 0.000695
    42.6        0        0        0        0        0        0 0.000653
    42.8        0        0        0        0        0        0 0.000613
      43        0        0        0        0        0        0 0.000576
    43.2        0        0        0        0        0        0 0.000541
    43.4        0        0        0        0        0        0 0.000508
    43.6        0        0        0        0        0        0 0.000478
    43.8        0        0        0        0        0        0 0.000449
      44        0        0        0        0        0        0 0.000422
    44.2        0        0        0        0        0        0 0.000396
    44.4        0        0        0        0        0        0 0.000372
    44.6        0        0        0        0        0        0  0.00035
    44.8        0        0        0        0        0        0 0.000328
      45        0        0        0        0        0        0 0.000309
    45.2        0        0        0        0        0        0  0.00029
    45.4        0        0        0        0        0        0 0.000272
    45.6        0        0        0        0        0        0 0.000256
    45.8        0        0        0        0        0        0  0.00024
      46        0        0        0        0        0        0 0.000226
    46.2        0        0        0        0        0        0 0.000212
    46.4        0        0        0        0        0        0 0.000199
    46.6        0        0        0        0        0        0 0.000187
    46.8        0        0        0        0        0        0 0.000176
      47        0        0        0        0        0        0 0.000165
    47.2        0        0        0        0        0        0 0.000155
    47.4        0        0        0        0        0        0 0.000146
    47.6        0        0        0        0        0        0 0.000137
    47.8        0        0        0        0        0        0 0.000129
      48        0        0        0        0        0        0 0.000121
    48.2        0        0        0        0        0        0 0.000114
    48.4        0        0        0        0        0        0 0.000107
    48.6        0        0        0        0        0        0 9.99e-05
    48.8        0        0        0        0        0        0 9.41e-05
      49        0        0        0        0        0        0 8.84e-05
    49.2        0        0        0        0        0        0 8.31e-05
    49.4        0        0        0        0        0        0  7.8e-05
    49.6        0        0        0        0        0        0 7.33e-05
    49.8        0        0        0        0        0        0 6.88e-05
      50        0        0        0        0        0        0 6.47e-05
    50.2        0        0        0        0        0        0 6.08e-05
    50.4        0        0        0        0        0        0 5.71e-05
    50.6        0        0        0        0        0        0 5.36e-05
    50.8        0        0        0        0        0        0 5.04e-05
      51        0        0        0        0        0        0 4.73e-05
    51.2        0        0        0        0        0        0 4.45e-05
    51.4        0        0        0        0        0        0 4.18e-05
    51.6        0        0        0        0        0        0 3.92e-05
    51.8        0        0        0        0        0        0 3.69e-05
      52        0        0        0        0        0        0 3.46e-05
    52.2        0        0        0        0        0        0 3.25e-05
    52.4        0        0        0        0        0        0 3.06e-05
    52.6        0        0        0        0        0        0 2.87e-05
    52.8        0        0        0        0        0        0  2.7e-05
      53        0        0        0        0        0        0 2.53e-05
    53.2        0        0        0        0        0        0 2.38e-05
    53.4        0        0        0        0        0        0 2.24e-05
    53.6        0        0        0        0        0        0  2.1e-05
    53.8        0        0        0        0        0        0 1.97e-05
      54        0        0        0        0        0        0 1.85e-05
    54.2        0        0        0        0        0        0 1.74e-05
    54.4        0        0        0        0        0        0 1.64e-05
    54.6        0        0        0        0        0        0 1.54e-05
    54.8        0        0        0        0        0        0 1.44e-05
      55        0        0        0        0        0        0 1.36e-05
    55.2        0        0        0        0        0        0 1.27e-05
    55.4        0        0        0        0        0        0  1.2e-05
    55.6        0        0        0        0        0        0 1.12e-05
    55.8        0        0        0        0        0        0 1.06e-05
      56        0        0        0        0        0        0 9.91e-06
    56.2        0        0        0        0        0        0 9.32e-06
    56.4        0        0        0        0        0        0 8.76e-06
    56.6        0        0        0        0        0        0 8.23e-06
    56.8        0        0        0        0        0        0 7.73e-06
      57        0        0        0        0        0        0 7.26e-06
    57.2        0        0        0        0        0        0 6.82e-06
    57.4        0        0        0        0        0        0 6.41e-06
    57.6        0        0        0        0        0        0 6.02e-06
    57.8        0        0        0        0        0        0 5.65e-06
      58        0        0        0        0        0        0 5.31e-06
    58.2        0        0        0        0        0        0 4.99e-06
    58.4        0        0        0        0        0        0 4.69e-06
    58.6        0        0        0        0        0        0  4.4e-06
    58.8        0        0        0        0        0        0 4.14e-06
      59        0        0        0        0        0        0 3.89e-06
    59.2        0        0        0        0        0        0 3.65e-06
    59.4        0        0        0        0        0        0 3.43e-06
    59.6        0        0        0        0        0        0 3.22e-06
    59.8        0        0        0        0        0        0 3.03e-06
      60        0        0        0        0        0        0 2.84e-06
    60.2        0        0        0        0        0        0 2.67e-06
    60.4        0        0        0        0        0        0 2.51e-06
    60.6        0        0        0        0        0        0 2.36e-06
    60.8        0        0        0        0        0        0 2.38e-06
    71.3        0        0        0        0        0        0 6.09e-07
    71.5        0        0        0        0        0        0 7.82e-08
    71.7        0        0        0        0        0        0 7.34e-08
    71.9        0        0        0        0        0        0  6.9e-08
    72.1        0        0        0        0        0        0 6.48e-08
    72.3        0        0        0        0        0        0 6.09e-08
    72.5        0        0        0        0        0        0 5.72e-08
    72.7        0        0        0        0        0        0 5.37e-08
    72.9        0        0        0        0        0        0 5.05e-08
    73.1        0        0        0        0        0        0 4.74e-08
    73.3        0        0        0        0        0        0 4.45e-08
    73.5        0        0        0        0        0        0 4.18e-08
    73.7        0        0        0        0        0        0 3.93e-08
    73.9        0        0        0        0        0        0 3.69e-08
    74.1        0        0        0        0        0        0 3.47e-08
    74.3        0        0        0        0        0        0 3.26e-08
    74.5        0        0        0        0        0        0 3.06e-08
    74.7        0        0        0        0        0        0 2.88e-08
    74.9        0        0        0        0        0        0  2.7e-08
    75.1        0        0        0        0        0        0 2.54e-08
    75.3        0        0        0        0        0        0 2.38e-08
    75.5        0        0        0        0        0        0 2.24e-08
    75.7        0        0        0        0        0        0  2.1e-08
    75.9        0        0        0        0        0        0 1.98e-08
    76.1        0        0        0        0        0        0 1.86e-08
    76.3        0        0        0        0        0        0 1.74e-08
    76.5        0        0        0        0        0        0 1.64e-08
    76.7        0        0        0        0        0        0 1.54e-08
    76.9        0        0        0        0        0        0 1.45e-08
    77.1        0        0        0        0        0        0 1.36e-08
    77.3        0        0        0        0        0        0 1.28e-08
    77.5        0        0        0        0        0        0  1.2e-08
    77.7        0        0        0        0        0        0 1.13e-08
    77.9        0        0        0        0        0        0 1.06e-08
    78.1        0        0        0        0        0        0 9.95e-09
    78.3        0        0        0        0        0        0 9.33e-09
    78.5        0        0        0        0        0        0 8.77e-09
    78.7        0        0        0        0        0        0 8.24e-09
    78.9        0        0        0        0        0        0 7.74e-09
    79.1        0        0        0        0        0        0 7.27e-09
    79.3        0        0        0        0        0        0 6.83e-09
    79.5        0        0        0        0        0        0 6.42e-09
    79.7        0        0        0        0        0        0 6.03e-09
    79.9        0        0        0        0        0        0 5.66e-09
    80.1        0        0        0        0        0        0 5.32e-09
    80.3        0        0        0        0        0        0    5e-09
    80.5        0        0        0        0        0        0 4.69e-09
    80.7        0        0        0        0        0        0 4.41e-09
    80.9        0        0        0        0        0        0 4.14e-09
    81.1        0        0        0        0        0        0 3.89e-09
    81.3        0        0        0        0        0        0 3.66e-09
    81.5        0        0        0        0        0        0 3.43e-09
    81.7        0        0        0        0        0        0 3.23e-09
    81.9        0        0        0        0        0        0 3.03e-09
    82.1        0        0        0        0        0        0 2.85e-09
    82.3        0        0        0        0        0        0 2.67e-09
    82.5        0        0        0        0        0        0 2.51e-09
    82.7        0        0        0        0        0        0 2.36e-09
    82.9        0        0        0        0        0        0 2.22e-09
    83.1        0        0        0        0        0        0 2.08e-09
    83.3        0        0        0        0        0        0 1.96e-09
    83.5        0        0        0        0        0        0 1.84e-09
    83.7        0        0        0        0        0        0 1.73e-09
    83.9        0        0        0        0        0        0 1.62e-09
    84.1        0        0        0        0        0        0 1.52e-09
    84.3        0        0        0        0        0        0 1.43e-09
    84.5        0        0        0        0        0        0 1.34e-09
    84.7        0        0        0        0        0        0 1.26e-09
    84.9        0        0        0        0        0        0 1.19e-09
    85.1        0        0        0        0        0        0 1.11e-09
    85.3        0        0        0        0        0        0 1.05e-09
    85.5        0        0        0        0        0        0 9.86e-10
    85.7        0        0        0        0        0        0 9.24e-10
    85.9        0        0        0        0        0        0 8.68e-10
    86.1        0        0        0        0        0        0 8.16e-10
    86.3        0        0        0        0        0        0 7.66e-10
    86.5        0        0        0        0        0        0  7.2e-10
    86.7        0        0        0        0        0        0 6.76e-10
    86.9        0        0        0        0        0        0 6.35e-10
    87.1        0        0        0        0        0        0 5.97e-10
    87.3        0        0        0        0        0        0  5.6e-10
    87.5        0        0        0        0        0        0 5.26e-10
    87.7        0        0        0        0        0        0 4.94e-10
    87.9        0        0        0        0        0        0 4.64e-10
    88.1        0        0        0        0        0        0 4.37e-10
    88.3        0        0        0        0        0        0  4.1e-10
    88.5        0        0        0        0        0        0 3.85e-10
    88.7        0        0        0        0        0        0 3.62e-10
    88.9        0        0        0        0        0        0  3.4e-10
    89.1        0        0        0        0        0        0  3.2e-10
    89.3        0        0        0        0        0        0    3e-10
    89.5        0        0        0        0        0        0 2.82e-10
    89.7        0        0        0        0        0        0 2.65e-10
    89.9        0        0        0        0        0        0 2.49e-10
    90.1        0        0        0        0        0        0 2.34e-10
    90.3        0        0        0        0        0        0  2.2e-10
    90.5        0        0        0        0        0        0 2.06e-10
    90.7        0        0        0        0        0        0 1.94e-10
    90.9        0        0        0        0        0        0 1.82e-10
    91.1        0        0        0        0        0        0 1.71e-10
    91.3        0        0        0        0        0        0 1.61e-10
    91.5        0        0        0        0        0        0 1.51e-10
    91.7        0        0        0        0        0        0 1.42e-10
    91.9        0        0        0        0        0        0 1.33e-10
    92.1        0        0        0        0        0        0 1.25e-10
    92.3        0        0        0        0        0        0 1.18e-10
    92.5        0        0        0        0        0        0  1.1e-10
    92.7        0        0        0        0        0        0 1.03e-10
