     -15   0.0369    0.177        1   0.0103     3.46
   -14.6   0.0411    0.194        1   0.0212     6.52
   -14.2   0.0457    0.212        1   0.0224     5.76
   -13.8   0.0507     0.23        1   0.0238     5.15
   -13.4   0.0563    0.249        1   0.0256     4.65
     -13   0.0625    0.269        1   0.0271     4.14
   -12.6   0.0692     0.29        1   0.0288      3.7
   -12.2   0.0767    0.312        1   0.0306     3.32
   -11.8   0.0848    0.335        1   0.0324     2.97
   -11.4   0.0938     0.36        1   0.0334      2.6
     -11    0.103    0.386        1   0.0358     2.36
   -10.6    0.114    0.414        1   0.0395     2.22
   -10.2    0.126    0.443        1   0.0399     1.91
    -9.8    0.138    0.473        1   0.0403     1.64
    -9.4    0.151    0.504        1   0.0437     1.53
      -9    0.166    0.537        1   0.0455     1.37
    -8.6    0.181     0.57        1   0.0471     1.22
    -8.2    0.198    0.603        1     0.05     1.12
    -7.8    0.216    0.638        1   0.0514    0.994
    -7.4    0.235    0.672        1   0.0513    0.866
      -7    0.254    0.707        1   0.0526    0.774
    -6.6    0.275    0.742        1   0.0551    0.713
    -6.2    0.297    0.776        1   0.0562    0.639
    -5.8     0.32     0.81        1   0.0573    0.575
    -5.4    0.344    0.843        1   0.0583    0.519
      -5    0.369    0.876        1   0.0592    0.469
    -4.6    0.395    0.907        1   0.0591    0.418
    -4.2    0.421    0.937        1   0.0589    0.374
    -3.8    0.448    0.966        1   0.0599    0.343
    -3.4    0.476    0.993        1   0.0598     0.31
      -3    0.504     1.02        1   0.0597    0.281
    -2.6    0.533     1.04    0.979   0.0596    0.256
    -2.2    0.562     1.06    0.976   0.0586     0.23
    -1.8    0.591     1.08    0.971   0.0576    0.208
    -1.4     0.62      1.1    0.965   0.0567    0.189
      -1    0.649     1.12    0.959   0.0558    0.172
    -0.6    0.678     1.13    0.952    0.055    0.158
    -0.2    0.707     1.14    0.944   0.0543    0.145
     0.2    0.736     1.16    0.934   0.0535    0.134
     0.6    0.765     1.16    0.924    0.052    0.122
       1    0.793     1.17    0.913   0.0504    0.111
     1.4    0.821     1.18      0.9   0.0498    0.104
     1.8    0.849     1.18    0.887   0.0493   0.0972
     2.2    0.877     1.19    0.871   0.0479   0.0896
     2.6    0.904     1.19    0.855   0.0474   0.0841
       3    0.932     1.19    0.837   0.0469   0.0793
     3.4    0.959     1.19    0.819   0.0456   0.0735
     3.8    0.986     1.19    0.799   0.0427   0.0658
     4.2     1.01     1.19    0.777   0.0448   0.0658
     4.6     1.04     1.19    0.754   0.0494   0.0694
       5     1.07     1.19    0.731   0.0489   0.0656
     5.4      1.1     1.19    0.706   0.0404   0.0522
     5.8     1.12     1.19    0.681   0.0401   0.0494
     6.2     1.15     1.18    0.654   0.0477   0.0567
     6.6     1.18     1.18    0.627   0.0473   0.0539
       7     1.21     1.17      0.6   0.0469   0.0513
     7.4     1.24     1.16    0.572   0.0388    0.041
     7.8     1.26     1.16    0.544   0.0385   0.0391
     8.2     1.29     1.14    0.516   0.0459   0.0451
     8.6     1.32     1.13    0.488   0.0456   0.0431
       9     1.35     1.12     0.46   0.0452   0.0412
     9.4     1.38      1.1    0.433   0.0449   0.0394
     9.8     1.41     1.08    0.407   0.0446   0.0377
    10.2     1.44     1.06    0.381   0.0443   0.0362
    10.6     1.47     1.04    0.356    0.044   0.0347
      11      1.5     1.02    0.331   0.0364    0.028
    11.4     1.52    0.993    0.308   0.0362   0.0269
    11.8     1.55    0.966    0.285   0.0432   0.0312
    12.2     1.58    0.937    0.264   0.0429   0.0301
    12.6     1.61    0.907    0.244   0.0356   0.0243
      13     1.63    0.876    0.225   0.0354   0.0234
    13.4     1.66    0.843    0.206   0.0352   0.0228
    13.8     1.68     0.81     0.19    0.028   0.0177
    14.2      1.7    0.776    0.174   0.0349   0.0215
    14.6     1.73    0.742    0.159   0.0347    0.021
      15     1.75    0.707    0.145   0.0277   0.0163
    15.4     1.77    0.672    0.132   0.0207    0.012
    15.8     1.78    0.638     0.12   0.0206   0.0118
    16.2      1.8    0.603     0.11   0.0274   0.0154
    16.6     1.82     0.57   0.0994   0.0205   0.0114
      17     1.83    0.537   0.0902   0.0204   0.0111
    17.4     1.85    0.504   0.0817   0.0204    0.011
    17.8     1.86    0.473    0.074   0.0136  0.00723
    18.2     1.87    0.443   0.0668   0.0203   0.0107
    18.6     1.89    0.414   0.0604   0.0202   0.0106
      19      1.9    0.386   0.0546   0.0135  0.00693
    19.4     1.91    0.359   0.0491   0.0134  0.00685
    19.8     1.92    0.334   0.0443  0.00671  0.00341
    20.2     1.92     0.31   0.0399   0.0067  0.00337
    20.6     1.93    0.287   0.0359   0.0134  0.00671
      21     1.94    0.266   0.0323  0.00669  0.00334
    21.4     1.94    0.246   0.0291  0.00668   0.0033
    21.8     1.95    0.227   0.0261  0.00668   0.0033
    22.2     1.95    0.209   0.0235  0.00666  0.00327
    22.6     1.96    0.192   0.0211  0.00666  0.00327
      23     1.96    0.177   0.0189  0.00665  0.00324
    23.4     1.97    0.163    0.017  0.00665  0.00324
    23.8     1.97    0.149   0.0152        0        0
    24.2     1.97    0.137   0.0137  0.00664   0.0032
    24.6     1.98    0.126   0.0122  0.00664   0.0032
      25     1.98    0.115    0.011        0        0
    25.4     1.98    0.105  0.00984        0        0
    25.8     1.98   0.0963  0.00883        0        0
    26.2     1.98   0.0881  0.00792  0.00663  0.00317
    26.6     1.99   0.0805  0.00709  0.00663  0.00317
      27     1.99   0.0735  0.00635        0        0
    27.4     1.99   0.0671  0.00568        0        0
    27.8     1.99   0.0612  0.00509        0        0
    28.2     1.99   0.0559  0.00456        0        0
    28.6     1.99   0.0509  0.00408        0        0
      29     1.99   0.0464  0.00366        0        0
    29.4     1.99   0.0423  0.00327        0        0
    29.8     1.99   0.0385  0.00293  0.00662  0.00314
    30.2        2    0.035  0.00262  0.00662  0.00314
    30.6        2   0.0319  0.00235        0        0
      31        2    0.029   0.0021        0        0
    31.4        2   0.0264  0.00188        0        0
    31.8        2    0.024  0.00168        0        0
    32.2        2   0.0218  0.00151        0        0
    32.6        2   0.0198  0.00135        0        0
      33        2    0.018  0.00121        0        0
    33.4        2   0.0163  0.00108        0        0
    33.8        2   0.0148 0.000966        0        0
    34.2        2   0.0135 0.000865        0        0
    34.6        2   0.0122 0.000774        0        0
      35        2   0.0111 0.000693        0        0
    35.4        2   0.0101  0.00062        0        0
    35.8        2  0.00912 0.000555        0        0
    36.2        2  0.00827 0.000497        0        0
    36.6        2   0.0075 0.000445        0        0
      37        2   0.0068 0.000398        0        0
    37.4        2  0.00616 0.000356        0        0
    37.8        2  0.00559 0.000319        0        0
    38.2        2  0.00506 0.000285        0        0
    38.6        2  0.00458 0.000255        0        0
      39        2  0.00415 0.000228        0        0
    39.4        2  0.00376 0.000204        0        0
    39.8        2  0.00341 0.000183        0        0
    40.2        2  0.00308 0.000164        0        0
    40.6        2  0.00279 0.000146        0        0
      41        2  0.00253 0.000131        0        0
    41.4        2  0.00229 0.000117        0        0
    41.8        2  0.00207 0.000105        0        0
    42.2        2  0.00187  9.4e-05        0        0
    42.6        2  0.00169  8.4e-05        0        0
      43        2  0.00153 7.51e-05        0        0
    43.4        2  0.00139 6.72e-05        0        0
    43.8        2  0.00125 6.02e-05        0        0
    44.2        2  0.00113 5.39e-05        0        0
    44.6        2  0.00102 4.83e-05        0        0
      45        2 0.000926 4.31e-05        0        0
    45.4        2 0.000837 3.86e-05        0        0
    45.8        2 0.000757 3.46e-05        0        0
    46.2        2 0.000684 3.09e-05        0        0
    46.6        2 0.000618 2.77e-05        0        0
      47        2 0.000558 2.48e-05        0        0
    47.4        2 0.000505 2.22e-05        0        0
    47.8        2 0.000456 1.98e-05        0        0
    48.2        2 0.000412 1.77e-05        0        0
    48.6        2 0.000372 1.59e-05        0        0
      49        2 0.000336 1.42e-05        0        0
    49.4        2 0.000304 1.27e-05        0        0
    49.8        2 0.000274 1.14e-05        0        0
    50.2        2 0.000247 1.02e-05        0        0
    50.6        2 0.000223 9.11e-06        0        0
      51        2 0.000202 8.15e-06        0        0
    51.4        2 0.000182 7.29e-06        0        0
    51.8        2 0.000164 6.53e-06        0        0
    52.2        2 0.000148 5.85e-06        0        0
    52.6        2 0.000134 5.23e-06        0        0
      53        2 0.000121 4.68e-06        0        0
    53.4        2 0.000109 4.19e-06        0        0
    53.8        2 9.84e-05 3.75e-06        0        0
    54.2        2 8.88e-05 3.35e-06        0        0
    54.6        2 8.01e-05    3e-06        0        0
      55        2 7.23e-05 2.68e-06        0        0
    55.4        2 6.52e-05  2.4e-06        0        0
    55.8        2 5.88e-05 2.15e-06        0        0
    56.2        2  5.3e-05 1.92e-06        0        0
    56.6        2 4.79e-05 1.72e-06        0        0
      57        2 4.32e-05 1.54e-06        0        0
    57.4        2 3.89e-05 1.38e-06        0        0
    57.8        2 3.51e-05 1.23e-06        0        0
    58.2        2 3.17e-05  1.1e-06        0        0
    58.6        2 2.85e-05 9.88e-07        0        0
      59        2 2.57e-05 8.84e-07        0        0
    59.4        2 2.32e-05 7.91e-07        0        0
    59.8        2 2.09e-05 7.08e-07        0        0
    60.2        2 1.89e-05 6.33e-07        0        0
    60.6        2  1.7e-05 5.66e-07        0        0
      61        2 1.53e-05 5.06e-07        0        0
    61.4        2 1.38e-05 4.53e-07        0        0
    61.8        2 1.24e-05 4.06e-07        0        0
    62.2        2 1.12e-05 3.63e-07        0        0
    62.6        2 1.01e-05 3.25e-07        0        0
      63        2 9.11e-06 2.91e-07        0        0
    63.4        2 8.21e-06  2.6e-07        0        0
    63.8        2 7.39e-06 2.33e-07        0        0
    64.2        2 6.66e-06 2.08e-07        0        0
    64.6        2    6e-06 1.87e-07        0        0
      65        2 5.41e-06 1.67e-07        0        0
    65.4        2 4.87e-06 1.49e-07        0        0
    65.8        2 4.39e-06 1.34e-07        0        0
    66.2        2 3.95e-06  1.2e-07        0        0
    66.6        2 3.56e-06 1.07e-07        0        0
      67        2 3.21e-06 9.57e-08        0        0
    67.4        2 2.89e-06 8.56e-08        0        0
    67.8        2  2.6e-06 7.66e-08        0        0
    68.2        2 2.34e-06 6.85e-08        0        0
    68.6        2 2.11e-06 6.13e-08        0        0
      69        2  1.9e-06 5.49e-08        0        0
    69.4        2 1.71e-06 4.92e-08        0        0
    69.8        2 1.54e-06  4.4e-08        0        0
    70.2        2 1.39e-06 3.94e-08        0        0
    70.6        2 1.25e-06 3.52e-08        0        0
      71        2 1.13e-06 3.15e-08        0        0
    71.4        2 1.01e-06 2.82e-08        0        0
    71.8        2 9.13e-07 2.52e-08        0        0
    72.2        2 8.22e-07 2.26e-08        0        0
    72.6        2  7.4e-07 2.02e-08        0        0
      73        2 6.67e-07 1.81e-08        0        0
    73.4        2    6e-07 1.62e-08        0        0
    73.8        2 5.41e-07 1.45e-08        0        0
    74.2        2 4.87e-07  1.3e-08        0        0
    74.6        2 4.38e-07 1.16e-08        0        0
      75        2 3.94e-07 1.04e-08        0        0
    75.4        2 3.55e-07 9.29e-09        0        0
    75.8        2  3.2e-07 8.32e-09        0        0
    76.2        2 2.88e-07 7.44e-09        0        0
    76.6        2 2.59e-07 6.65e-09        0        0
      77        2 2.33e-07 5.96e-09        0        0
    77.4        2 2.09e-07 5.33e-09        0        0
    77.8        2 1.88e-07 4.77e-09        0        0
    78.2        2 1.69e-07 4.26e-09        0        0
    78.6        2 1.52e-07 3.82e-09        0        0
      79        2 1.37e-07 3.41e-09        0        0
    79.4        2 1.23e-07 3.05e-09        0        0
    79.8        2 1.11e-07 2.73e-09        0        0
    80.2        2 9.97e-08 2.45e-09        0        0
    80.6        2 8.97e-08 2.19e-09        0        0
      81        2 8.07e-08 1.96e-09        0        0
    81.4        2 7.26e-08 1.75e-09        0        0
    81.8        2 6.53e-08 1.57e-09        0        0
    82.2        2 5.87e-08  1.4e-09        0        0
    82.6        2 5.28e-08 1.26e-09        0        0
      83        2 4.75e-08 1.12e-09        0        0
    83.4        2 4.27e-08 1.01e-09        0        0
    83.8        2 3.84e-08    9e-10        0        0
    84.2        2 3.46e-08 8.05e-10        0        0
    84.6        2 3.12e-08  7.2e-10        0        0
      85        2  2.8e-08 6.44e-10        0        0
    85.4        2 2.52e-08 5.76e-10        0        0
    85.8        2 2.27e-08 5.16e-10        0        0
    86.2        2 2.05e-08 4.62e-10        0        0
    86.6        2 1.84e-08 4.13e-10        0        0
      87        2 1.66e-08  3.7e-10        0        0
    87.4        2  1.5e-08 3.31e-10        0        0
    87.8        2 1.35e-08 2.96e-10        0        0
    88.2        2 1.21e-08 2.65e-10        0        0
    88.6        2 1.09e-08 2.37e-10        0        0
      89        2 9.83e-09 2.12e-10        0        0
    89.4        2 8.86e-09  1.9e-10        0        0
    89.8        2 7.97e-09  1.7e-10        0        0
    90.2        2 7.17e-09 1.52e-10        0        0
    90.6        2 6.43e-09 1.36e-10        0        0
      91        2 5.77e-09 1.22e-10        0        0
    91.4        2 5.14e-09 1.09e-10        0        0
    91.8        2 4.62e-09 9.76e-11        0        0
    92.2        2 4.13e-09 8.74e-11        0        0
    92.6        2 3.68e-09 7.82e-11        0        0
      93        2 3.29e-09 6.99e-11        0        0
    93.4        2 2.98e-09 6.26e-11        0        0
    93.8        2 2.72e-09  5.6e-11        0        0
    94.2        2 2.47e-09 5.01e-11        0        0
    94.6        2 2.23e-09 4.48e-11        0        0
      95        2 2.01e-09 4.01e-11        0        0
    95.4        2  1.8e-09 3.59e-11        0        0
    95.8        2  1.6e-09 3.21e-11        0        0
    96.2        2 1.42e-09 2.87e-11        0        0
    96.6        2 1.28e-09 2.57e-11        0        0
      97        2 1.14e-09  2.3e-11        0        0
    97.4        2 1.02e-09 2.06e-11        0        0
    97.8        2 9.23e-10 1.84e-11        0        0
    98.2        2 8.85e-10 1.65e-11        0        0
    98.6        2 8.37e-10 1.47e-11        0        0
      99        2 8.09e-10 1.32e-11        0        0
    99.4        2 8.28e-10 1.17e-11        0        0
    99.8        2 8.02e-10 1.09e-11        0        0
