-25 4.4e-06 5.85e-05 1 4.15e-05
-24.6 5.24e-06 7.11e-05 1 8.44e-05
-24.2 6.16e-06 8.46e-05 1 9.07e-05
-23.8 7.24e-06 0.0001 1 0.000103
-23.4 8.57e-06 0.000119 1 0.000124
-23 1.03e-05 0.000142 1 0.000146
-22.6 1.24e-05 0.00017 1 0.000172
-22.2 1.51e-05 0.000205 1 0.000208
-21.8 1.86e-05 0.00025 1 0.00025
-21.4 2.31e-05 0.000305 1 0.000294
-21 2.87e-05 0.000373 1 0.000344
-20.6 3.58e-05 0.000457 1 0.000403
-20.2 4.47e-05 0.000561 1 0.00047
-19.8 5.59e-05 0.000688 1 0.000547
-19.4 6.99e-05 0.000844 1 0.000636
-19 8.75e-05 0.00103 1 0.000731
-18.6 0.000109 0.00127 1 0.000858
-18.2 0.000137 0.00155 1 0.000999
-17.8 0.000171 0.0019 1 0.00115
-17.4 0.000214 0.00233 1 0.00134
-17 0.000268 0.00286 1 0.00157
-16.6 0.000336 0.0035 1 0.00184
-16.2 0.000422 0.00428 1 0.00213
-15.8 0.000529 0.00524 1 0.00248
-15.4 0.000664 0.00641 1 0.00292
-15 0.000836 0.00784 1 0.0034
-14.6 0.00105 0.00959 1 0.00402
-14.2 0.00133 0.0117 1 0.00475
-13.8 0.00168 0.0143 1 0.00558
-13.4 0.00213 0.0175 1 0.00657
-13 0.0027 0.0213 1 0.00774
-12.6 0.00343 0.0259 1 0.00917
-12.2 0.00437 0.0315 1 0.0108
-11.8 0.00556 0.0383 1 0.0126
-11.4 0.00707 0.0464 1 0.0148
-11 0.00899 0.056 1 0.0173
-10.6 0.0114 0.0674 1 0.0203
-10.2 0.0145 0.0808 1 0.0235
-9.8 0.0183 0.0964 1 0.0268
-9.4 0.023 0.114 1 0.0304
-9 0.0287 0.135 1 0.0344
-8.6 0.0357 0.159 1 0.0389
-8.2 0.0441 0.185 1 0.0433
-7.8 0.0541 0.214 1 0.0479
-7.4 0.0659 0.247 1 0.0525
-7 0.0796 0.282 1 0.057
-6.6 0.0954 0.32 1 0.0609
-6.2 0.113 0.36 1 0.0663
-5.8 0.134 0.403 1 0.0701
-5.4 0.156 0.447 1 0.0726
-5 0.181 0.492 1 0.078
-4.6 0.209 0.539 1 0.0814
-4.2 0.239 0.585 1 0.0832
-3.8 0.271 0.631 1 0.0837
-3.4 0.304 0.676 1 0.0855
-3 0.34 0.719 1 0.0872
-2.6 0.377 0.76 1 0.0865
-2.2 0.415 0.798 1 0.086
-1.8 0.454 0.833 1 0.0857
-1.4 0.494 0.863 1 0.0844
-1 0.534 0.89 1 0.0812
-0.6 0.573 0.912 1 0.0783
-0.2 0.612 0.929 1 0.0747
0.2 0.649 0.942 1 0.0703
0.6 0.685 0.95 1 0.0671
1 0.72 0.953 1 0.0633
1.4 0.753 0.953 1.07 0.0578
1.8 0.783 0.949 1.07 0.0534
2.2 0.812 0.941 1.08 0.0492
2.6 0.838 0.931 1.08 0.0433
3 0.861 0.918 1.08 0.0386
3.4 0.882 0.904 1.09 0.0348
3.8 0.901 0.888 1.09 0.0311
4.2 0.918 0.872 1.09 0.0266
4.6 0.932 0.855 1.09 0.0222
5 0.944 0.838 1.09 0.0195
5.4 0.955 0.822 1.1 0.0161
5.8 0.963 0.806 1.1 0.0135
6.2 0.971 0.792 1.1 0.0118
6.6 0.977 0.778 1.1 0.0084
7 0.981 0.766 1.1 0.00671
7.4 0.985 0.755 1.1 0.00586
7.8 0.988 0.745 1.1 0.00502
8.2 0.991 0.737 1.1 0.00418
8.6 0.993 0.73 1.1 0.00251
9 0.994 0.723 1.1 0.0025
9.4 0.996 0.718 1.11 0.0025
9.8 0.997 0.714 1.1 0.000834
10.2 0.997 0.71 1.1 0.000834
10.6 0.998 0.707 1.1 0.000834
11 0.998 0.704 1.1 0.000834
11.4 0.999 0.702 1.1 0.000834
11.8 0.999 0.7 1.1 0
12.2 0.999 0.699 1.1 0
12.6 0.999 0.698 1.1 0.000833
13 1 0.697 1.1 0.000833
13.4 1 0.696 1.1 0
13.8 1 0.696 1.11 0
14.2 1 0.695 1.11 0
14.6 1 0.695 1.11 0
15 1 0.695 1.11 0
15.4 1 0.695 1.11 0
15.8 1 0.695 1.11 -0.000833
16.2 0.999 0.696 1.11 -0.000833
16.6 0.999 0.696 1.1 0
17 0.999 0.697 1.1 0.000833
17.4 1 0.698 1.1 0.000833
17.8 1 0.699 1.1 0
18.2 1 0.7 1.1 0
18.6 1 0.702 1.1 0
19 1 0.704 1.1 0
19.4 1 0.707 1.1 0
19.8 1 0.71 1.1 0
20.2 1 0.714 1.1 0
20.6 1 0.718 1.1 0.00832
21 1.01 0.723 1.09 0.00832
21.4 1.01 0.73 1.09 0
21.8 1.01 0.737 1.08 0
22.2 1.01 0.745 1.08 0
22.6 1.01 0.755 1.07 0.00829
23 1.02 0.766 1.06 0.00829
23.4 1.02 0.778 1.05 0.00827
23.8 1.03 0.792 1.04 0.0165
24.2 1.04 0.806 1.02 0.0165
24.6 1.05 0.822 1 0.0164
25 1.06 0.838 0.979 0.0163
25.4 1.07 0.855 0.954 0.0163
25.8 1.08 0.872 0.926 0.0243
26.2 1.1 0.888 0.894 0.0323
26.6 1.12 0.904 0.859 0.0321
27 1.14 0.918 0.82 0.0319
27.4 1.16 0.931 0.779 0.0396
27.8 1.19 0.941 0.736 0.0472
28.2 1.22 0.949 0.69 0.0468
28.6 1.25 0.953 0.644 0.0464
29 1.28 0.953 0.597 0.0537
29.4 1.32 0.95 0.551 0.0532
29.8 1.35 0.942 0.505 0.0527
30.2 1.39 0.929 0.461 0.0597
30.6 1.43 0.912 0.418 0.0592
31 1.47 0.89 0.377 0.0586
31.4 1.51 0.863 0.338 0.0581
31.8 1.55 0.833 0.301 0.0576
32.2 1.59 0.798 0.267 0.05
32.6 1.62 0.76 0.236 0.0496
33 1.66 0.719 0.207 0.0563
33.4 1.7 0.676 0.18 0.0489
33.8 1.73 0.631 0.156 0.0417
34.2 1.76 0.585 0.135 0.0414
34.6 1.79 0.539 0.116 0.0412
35 1.82 0.492 0.0984 0.0342
35.4 1.84 0.447 0.0834 0.034
35.8 1.87 0.403 0.0702 0.0339
36.2 1.89 0.36 0.0588 0.0202
36.6 1.9 0.32 0.049 0.0202
37 1.92 0.282 0.0405 0.0201
37.4 1.93 0.247 0.0334 0.0201
37.8 1.95 0.214 0.0275 0.02
38.2 1.96 0.185 0.0225 0.00666
38.6 1.96 0.159 0.0183 0.00665
39 1.97 0.135 0.0149 0.0133
39.4 1.98 0.114 0.0121 0.00664
39.8 1.98 0.0964 0.00978 0.00663
40.2 1.99 0.0808 0.0079 0.00663
40.6 1.99 0.0674 0.00637 0
41 1.99 0.056 0.00513 0
41.4 1.99 0.0464 0.00413 0
41.8 1.99 0.0383 0.00332 0.00662
42.2 2 0.0315 0.00266 0.00662
42.6 2 0.0259 0.00214 0
43 2 0.0213 0.00171 0
43.4 2 0.0175 0.00138 0
43.8 2 0.0143 0.0011 0
44.2 2 0.0117 0.000884 0
44.6 2 0.00959 0.000709 0
45 2 0.00784 0.000568 0
45.4 2 0.00641 0.000455 0
45.8 2 0.00524 0.000364 0
46.2 2 0.00428 0.000292 0
46.6 2 0.0035 0.000234 0
47 2 0.00286 0.000187 0
47.4 2 0.00233 0.00015 0
47.8 2 0.0019 0.00012 0
48.2 2 0.00155 9.61e-05 0
48.6 2 0.00127 7.69e-05 0
49 2 0.00103 6.16e-05 0
49.4 2 0.000844 4.93e-05 0
49.8 2 0.000688 3.95e-05 0
50.2 2 0.000561 3.17e-05 0
50.6 2 0.000457 2.54e-05 0
51 2 0.000372 2.03e-05 0
51.4 2 0.000303 1.63e-05 0
51.8 2 0.000247 1.3e-05 0
52.2 2 0.000201 1.04e-05 0
52.6 2 0.000163 8.36e-06 0
53 2 0.000133 6.69e-06 0
53.4 2 0.000108 5.35e-06 0
53.8 2 8.78e-05 4.29e-06 0
54.2 2 7.15e-05 3.43e-06 0
54.6 2 5.81e-05 2.75e-06 0
55 2 4.72e-05 2.2e-06 0
55.4 2 3.83e-05 1.76e-06 0
55.8 2 3.11e-05 1.41e-06 0
56.2 2 2.53e-05 1.13e-06 0
56.6 2 2.05e-05 9.04e-07 0
57 2 1.67e-05 7.24e-07 0
57.4 2 1.35e-05 5.81e-07 0
57.8 2 1.1e-05 4.65e-07 0
58.2 2 8.89e-06 3.72e-07 0
58.6 2 7.21e-06 2.98e-07 0
59 2 5.86e-06 2.39e-07 0
59.4 2 4.75e-06 1.91e-07 0
59.8 2 3.85e-06 1.53e-07 0
60.2 2 3.12e-06 1.22e-07 0
60.6 2 2.53e-06 9.81e-08 0
61 2 2.05e-06 7.86e-08 0
61.4 2 1.66e-06 6.3e-08 0
61.8 2 1.34e-06 5.04e-08 0
62.2 2 1.09e-06 4.04e-08 0
62.6 2 8.82e-07 3.23e-08 0
63 2 7.14e-07 2.59e-08 0
63.4 2 5.77e-07 2.07e-08 0
63.8 2 4.67e-07 1.66e-08 0
64.2 2 3.77e-07 1.33e-08 0
64.6 2 3.04e-07 1.06e-08 0
65 2 2.46e-07 8.5e-09 0
65.4 2 1.98e-07 6.8e-09 0
65.8 2 1.6e-07 5.45e-09 0
66.2 2 1.28e-07 4.37e-09 0
66.6 2 1.03e-07 3.5e-09 0
67 2 8.26e-08 2.8e-09 0
67.4 2 6.63e-08 2.24e-09 0
67.8 2 5.29e-08 1.8e-09 0
68.2 2 4.24e-08 1.44e-09 0
68.6 2 3.38e-08 1.15e-09 0
69 2 2.66e-08 9.22e-10 0
69.4 2 2.1e-08 7.38e-10 0
69.8 2 1.63e-08 5.91e-10 0
70.2 2 1.27e-08 4.73e-10 0
70.6 2 9.72e-09 3.79e-10 0
71 2 7.5e-09 3.04e-10 0
71.4 2 5.59e-09 2.43e-10 0
71.8 2 4.02e-09 1.95e-10 0
72.2 2 2.89e-09 1.55e-10 0
72.7 2 2.09e-09 1.21e-10 0
73.4 2 1.4e-09 8.63e-11 0
73.9 2 1.09e-09 4.71e-11 0
78.9 2 8.48e-10 1.51e-11 0
83.2 2 6.18e-10 0 0
84.8 2 7.35e-10 0 0
90.7 2 7.68e-10 0 0
93 2 6e-10 0 0
97.1 2 7.27e-10 1.68e-16 0
