   -23.1        0        0        0        0        0        0 2.15e-09
   -22.9        0        0        0        0        0        0 2.64e-09
   -22.7        0        0        0        0        0        0 3.21e-09
   -22.5        0        0        0        0        0        0 3.92e-09
   -22.3        0        0        0        0        0        0 4.79e-09
   -22.1        0        0        0        0        0        0 5.85e-09
   -21.9        0        0        0        0        0        0 7.15e-09
   -21.7        0        0        0        0        0        0 8.73e-09
   -21.5        0        0        0        0        0        0 1.07e-08
   -21.3        0        0        0        0        0        0  1.3e-08
   -21.1        0        0        0        0        0        0 1.59e-08
   -20.9        0        0        0        0        0        0 1.94e-08
   -20.7        0        0        0        0        0        0 2.37e-08
   -20.5        0        0        0        0        0        0  2.9e-08
   -20.3        0        0        0        0        0        0 3.54e-08
   -20.1        0        0        0        0        0        0 4.32e-08
   -19.9        0        0        0        0        0        0 5.28e-08
   -19.7        0        0        0        0        0        0 6.45e-08
   -19.5        0        0        0        0        0        0 7.87e-08
   -19.3        0        0        0        0        0        0 9.62e-08
   -19.1        0        0        0        0        0        0 1.18e-07
   -18.9        0        0        0        0        0        0 1.44e-07
   -18.7        0        0        0        0        0        0 1.75e-07
   -18.5        0        0        0        0        0        0 2.14e-07
   -18.3        0        0        0        0        0        0 2.62e-07
   -18.1        0        0        0        0        0        0 3.19e-07
   -17.9        0        0        0        0        0        0  3.9e-07
   -17.7        0        0        0        0        0        0 4.76e-07
   -17.5        0        0        0        0        0        0 5.82e-07
   -17.3        0        0        0        0        0        0 7.11e-07
   -17.1        0        0        0        0        0        0 8.68e-07
   -16.9        0        0        0        0        0        0 1.06e-06
   -16.7        0        0        0        0        0        0 1.29e-06
   -16.5        0        0        0        0        0        0 1.58e-06
   -16.3        0        0        0        0        0        0 1.93e-06
   -16.1        0        0        0        0        0        0 2.36e-06
   -15.9        0        0        0        0        0        0 2.88e-06
   -15.7        0        0        0        0        0        0 3.52e-06
   -15.5        0        0        0        0        0        0  4.3e-06
   -15.3        0        0        0        0        0        0 5.25e-06
   -15.1        0        0        0        0        0        0 6.41e-06
   -14.9        0        0        0        0        0        0 7.84e-06
   -14.7        0        0        0        0        0        0 9.57e-06
   -14.5        0        0        0        0        0        0 1.17e-05
   -14.3        0        0        0        0        0        0 1.43e-05
   -14.1        0        0        0        0        0        0 1.74e-05
   -13.9        0        0        0        0        0        0 2.13e-05
   -13.7        0        0        0        0        0        0  2.6e-05
   -13.5        0        0        0        0        0        0 3.18e-05
   -13.3        0        0        0        0        0        0 3.88e-05
   -13.1        0        0        0        0        0        0 4.74e-05
   -12.9        0        0        0        0        0        0 5.79e-05
   -12.7        0        0        0        0        0        0 7.06e-05
   -12.5        0        0        0        0        0        0 8.63e-05
   -12.3        0        0        0        0        0        0 0.000105
   -12.1        0        0        0        0        0        0 0.000129
   -11.9        0        0        0        0        0        0 0.000157
   -11.7        0        0        0        0        0        0 0.000192
   -11.5        0        0        0        0        0        0 0.000234
   -11.3        0        0        0        0        0        0 0.000286
   -11.1        0        0        0        0        0        0 0.000349
   -10.9        0        0        0        0        0        0 0.000427
   -10.7        0        0        0        0        0        0 0.000521
   -10.5        0        0        0        0        0        0 0.000636
   -10.3        0        0        0        0        0        0 0.000777
   -10.1        0        0        0        0        0        0 0.000949
    -9.9        0        0        0        0        0        0  0.00116
    -9.7        0        0        0        0        0        0  0.00141
    -9.5        0        0        0        0        0        0  0.00172
    -9.3        0        0        0        0        0        0   0.0021
    -9.1        0        0        0        0        0        0  0.00255
    -8.9        0        0        0        0        0        0  0.00311
    -8.7        0        0        0        0        0        0  0.00378
    -8.5        0        0        0        0        0        0   0.0046
    -8.3        0        0        0        0        0        0  0.00559
    -8.1        0        0        0        0        0        0  0.00678
    -7.9        0        0        0        0        0        0  0.00821
    -7.7        0        0        0        0        0        0  0.00993
    -7.5        0        0        0        0        0        0    0.012
    -7.3        0        0        0        0        0        0   0.0145
    -7.1        0        0        0        0        0        0   0.0174
    -6.9        0        0        0        0        0        0   0.0208
    -6.7        0        0        0        0        0        0   0.0249
    -6.5        0        0        0        0        0        0   0.0296
    -6.3        0        0        0        0        0        0    0.035
    -6.1        0        0        0        0        0        0   0.0412
    -5.9        0        0        0        0        0        0   0.0483
    -5.7        0        0        0        0        0        0   0.0561
    -5.5        0        0        0        0        0        0   0.0678
    -5.3        0        0        0        0        0        0   0.0821
    -5.1        0        0        0        0        0        0   0.0922
    -4.9        0        0        0        0        0        0   0.0996
    -4.7        0        0        0        0        0        0    0.106
    -4.5        0        0        0        0        0        0     0.12
    -4.3        0        0        0        0        0        0    0.133
    -4.1        0        0        0        0        0        0    0.146
    -3.9        0        0        0        0        0        0    0.159
    -3.7        0        0        0        0        0        0    0.174
    -3.5        0        0        0        0        0        0    0.189
    -3.3        0        0        0        0        0        0    0.207
    -3.1        0        0        0        0        0        0    0.227
    -2.9        0        0        0        0        0        0    0.247
    -2.7        0        0        0        0        0        0    0.267
    -2.5        0        0        0        0        0        0    0.289
    -2.3        0        0        0        0        0        0    0.312
    -2.1        0        0        0        0        0        0    0.334
    -1.9        0        0        0        0        0        0    0.355
    -1.7        0        0        0        0        0        0    0.376
    -1.5        0        0        0        0        0        0    0.398
    -1.3        0        0        0        0        0        0    0.421
    -1.1        0        0        0        0        0        0    0.445
    -0.9        0        0        0        0        0        0    0.468
    -0.7        0        0        0        0        0        0    0.491
    -0.5        0        0        0        0        0        0    0.513
    -0.3        0        0        0        0        0        0    0.535
    -0.1        0        0        0        0        0        0    0.557
     0.1        0        0        0        0        0        0    0.579
     0.3        0        0        0        0        0        0    0.601
     0.5        0        0        0        0        0        0    0.621
     0.7        0        0        0        0        0        0     0.64
     0.9        0        0        0        0        0        0    0.659
     1.1        0        0        0        0        0        0     0.68
     1.3        0        0        0        0        0        0    0.701
     1.5        0        0        0        0        0        0    0.721
     1.7        0        0        0        0        0        0    0.738
     1.9        0        0        0        0        0        0    0.753
     2.1        0        0        0        0        0        0    0.768
     2.3        0        0        0        0        0        0    0.783
     2.5        0        0        0        0        0        0    0.796
     2.7        0        0        0        0        0        0    0.808
     2.9        0        0        0        0        0        0    0.818
     3.1        0        0        0        0        0        0    0.827
     3.3        0        0        0        0        0        0    0.836
     3.5        0        0        0        0        0        0    0.844
     3.7        0        0        0        0        0        0     0.85
     3.9        0        0        0        0        0        0    0.856
     4.1        0        0        0        0        0        0    0.861
     4.3        0        0        0        0        0        0    0.865
     4.5        0        0        0        0        0        0    0.869
     4.7        0        0        0        0        0        0    0.873
     4.9        0        0        0        0        0        0    0.876
     5.1        0        0        0        0        0        0    0.878
     5.3        0        0        0        0        0        0     0.88
     5.5        0        0        0        0        0        0    0.882
     5.7        0        0        0        0        0        0    0.884
     5.9        0        0        0        0        0        0    0.885
     6.1        0        0        0        0        0        0    0.886
     6.3        0        0        0        0        0        0    0.887
     6.5        0        0        0        0        0        0    0.887
     6.7        0        0        0        0        0        0    0.888
     6.9        0        0        0        0        0        0    0.888
     7.1        0        0        0        0        0        0    0.889
     7.3        0        0        0        0        0        0    0.889
     7.5        0        0        0        0        0        0    0.889
     7.7        0        0        0        0        0        0     0.89
     7.9        0        0        0        0        0        0     0.89
     8.1        0        0        0        0        0        0     0.89
     8.3        0        0        0        0        0        0     0.89
     8.5        0        0        0        0        0        0     0.89
     8.7        0        0        0        0        0        0     0.89
     8.9        0        0        0        0        0        0     0.89
     9.1        0        0        0        0        0        0     0.89
     9.3        0        0        0        0        0        0     0.89
     9.5        0        0        0        0        0        0     0.89
     9.7        0        0        0        0        0        0     0.89
     9.9        0        0        0        0        0        0     0.89
    10.1        0        0        0        0        0        0     0.89
    10.3        0        0        0        0        0        0     0.89
    10.5        0        0        0        0        0        0     0.89
    10.7        0        0        0        0        0        0     0.89
    10.9        0        0        0        0        0        0     0.89
    11.1        0        0        0        0        0        0     0.89
    11.3        0        0        0        0        0        0     0.89
    11.5        0        0        0        0        0        0     0.89
    11.7        0        0        0        0        0        0     0.89
    11.9        0        0        0        0        0        0     0.89
    12.1        0        0        0        0        0        0     0.89
    12.3        0        0        0        0        0        0     0.89
    12.5        0        0        0        0        0        0    0.889
    12.7        0        0        0        0        0        0    0.889
    12.9        0        0        0        0        0        0    0.889
    13.1        0        0        0        0        0        0    0.888
    13.3        0        0        0        0        0        0    0.888
    13.5        0        0        0        0        0        0    0.887
    13.7        0        0        0        0        0        0    0.887
    13.9        0        0        0        0        0        0    0.886
    14.1        0        0        0        0        0        0    0.885
    14.3        0        0        0        0        0        0    0.884
    14.5        0        0        0        0        0        0    0.882
    14.7        0        0        0        0        0        0     0.88
    14.9        0        0        0        0        0        0    0.878
    15.1        0        0        0        0        0        0    0.876
    15.3        0        0        0        0        0        0    0.873
    15.5        0        0        0        0        0        0    0.869
    15.7        0        0        0        0        0        0    0.865
    15.9        0        0        0        0        0        0    0.861
    16.1        0        0        0        0        0        0    0.856
    16.3        0        0        0        0        0        0     0.85
    16.5        0        0        0        0        0        0    0.844
    16.7        0        0        0        0        0        0    0.836
    16.9        0        0        0        0        0        0    0.827
    17.1        0        0        0        0        0        0    0.818
    17.3        0        0        0        0        0        0    0.808
    17.5        0        0        0        0        0        0    0.796
    17.7        0        0        0        0        0        0    0.783
    17.9        0        0        0        0        0        0    0.768
    18.1        0        0        0        0        0        0    0.753
    18.3        0        0        0        0        0        0    0.738
    18.5        0        0        0        0        0        0    0.721
    18.7        0        0        0        0        0        0    0.701
    18.9        0        0        0        0        0        0     0.68
    19.1        0        0        0        0        0        0    0.659
    19.3        0        0        0        0        0        0     0.64
    19.5        0        0        0        0        0        0    0.621
    19.7        0        0        0        0        0        0    0.601
    19.9        0        0        0        0        0        0    0.579
    20.1        0        0        0        0        0        0    0.557
    20.3        0        0        0        0        0        0    0.535
    20.5        0        0        0        0        0        0    0.513
    20.7        0        0        0        0        0        0    0.491
    20.9        0        0        0        0        0        0    0.468
    21.1        0        0        0        0        0        0    0.445
    21.3        0        0        0        0        0        0    0.421
    21.5        0        0        0        0        0        0    0.398
    21.7        0        0        0        0        0        0    0.376
    21.9        0        0        0        0        0        0    0.355
    22.1        0        0        0        0        0        0    0.334
    22.3        0        0        0        0        0        0    0.312
    22.5        0        0        0        0        0        0    0.289
    22.7        0        0        0        0        0        0    0.267
    22.9        0        0        0        0        0        0    0.247
    23.1        0        0        0        0        0        0    0.227
    23.3        0        0        0        0        0        0    0.207
    23.5        0        0        0        0        0        0    0.189
    23.7        0        0        0        0        0        0    0.174
    23.9        0        0        0        0        0        0    0.159
    24.1        0        0        0        0        0        0    0.146
    24.3        0        0        0        0        0        0    0.133
    24.5        0        0        0        0        0        0     0.12
    24.7        0        0        0        0        0        0    0.106
    24.9        0        0        0        0        0        0   0.0996
    25.1        0        0        0        0        0        0   0.0922
    25.3        0        0        0        0        0        0   0.0821
    25.5        0        0        0        0        0        0   0.0678
    25.7        0        0        0        0        0        0   0.0561
    25.9        0        0        0        0        0        0   0.0483
    26.1        0        0        0        0        0        0   0.0412
    26.3        0        0        0        0        0        0    0.035
    26.5        0        0        0        0        0        0   0.0296
    26.7        0        0        0        0        0        0   0.0249
    26.9        0        0        0        0        0        0   0.0208
    27.1        0        0        0        0        0        0   0.0174
    27.3        0        0        0        0        0        0   0.0145
    27.5        0        0        0        0        0        0    0.012
    27.7        0        0        0        0        0        0  0.00993
    27.9        0        0        0        0        0        0  0.00821
    28.1        0        0        0        0        0        0  0.00678
    28.3        0        0        0        0        0        0  0.00559
    28.5        0        0        0        0        0        0   0.0046
    28.7        0        0        0        0        0        0  0.00378
    28.9        0        0        0        0        0        0  0.00311
    29.1        0        0        0        0        0        0  0.00255
    29.3        0        0        0        0        0        0   0.0021
    29.5        0        0        0        0        0        0  0.00172
    29.7        0        0        0        0        0        0  0.00141
    29.9        0        0        0        0        0        0  0.00116
    30.1        0        0        0        0        0        0 0.000949
    30.3        0        0        0        0        0        0 0.000777
    30.5        0        0        0        0        0        0 0.000636
    30.7        0        0        0        0        0        0 0.000521
    30.9        0        0        0        0        0        0 0.000427
    31.1        0        0        0        0        0        0 0.000349
    31.3        0        0        0        0        0        0 0.000286
    31.5        0        0        0        0        0        0 0.000234
    31.7        0        0        0        0        0        0 0.000192
    31.9        0        0        0        0        0        0 0.000157
    32.1        0        0        0        0        0        0 0.000129
    32.3        0        0        0        0        0        0 0.000105
    32.5        0        0        0        0        0        0 8.63e-05
    32.7        0        0        0        0        0        0 7.06e-05
    32.9        0        0        0        0        0        0 5.79e-05
    33.1        0        0        0        0        0        0 4.74e-05
    33.3        0        0        0        0        0        0 3.88e-05
    33.5        0        0        0        0        0        0 3.18e-05
    33.7        0        0        0        0        0        0  2.6e-05
    33.9        0        0        0        0        0        0 2.13e-05
    34.1        0        0        0        0        0        0 1.74e-05
    34.3        0        0        0        0        0        0 1.43e-05
    34.5        0        0        0        0        0        0 1.17e-05
    34.7        0        0        0        0        0        0 9.57e-06
    34.9        0        0        0        0        0        0 7.84e-06
    35.1        0        0        0        0        0        0 6.41e-06
    35.3        0        0        0        0        0        0 5.25e-06
    35.5        0        0        0        0        0        0  4.3e-06
    35.7        0        0        0        0        0        0 3.52e-06
    35.9        0        0        0        0        0        0 2.88e-06
    36.1        0        0        0        0        0        0 2.36e-06
    36.3        0        0        0        0        0        0 1.93e-06
    36.5        0        0        0        0        0        0 1.58e-06
    36.7        0        0        0        0        0        0 1.29e-06
    36.9        0        0        0        0        0        0 1.06e-06
    37.1        0        0        0        0        0        0 8.68e-07
    37.3        0        0        0        0        0        0 7.11e-07
    37.5        0        0        0        0        0        0 5.82e-07
    37.7        0        0        0        0        0        0 4.76e-07
    37.9        0        0        0        0        0        0  3.9e-07
    38.1        0        0        0        0        0        0 3.19e-07
    38.3        0        0        0        0        0        0 2.62e-07
    38.5        0        0        0        0        0        0 2.14e-07
    38.7        0        0        0        0        0        0 1.75e-07
    38.9        0        0        0        0        0        0 1.44e-07
    39.1        0        0        0        0        0        0 1.18e-07
    39.3        0        0        0        0        0        0 9.62e-08
    39.5        0        0        0        0        0        0 7.87e-08
    39.7        0        0        0        0        0        0 6.45e-08
    39.9        0        0        0        0        0        0 5.28e-08
    40.1        0        0        0        0        0        0 4.32e-08
    40.3        0        0        0        0        0        0 3.54e-08
    40.5        0        0        0        0        0        0  2.9e-08
    40.7        0        0        0        0        0        0 2.37e-08
    40.9        0        0        0        0        0        0 1.94e-08
    41.1        0        0        0        0        0        0 1.59e-08
    41.3        0        0        0        0        0        0  1.3e-08
    41.5        0        0        0        0        0        0 1.07e-08
    41.7        0        0        0        0        0        0 8.73e-09
    41.9        0        0        0        0        0        0 7.15e-09
    42.1        0        0        0        0        0        0 5.85e-09
    42.3        0        0        0        0        0        0 4.79e-09
    42.5        0        0        0        0        0        0 3.92e-09
    42.7        0        0        0        0        0        0 3.36e-09
    42.9        0        0        0        0        0        0 2.53e-09
    43.1        0        0        0        0        0        0 1.47e-09
    45.9        0        0        0        0        0        0 4.97e-10
    46.1        0        0        0        0        0        0        0
    48.6        0        0        0        0        0        0 2.67e-11
    48.8        0        0        0        0        0        0 3.15e-13
      49        0        0        0        0        0        0  5.9e-12
    49.2        0        0        0        0        0        0 4.83e-12
    49.4        0        0        0        0        0        0 3.95e-12
    49.6        0        0        0        0        0        0 3.24e-12
    49.8        0        0        0        0        0        0 2.65e-12
      50        0        0        0        0        0        0 2.17e-12
    50.2        0        0        0        0        0        0 1.78e-12
    50.4        0        0        0        0        0        0 1.45e-12
    50.6        0        0        0        0        0        0 1.19e-12
    50.8        0        0        0        0        0        0 9.75e-13
      51        0        0        0        0        0        0 7.98e-13
    51.2        0        0        0        0        0        0 6.53e-13
    51.4        0        0        0        0        0        0 5.35e-13
    51.6        0        0        0        0        0        0 4.38e-13
    51.8        0        0        0        0        0        0 3.58e-13
      52        0        0        0        0        0        0 2.94e-13
    52.2        0        0        0        0        0        0  2.4e-13
    52.4        0        0        0        0        0        0 1.97e-13
    52.6        0        0        0        0        0        0 1.61e-13
    52.8        0        0        0        0        0        0 1.32e-13
      53        0        0        0        0        0        0 1.08e-13
    53.2        0        0        0        0        0        0 8.83e-14
    53.4        0        0        0        0        0        0 7.24e-14
    53.6        0        0        0        0        0        0 5.92e-14
    53.8        0        0        0        0        0        0 4.85e-14
      54        0        0        0        0        0        0 3.97e-14
    54.2        0        0        0        0        0        0 3.25e-14
    54.4        0        0        0        0        0        0 2.66e-14
    54.6        0        0        0        0        0        0 2.18e-14
    54.8        0        0        0        0        0        0 1.79e-14
      55        0        0        0        0        0        0 1.46e-14
    55.2        0        0        0        0        0        0  1.2e-14
    55.4        0        0        0        0        0        0 9.79e-15
    55.6        0        0        0        0        0        0 8.02e-15
    55.8        0        0        0        0        0        0 6.57e-15
      56        0        0        0        0        0        0 5.38e-15
    56.2        0        0        0        0        0        0  4.4e-15
    56.4        0        0        0        0        0        0  3.6e-15
    56.6        0        0        0        0        0        0 2.95e-15
    56.8        0        0        0        0        0        0 2.42e-15
      57        0        0        0        0        0        0 1.98e-15
    57.2        0        0        0        0        0        0 1.62e-15
    57.4        0        0        0        0        0        0 1.33e-15
    57.6        0        0        0        0        0        0 1.09e-15
    57.8        0        0        0        0        0        0 8.89e-16
      58        0        0        0        0        0        0 7.28e-16
    58.2        0        0        0        0        0        0 5.96e-16
    58.4        0        0        0        0        0        0 4.88e-16
    58.6        0        0        0        0        0        0 3.99e-16
    58.8        0        0        0        0        0        0 3.27e-16
      59        0        0        0        0        0        0 2.68e-16
    59.2        0        0        0        0        0        0 2.19e-16
    59.4        0        0        0        0        0        0 1.79e-16
    59.6        0        0        0        0        0        0 1.47e-16
    59.8        0        0        0        0        0        0  1.2e-16
      60        0        0        0        0        0        0 9.85e-17
    60.2        0        0        0        0        0        0 8.06e-17
    60.4        0        0        0        0        0        0  6.6e-17
    60.6        0        0        0        0        0        0  5.4e-17
    60.8        0        0        0        0        0        0 4.42e-17
      61        0        0        0        0        0        0 3.62e-17
    61.2        0        0        0        0        0        0 2.97e-17
    61.4        0        0        0        0        0        0 2.43e-17
    61.6        0        0        0        0        0        0 1.99e-17
    61.8        0        0        0        0        0        0 1.63e-17
      62        0        0        0        0        0        0 1.33e-17
    62.2        0        0        0        0        0        0 1.09e-17
    62.4        0        0        0        0        0        0 8.94e-18
    62.6        0        0        0        0        0        0 7.31e-18
    62.8        0        0        0        0        0        0 5.99e-18
      63        0        0        0        0        0        0  4.9e-18
    63.2        0        0        0        0        0        0 4.01e-18
    63.4        0        0        0        0        0        0 3.29e-18
    63.6        0        0        0        0        0        0 2.69e-18
    63.8        0        0        0        0        0        0  2.2e-18
      64        0        0        0        0        0        0  1.8e-18
    64.2        0        0        0        0        0        0 1.48e-18
    64.4        0        0        0        0        0        0 1.21e-18
    64.6        0        0        0        0        0        0  9.9e-19
    64.8        0        0        0        0        0        0  8.1e-19
      65        0        0        0        0        0        0 6.64e-19
    65.2        0        0        0        0        0        0 5.43e-19
    65.4        0        0        0        0        0        0 4.45e-19
    65.6        0        0        0        0        0        0 3.64e-19
    65.8        0        0        0        0        0        0 2.98e-19
      66        0        0        0        0        0        0 2.44e-19
    66.2        0        0        0        0        0        0    2e-19
    66.4        0        0        0        0        0        0 1.64e-19
    66.6        0        0        0        0        0        0 1.34e-19
    66.8        0        0        0        0        0        0  1.1e-19
      67        0        0        0        0        0        0 8.98e-20
    67.2        0        0        0        0        0        0 7.35e-20
    67.4        0        0        0        0        0        0 6.02e-20
    67.6        0        0        0        0        0        0 4.93e-20
    67.8        0        0        0        0        0        0 4.03e-20
      68        0        0        0        0        0        0  3.3e-20
    68.2        0        0        0        0        0        0  2.7e-20
    68.4        0        0        0        0        0        0 2.21e-20
    68.6        0        0        0        0        0        0 1.81e-20
    68.8        0        0        0        0        0        0 1.48e-20
      69        0        0        0        0        0        0 1.21e-20
    69.2        0        0        0        0        0        0 9.95e-21
    69.4        0        0        0        0        0        0 8.15e-21
    69.6        0        0        0        0        0        0 6.67e-21
    69.8        0        0        0        0        0        0 5.46e-21
      70        0        0        0        0        0        0 4.47e-21
    70.2        0        0        0        0        0        0 3.66e-21
    70.4        0        0        0        0        0        0    3e-21
    70.6        0        0        0        0        0        0 2.45e-21
    70.8        0        0        0        0        0        0 2.01e-21
      71        0        0        0        0        0        0 1.65e-21
    71.2        0        0        0        0        0        0 1.35e-21
    71.4        0        0        0        0        0        0  1.1e-21
    71.6        0        0        0        0        0        0 9.02e-22
    71.8        0        0        0        0        0        0 7.39e-22
      72        0        0        0        0        0        0 6.05e-22
    72.2        0        0        0        0        0        0 4.95e-22
    72.4        0        0        0        0        0        0 4.06e-22
    72.6        0        0        0        0        0        0 3.32e-22
    72.8        0        0        0        0        0        0 2.72e-22
      73        0        0        0        0        0        0 2.23e-22
    73.2        0        0        0        0        0        0 1.82e-22
    73.4        0        0        0        0        0        0 1.49e-22
    73.6        0        0        0        0        0        0 1.22e-22
    73.8        0        0        0        0        0        0    1e-22
      74        0        0        0        0        0        0 8.19e-23
    74.2        0        0        0        0        0        0  6.7e-23
    74.4        0        0        0        0        0        0 5.49e-23
    74.6        0        0        0        0        0        0 4.49e-23
    74.8        0        0        0        0        0        0 3.68e-23
      75        0        0        0        0        0        0 3.01e-23
    75.2        0        0        0        0        0        0 2.47e-23
    75.4        0        0        0        0        0        0 2.02e-23
    75.6        0        0        0        0        0        0 1.65e-23
    75.8        0        0        0        0        0        0 1.35e-23
      76        0        0        0        0        0        0 1.11e-23
    76.2        0        0        0        0        0        0 9.07e-24
    76.4        0        0        0        0        0        0 7.42e-24
    76.6        0        0        0        0        0        0 6.08e-24
    76.8        0        0        0        0        0        0 4.98e-24
      77        0        0        0        0        0        0 4.08e-24
    77.2        0        0        0        0        0        0 3.34e-24
    77.4        0        0        0        0        0        0 2.73e-24
    77.6        0        0        0        0        0        0 2.24e-24
    77.8        0        0        0        0        0        0 1.83e-24
      78        0        0        0        0        0        0  1.5e-24
    78.2        0        0        0        0        0        0 1.23e-24
    78.4        0        0        0        0        0        0 1.01e-24
    78.6        0        0        0        0        0        0 8.23e-25
    78.8        0        0        0        0        0        0 6.74e-25
      79        0        0        0        0        0        0 5.52e-25
    79.2        0        0        0        0        0        0 4.52e-25
    79.4        0        0        0        0        0        0  3.7e-25
    79.6        0        0        0        0        0        0 3.03e-25
    79.8        0        0        0        0        0        0 2.48e-25
      80        0        0        0        0        0        0 2.03e-25
    80.2        0        0        0        0        0        0 1.66e-25
    80.4        0        0        0        0        0        0 1.36e-25
    80.6        0        0        0        0        0        0 1.11e-25
    80.8        0        0        0        0        0        0 9.12e-26
      81        0        0        0        0        0        0 7.47e-26
    81.2        0        0        0        0        0        0 6.11e-26
    81.4        0        0        0        0        0        0    5e-26
    81.6        0        0        0        0        0        0  4.1e-26
    81.8        0        0        0        0        0        0 3.36e-26
      82        0        0        0        0        0        0 2.75e-26
    82.2        0        0        0        0        0        0 2.25e-26
    82.4        0        0        0        0        0        0 1.84e-26
    82.6        0        0        0        0        0        0 1.51e-26
    82.8        0        0        0        0        0        0 1.23e-26
      83        0        0        0        0        0        0 1.01e-26
    83.2        0        0        0        0        0        0 8.28e-27
    83.4        0        0        0        0        0        0 6.77e-27
    83.6        0        0        0        0        0        0 5.55e-27
    83.8        0        0        0        0        0        0 4.54e-27
      84        0        0        0        0        0        0 3.72e-27
    84.2        0        0        0        0        0        0 3.04e-27
    84.4        0        0        0        0        0        0 2.49e-27
    84.6        0        0        0        0        0        0 2.04e-27
    84.8        0        0        0        0        0        0 1.67e-27
      85        0        0        0        0        0        0 1.37e-27
    85.2        0        0        0        0        0        0 1.12e-27
    85.4        0        0        0        0        0        0 9.17e-28
    85.6        0        0        0        0        0        0  7.5e-28
    85.8        0        0        0        0        0        0 6.15e-28
      86        0        0        0        0        0        0 5.03e-28
    86.2        0        0        0        0        0        0 4.12e-28
    86.4        0        0        0        0        0        0 3.37e-28
    86.6        0        0        0        0        0        0 2.76e-28
    86.8        0        0        0        0        0        0 2.26e-28
      87        0        0        0        0        0        0 1.85e-28
    87.2        0        0        0        0        0        0 1.52e-28
    87.4        0        0        0        0        0        0 1.24e-28
    87.6        0        0        0        0        0        0 1.02e-28
    87.8        0        0        0        0        0        0 8.32e-29
      88        0        0        0        0        0        0 6.81e-29
    88.2        0        0        0        0        0        0 5.58e-29
    88.4        0        0        0        0        0        0 4.57e-29
    88.6        0        0        0        0        0        0 3.74e-29
    88.8        0        0        0        0        0        0 3.06e-29
      89        0        0        0        0        0        0 2.51e-29
    89.2        0        0        0        0        0        0 2.05e-29
    89.4        0        0        0        0        0        0 1.68e-29
    89.6        0        0        0        0        0        0 1.38e-29
    89.8        0        0        0        0        0        0 1.13e-29
      90        0        0        0        0        0        0 9.22e-30
    90.2        0        0        0        0        0        0 7.55e-30
    90.4        0        0        0        0        0        0 6.18e-30
    90.6        0        0        0        0        0        0 5.06e-30
    90.8        0        0        0        0        0        0 4.14e-30
      91        0        0        0        0        0        0 3.39e-30
    91.2        0        0        0        0        0        0 2.78e-30
    91.4        0        0        0        0        0        0 2.27e-30
    91.6        0        0        0        0        0        0 1.86e-30
    91.8        0        0        0        0        0        0 1.52e-30
      92        0        0        0        0        0        0 1.25e-30
    92.2        0        0        0        0        0        0 1.02e-30
    92.4        0        0        0        0        0        0 8.36e-31
    92.6        0        0        0        0        0        0 6.84e-31
    92.8        0        0        0        0        0        0  5.6e-31
      93        0        0        0        0        0        0 4.59e-31
    93.2        0        0        0        0        0        0 3.76e-31
    93.4        0        0        0        0        0        0 3.08e-31
    93.6        0        0        0        0        0        0 2.52e-31
    93.8        0        0        0        0        0        0 2.06e-31
      94        0        0        0        0        0        0 1.69e-31
    94.2        0        0        0        0        0        0 1.38e-31
    94.4        0        0        0        0        0        0 1.13e-31
    94.6        0        0        0        0        0        0 9.25e-32
    94.8        0        0        0        0        0        0 7.58e-32
      95        0        0        0        0        0        0 6.21e-32
    95.2        0        0        0        0        0        0 5.08e-32
    95.4        0        0        0        0        0        0 4.16e-32
    95.6        0        0        0        0        0        0 3.41e-32
    95.8        0        0        0        0        0        0 2.79e-32
      96        0        0        0        0        0        0 2.28e-32
    96.2        0        0        0        0        0        0 1.87e-32
    96.4        0        0        0        0        0        0 1.53e-32
    96.6        0        0        0        0        0        0 1.25e-32
    96.8        0        0        0        0        0        0 1.03e-32
      97        0        0        0        0        0        0  8.4e-33
    97.2        0        0        0        0        0        0 6.88e-33
    97.4        0        0        0        0        0        0 5.63e-33
    97.6        0        0        0        0        0        0 4.61e-33
    97.8        0        0        0        0        0        0 3.78e-33
      98        0        0        0        0        0        0 3.09e-33
    98.2        0        0        0        0        0        0 2.53e-33
    98.4        0        0        0        0        0        0 2.07e-33
    98.6        0        0        0        0        0        0  1.7e-33
    98.8        0        0        0        0        0        0 1.39e-33
      99        0        0        0        0        0        0 1.14e-33
    99.2        0        0        0        0        0        0 9.31e-34
    99.4        0        0        0        0        0        0 7.62e-34
    99.6        0        0        0        0        0        0  6.1e-34
    99.8        0        0        0        0        0        0 5.19e-34
