     -25        0        0        0        0        0        0 1.51e-05
   -24.8        0        0        0        0        0        0 1.67e-05
   -24.6        0        0        0        0        0        0 1.85e-05
   -24.4        0        0        0        0        0        0 2.04e-05
   -24.2        0        0        0        0        0        0 2.25e-05
     -24        0        0        0        0        0        0 2.49e-05
   -23.8        0        0        0        0        0        0 2.75e-05
   -23.6        0        0        0        0        0        0 3.04e-05
   -23.4        0        0        0        0        0        0 3.36e-05
   -23.2        0        0        0        0        0        0 3.72e-05
     -23        0        0        0        0        0        0 4.11e-05
   -22.8        0        0        0        0        0        0 4.54e-05
   -22.6        0        0        0        0        0        0 5.02e-05
   -22.4        0        0        0        0        0        0 5.55e-05
   -22.2        0        0        0        0        0        0 6.13e-05
     -22        0        0        0        0        0        0 6.77e-05
   -21.8        0        0        0        0        0        0 7.49e-05
   -21.6        0        0        0        0        0        0 8.27e-05
   -21.4        0        0        0        0        0        0 9.14e-05
   -21.2        0        0        0        0        0        0 0.000101
     -21        0        0        0        0        0        0 0.000112
   -20.8        0        0        0        0        0        0 0.000123
   -20.6        0        0        0        0        0        0 0.000136
   -20.4        0        0        0        0        0        0 0.000151
   -20.2        0        0        0        0        0        0 0.000167
     -20        0        0        0        0        0        0 0.000184
   -19.8        0        0        0        0        0        0 0.000203
   -19.6        0        0        0        0        0        0 0.000225
   -19.4        0        0        0        0        0        0 0.000248
   -19.2        0        0        0        0        0        0 0.000275
     -19        0        0        0        0        0        0 0.000303
   -18.8        0        0        0        0        0        0 0.000335
   -18.6        0        0        0        0        0        0  0.00037
   -18.4        0        0        0        0        0        0 0.000409
   -18.2        0        0        0        0        0        0 0.000452
     -18        0        0        0        0        0        0   0.0005
   -17.8        0        0        0        0        0        0 0.000553
   -17.6        0        0        0        0        0        0  0.00061
   -17.4        0        0        0        0        0        0 0.000675
   -17.2        0        0        0        0        0        0 0.000745
     -17        0        0        0        0        0        0 0.000824
   -16.8        0        0        0        0        0        0  0.00091
   -16.6        0        0        0        0        0        0  0.00101
   -16.4        0        0        0        0        0        0  0.00111
   -16.2        0        0        0        0        0        0  0.00123
     -16        0        0        0        0        0        0  0.00136
   -15.8        0        0        0        0        0        0   0.0015
   -15.6        0        0        0        0        0        0  0.00166
   -15.4        0        0        0        0        0        0  0.00183
   -15.2        0        0        0        0        0        0  0.00202
     -15        0        0        0        0        0        0  0.00223
   -14.8        0        0        0        0        0        0  0.00246
   -14.6        0        0        0        0        0        0  0.00272
   -14.4        0        0        0        0        0        0  0.00301
   -14.2        0        0        0        0        0        0  0.00332
     -14        0        0        0        0        0        0  0.00367
   -13.8        0        0        0        0        0        0  0.00405
   -13.6        0        0        0        0        0        0  0.00447
   -13.4        0        0        0        0        0        0  0.00493
   -13.2        0        0        0        0        0        0  0.00544
     -13        0        0        0        0        0        0  0.00601
   -12.8        0        0        0        0        0        0  0.00663
   -12.6        0        0        0        0        0        0  0.00732
   -12.4        0        0        0        0        0        0  0.00807
   -12.2        0        0        0        0        0        0   0.0089
     -12        0        0        0        0        0        0  0.00982
   -11.8        0        0        0        0        0        0   0.0108
   -11.6        0        0        0        0        0        0   0.0119
   -11.4        0        0        0        0        0        0   0.0131
   -11.2        0        0        0        0        0        0   0.0145
     -11        0        0        0        0        0        0   0.0159
   -10.8        0        0        0        0        0        0   0.0175
   -10.6        0        0        0        0        0        0   0.0193
   -10.4        0        0        0        0        0        0   0.0213
   -10.2        0        0        0        0        0        0   0.0233
     -10        0        0        0        0        0        0   0.0257
    -9.8        0        0        0        0        0        0   0.0282
    -9.6        0        0        0        0        0        0   0.0309
    -9.4        0        0        0        0        0        0   0.0339
    -9.2        0        0        0        0        0        0   0.0372
      -9        0        0        0        0        0        0   0.0407
    -8.8        0        0        0        0        0        0   0.0446
    -8.6        0        0        0        0        0        0   0.0488
    -8.4        0        0        0        0        0        0   0.0533
    -8.2        0        0        0        0        0        0   0.0581
      -8        0        0        0        0        0        0   0.0634
    -7.8        0        0        0        0        0        0   0.0691
    -7.6        0        0        0        0        0        0   0.0752
    -7.4        0        0        0        0        0        0   0.0818
    -7.2        0        0        0        0        0        0   0.0889
      -7        0        0        0        0        0        0   0.0963
    -6.8        0        0        0        0        0        0    0.104
    -6.6        0        0        0        0        0        0    0.113
    -6.4        0        0        0        0        0        0    0.122
    -6.2        0        0        0        0        0        0    0.131
      -6        0        0        0        0        0        0    0.142
    -5.8        0        0        0        0        0        0    0.152
    -5.6        0        0        0        0        0        0    0.163
    -5.4        0        0        0        0        0        0    0.175
    -5.2        0        0        0        0        0        0    0.187
      -5        0        0        0        0        0        0      0.2
    -4.8        0        0        0        0        0        0    0.213
    -4.6        0        0        0        0        0        0    0.227
    -4.4        0        0        0        0        0        0    0.244
    -4.2        0        0        0        0        0        0    0.257
      -4        0        0        0        0        0        0    0.273
    -3.8        0        0        0        0        0        0    0.288
    -3.6        0        0        0        0        0        0    0.304
    -3.4        0        0        0        0        0        0     0.32
    -3.2        0        0        0        0        0        0    0.337
      -3        0        0        0        0        0        0    0.354
    -2.8        0        0        0        0        0        0    0.372
    -2.6        0        0        0        0        0        0    0.389
    -2.4        0        0        0        0        0        0    0.407
    -2.2        0        0        0        0        0        0    0.425
      -2        0        0        0        0        0        0    0.443
    -1.8        0        0        0        0        0        0    0.462
    -1.6        0        0        0        0        0        0     0.48
    -1.4        0        0        0        0        0        0    0.498
    -1.2        0        0        0        0        0        0    0.516
      -1        0        0        0        0        0        0    0.534
    -0.8        0        0        0        0        0        0    0.553
    -0.6        0        0        0        0        0        0     0.57
    -0.4        0        0        0        0        0        0    0.588
    -0.2        0        0        0        0        0        0    0.605
1.95e-14        0        0        0        0        0        0    0.622
     0.2        0        0        0        0        0        0    0.638
     0.4        0        0        0        0        0        0    0.655
     0.6        0        0        0        0        0        0     0.67
     0.8        0        0        0        0        0        0    0.686
       1        0        0        0        0        0        0    0.701
     1.2        0        0        0        0        0        0    0.715
     1.4        0        0        0        0        0        0    0.729
     1.6        0        0        0        0        0        0    0.742
     1.8        0        0        0        0        0        0    0.755
       2        0        0        0        0        0        0    0.767
     2.2        0        0        0        0        0        0    0.779
     2.4        0        0        0        0        0        0     0.79
     2.6        0        0        0        0        0        0    0.801
     2.8        0        0        0        0        0        0    0.811
       3        0        0        0        0        0        0    0.821
     3.2        0        0        0        0        0        0     0.83
     3.4        0        0        0        0        0        0    0.838
     3.6        0        0        0        0        0        0    0.846
     3.8        0        0        0        0        0        0    0.853
       4        0        0        0        0        0        0     0.86
     4.2        0        0        0        0        0        0    0.867
     4.4        0        0        0        0        0        0    0.873
     4.6        0        0        0        0        0        0    0.878
     4.8        0        0        0        0        0        0    0.884
       5        0        0        0        0        0        0    0.888
     5.2        0        0        0        0        0        0    0.893
     5.4        0        0        0        0        0        0    0.897
     5.6        0        0        0        0        0        0    0.901
     5.8        0        0        0        0        0        0    0.904
       6        0        0        0        0        0        0    0.907
     6.2        0        0        0        0        0        0     0.91
     6.4        0        0        0        0        0        0    0.913
     6.6        0        0        0        0        0        0    0.915
     6.8        0        0        0        0        0        0    0.917
       7        0        0        0        0        0        0    0.919
     7.2        0        0        0        0        0        0    0.921
     7.4        0        0        0        0        0        0    0.923
     7.6        0        0        0        0        0        0    0.924
     7.8        0        0        0        0        0        0    0.926
       8        0        0        0        0        0        0    0.927
     8.2        0        0        0        0        0        0    0.928
     8.4        0        0        0        0        0        0    0.929
     8.6        0        0        0        0        0        0    0.929
     8.8        0        0        0        0        0        0     0.93
       9        0        0        0        0        0        0     0.93
     9.2        0        0        0        0        0        0    0.931
     9.4        0        0        0        0        0        0    0.931
     9.6        0        0        0        0        0        0    0.932
     9.8        0        0        0        0        0        0    0.932
      10        0        0        0        0        0        0    0.932
    10.2        0        0        0        0        0        0    0.932
    10.4        0        0        0        0        0        0    0.932
    10.6        0        0        0        0        0        0    0.931
    10.8        0        0        0        0        0        0    0.931
      11        0        0        0        0        0        0     0.93
    11.2        0        0        0        0        0        0     0.93
    11.4        0        0        0        0        0        0    0.929
    11.6        0        0        0        0        0        0    0.929
    11.8        0        0        0        0        0        0    0.928
      12        0        0        0        0        0        0    0.927
    12.2        0        0        0        0        0        0    0.926
    12.4        0        0        0        0        0        0    0.924
    12.6        0        0        0        0        0        0    0.923
    12.8        0        0        0        0        0        0    0.921
      13        0        0        0        0        0        0    0.919
    13.2        0        0        0        0        0        0    0.917
    13.4        0        0        0        0        0        0    0.915
    13.6        0        0        0        0        0        0    0.913
    13.8        0        0        0        0        0        0     0.91
      14        0        0        0        0        0        0    0.907
    14.2        0        0        0        0        0        0    0.904
    14.4        0        0        0        0        0        0    0.901
    14.6        0        0        0        0        0        0    0.897
    14.8        0        0        0        0        0        0    0.893
      15        0        0        0        0        0        0    0.888
    15.2        0        0        0        0        0        0    0.884
    15.4        0        0        0        0        0        0    0.878
    15.6        0        0        0        0        0        0    0.873
    15.8        0        0        0        0        0        0    0.867
      16        0        0        0        0        0        0     0.86
    16.2        0        0        0        0        0        0    0.853
    16.4        0        0        0        0        0        0    0.846
    16.6        0        0        0        0        0        0    0.838
    16.8        0        0        0        0        0        0     0.83
      17        0        0        0        0        0        0    0.821
    17.2        0        0        0        0        0        0    0.811
    17.4        0        0        0        0        0        0    0.801
    17.6        0        0        0        0        0        0     0.79
    17.8        0        0        0        0        0        0    0.779
      18        0        0        0        0        0        0    0.767
    18.2        0        0        0        0        0        0    0.755
    18.4        0        0        0        0        0        0    0.742
    18.6        0        0        0        0        0        0    0.729
    18.8        0        0        0        0        0        0    0.715
      19        0        0        0        0        0        0    0.701
    19.2        0        0        0        0        0        0    0.686
    19.4        0        0        0        0        0        0     0.67
    19.6        0        0        0        0        0        0    0.655
    19.8        0        0        0        0        0        0    0.638
      20        0        0        0        0        0        0    0.622
    20.2        0        0        0        0        0        0    0.605
    20.4        0        0        0        0        0        0    0.588
    20.6        0        0        0        0        0        0     0.57
    20.8        0        0        0        0        0        0    0.553
      21        0        0        0        0        0        0    0.534
    21.2        0        0        0        0        0        0    0.516
    21.4        0        0        0        0        0        0    0.498
    21.6        0        0        0        0        0        0     0.48
    21.8        0        0        0        0        0        0    0.462
      22        0        0        0        0        0        0    0.443
    22.2        0        0        0        0        0        0    0.425
    22.4        0        0        0        0        0        0    0.407
    22.6        0        0        0        0        0        0    0.389
    22.8        0        0        0        0        0        0    0.372
      23        0        0        0        0        0        0    0.354
    23.2        0        0        0        0        0        0    0.337
    23.4        0        0        0        0        0        0     0.32
    23.6        0        0        0        0        0        0    0.304
    23.8        0        0        0        0        0        0    0.288
      24        0        0        0        0        0        0    0.273
    24.2        0        0        0        0        0        0    0.257
    24.4        0        0        0        0        0        0    0.244
    24.6        0        0        0        0        0        0    0.227
    24.8        0        0        0        0        0        0    0.213
      25        0        0        0        0        0        0      0.2
    25.2        0        0        0        0        0        0    0.187
    25.4        0        0        0        0        0        0    0.175
    25.6        0        0        0        0        0        0    0.163
    25.8        0        0        0        0        0        0    0.152
      26        0        0        0        0        0        0    0.142
    26.2        0        0        0        0        0        0    0.131
    26.4        0        0        0        0        0        0    0.122
    26.6        0        0        0        0        0        0    0.113
    26.8        0        0        0        0        0        0    0.104
      27        0        0        0        0        0        0   0.0963
    27.2        0        0        0        0        0        0   0.0889
    27.4        0        0        0        0        0        0   0.0818
    27.6        0        0        0        0        0        0   0.0752
    27.8        0        0        0        0        0        0   0.0691
      28        0        0        0        0        0        0   0.0634
    28.2        0        0        0        0        0        0   0.0581
    28.4        0        0        0        0        0        0   0.0533
    28.6        0        0        0        0        0        0   0.0488
    28.8        0        0        0        0        0        0   0.0446
      29        0        0        0        0        0        0   0.0407
    29.2        0        0        0        0        0        0   0.0372
    29.4        0        0        0        0        0        0   0.0339
    29.6        0        0        0        0        0        0   0.0309
    29.8        0        0        0        0        0        0   0.0282
      30        0        0        0        0        0        0   0.0257
    30.2        0        0        0        0        0        0   0.0233
    30.4        0        0        0        0        0        0   0.0213
    30.6        0        0        0        0        0        0   0.0193
    30.8        0        0        0        0        0        0   0.0175
      31        0        0        0        0        0        0   0.0159
    31.2        0        0        0        0        0        0   0.0145
    31.4        0        0        0        0        0        0   0.0131
    31.6        0        0        0        0        0        0   0.0119
    31.8        0        0        0        0        0        0   0.0108
      32        0        0        0        0        0        0  0.00982
    32.2        0        0        0        0        0        0   0.0089
    32.4        0        0        0        0        0        0  0.00807
    32.6        0        0        0        0        0        0  0.00732
    32.8        0        0        0        0        0        0  0.00663
      33        0        0        0        0        0        0  0.00601
    33.2        0        0        0        0        0        0  0.00544
    33.4        0        0        0        0        0        0  0.00493
    33.6        0        0        0        0        0        0  0.00447
    33.8        0        0        0        0        0        0  0.00405
      34        0        0        0        0        0        0  0.00367
    34.2        0        0        0        0        0        0  0.00332
    34.4        0        0        0        0        0        0  0.00301
    34.6        0        0        0        0        0        0  0.00272
    34.8        0        0        0        0        0        0  0.00246
      35        0        0        0        0        0        0  0.00223
    35.2        0        0        0        0        0        0  0.00202
    35.4        0        0        0        0        0        0  0.00183
    35.6        0        0        0        0        0        0  0.00166
    35.8        0        0        0        0        0        0   0.0015
      36        0        0        0        0        0        0  0.00136
    36.2        0        0        0        0        0        0  0.00123
    36.4        0        0        0        0        0        0  0.00111
    36.6        0        0        0        0        0        0  0.00101
    36.8        0        0        0        0        0        0  0.00091
      37        0        0        0        0        0        0 0.000824
    37.2        0        0        0        0        0        0 0.000745
    37.4        0        0        0        0        0        0 0.000675
    37.6        0        0        0        0        0        0  0.00061
    37.8        0        0        0        0        0        0 0.000553
      38        0        0        0        0        0        0   0.0005
    38.2        0        0        0        0        0        0 0.000452
    38.4        0        0        0        0        0        0 0.000409
    38.6        0        0        0        0        0        0  0.00037
    38.8        0        0        0        0        0        0 0.000335
      39        0        0        0        0        0        0 0.000303
    39.2        0        0        0        0        0        0 0.000275
    39.4        0        0        0        0        0        0 0.000248
    39.6        0        0        0        0        0        0 0.000225
    39.8        0        0        0        0        0        0 0.000203
      40        0        0        0        0        0        0 0.000184
    40.2        0        0        0        0        0        0 0.000167
    40.4        0        0        0        0        0        0 0.000151
    40.6        0        0        0        0        0        0 0.000136
    40.8        0        0        0        0        0        0 0.000123
      41        0        0        0        0        0        0 0.000112
    41.2        0        0        0        0        0        0 0.000101
    41.4        0        0        0        0        0        0 9.14e-05
    41.6        0        0        0        0        0        0 8.27e-05
    41.8        0        0        0        0        0        0 7.49e-05
      42        0        0        0        0        0        0 6.77e-05
    42.2        0        0        0        0        0        0 6.13e-05
    42.4        0        0        0        0        0        0 5.55e-05
    42.6        0        0        0        0        0        0 5.02e-05
    42.8        0        0        0        0        0        0 4.54e-05
      43        0        0        0        0        0        0 4.11e-05
    43.2        0        0        0        0        0        0 3.72e-05
    43.4        0        0        0        0        0        0 3.36e-05
    43.6        0        0        0        0        0        0 3.04e-05
    43.8        0        0        0        0        0        0 2.75e-05
      44        0        0        0        0        0        0 2.49e-05
    44.2        0        0        0        0        0        0 2.25e-05
    44.4        0        0        0        0        0        0 2.04e-05
    44.6        0        0        0        0        0        0 1.85e-05
    44.8        0        0        0        0        0        0 1.67e-05
      45        0        0        0        0        0        0 1.51e-05
    45.2        0        0        0        0        0        0 1.37e-05
    45.4        0        0        0        0        0        0 1.24e-05
    45.6        0        0        0        0        0        0 1.12e-05
    45.8        0        0        0        0        0        0 1.01e-05
      46        0        0        0        0        0        0 9.17e-06
    46.2        0        0        0        0        0        0  8.3e-06
    46.4        0        0        0        0        0        0 7.51e-06
    46.6        0        0        0        0        0        0 6.79e-06
    46.8        0        0        0        0        0        0 6.15e-06
      47        0        0        0        0        0        0 5.56e-06
    47.2        0        0        0        0        0        0 5.03e-06
    47.4        0        0        0        0        0        0 4.55e-06
    47.6        0        0        0        0        0        0 4.12e-06
    47.8        0        0        0        0        0        0 3.73e-06
      48        0        0        0        0        0        0 3.37e-06
    48.2        0        0        0        0        0        0 3.05e-06
    48.4        0        0        0        0        0        0 2.76e-06
    48.6        0        0        0        0        0        0  2.5e-06
    48.8        0        0        0        0        0        0 2.26e-06
      49        0        0        0        0        0        0 2.05e-06
    49.2        0        0        0        0        0        0 1.85e-06
    49.4        0        0        0        0        0        0 1.67e-06
    49.6        0        0        0        0        0        0 1.52e-06
    49.8        0        0        0        0        0        0 1.37e-06
      50        0        0        0        0        0        0 1.24e-06
    50.2        0        0        0        0        0        0 1.12e-06
    50.4        0        0        0        0        0        0 1.02e-06
    50.6        0        0        0        0        0        0 9.18e-07
    50.8        0        0        0        0        0        0 8.32e-07
      51        0        0        0        0        0        0 7.53e-07
    51.2        0        0        0        0        0        0 6.81e-07
    51.4        0        0        0        0        0        0 6.16e-07
    51.6        0        0        0        0        0        0 5.58e-07
    51.8        0        0        0        0        0        0 5.04e-07
      52        0        0        0        0        0        0 4.56e-07
    52.2        0        0        0        0        0        0 4.13e-07
    52.4        0        0        0        0        0        0 3.74e-07
    52.6        0        0        0        0        0        0 3.38e-07
    52.8        0        0        0        0        0        0 3.06e-07
      53        0        0        0        0        0        0 2.77e-07
    53.2        0        0        0        0        0        0  2.5e-07
    53.4        0        0        0        0        0        0 2.27e-07
    53.6        0        0        0        0        0        0 2.05e-07
    53.8        0        0        0        0        0        0 1.86e-07
      54        0        0        0        0        0        0 1.68e-07
    54.2        0        0        0        0        0        0 1.52e-07
    54.4        0        0        0        0        0        0 1.38e-07
    54.6        0        0        0        0        0        0 9.48e-08
      61        0        0        0        0        0        0        0
    61.2        0        0        0        0        0        0 4.59e-09
    61.4        0        0        0        0        0        0 4.15e-09
    61.6        0        0        0        0        0        0 3.76e-09
    61.8        0        0        0        0        0        0  3.4e-09
      62        0        0        0        0        0        0 3.08e-09
    62.2        0        0        0        0        0        0 2.78e-09
    62.4        0        0        0        0        0        0 2.52e-09
    62.6        0        0        0        0        0        0 2.28e-09
    62.8        0        0        0        0        0        0 2.06e-09
      63        0        0        0        0        0        0 1.87e-09
    63.2        0        0        0        0        0        0 1.69e-09
    63.4        0        0        0        0        0        0 1.53e-09
    63.6        0        0        0        0        0        0 1.38e-09
    63.8        0        0        0        0        0        0 1.25e-09
      64        0        0        0        0        0        0 1.13e-09
    64.2        0        0        0        0        0        0 1.02e-09
    64.4        0        0        0        0        0        0 9.27e-10
    64.6        0        0        0        0        0        0 8.38e-10
    64.8        0        0        0        0        0        0 7.58e-10
      65        0        0        0        0        0        0 6.86e-10
    65.2        0        0        0        0        0        0 6.21e-10
    65.4        0        0        0        0        0        0 5.62e-10
    65.6        0        0        0        0        0        0 5.08e-10
    65.8        0        0        0        0        0        0  4.6e-10
      66        0        0        0        0        0        0 4.16e-10
    66.2        0        0        0        0        0        0 3.77e-10
    66.4        0        0        0        0        0        0 3.41e-10
    66.6        0        0        0        0        0        0 3.08e-10
    66.8        0        0        0        0        0        0 2.79e-10
      67        0        0        0        0        0        0 2.52e-10
    67.2        0        0        0        0        0        0 2.28e-10
    67.4        0        0        0        0        0        0 2.07e-10
    67.6        0        0        0        0        0        0 1.87e-10
    67.8        0        0        0        0        0        0 1.69e-10
      68        0        0        0        0        0        0 1.53e-10
    68.2        0        0        0        0        0        0 1.39e-10
    68.4        0        0        0        0        0        0 1.25e-10
    68.6        0        0        0        0        0        0 1.13e-10
    68.8        0        0        0        0        0        0 7.99e-11
    73.6        0        0        0        0        0        0 1.37e-12
    73.8        0        0        0        0        0        0 8.43e-12
      74        0        0        0        0        0        0 7.62e-12
    74.2        0        0        0        0        0        0  6.9e-12
    74.4        0        0        0        0        0        0 6.24e-12
    74.6        0        0        0        0        0        0 5.65e-12
    74.8        0        0        0        0        0        0 5.11e-12
      75        0        0        0        0        0        0 4.62e-12
    75.2        0        0        0        0        0        0 4.18e-12
    75.4        0        0        0        0        0        0 3.79e-12
    75.6        0        0        0        0        0        0 3.43e-12
    75.8        0        0        0        0        0        0  3.1e-12
      76        0        0        0        0        0        0  2.8e-12
    76.2        0        0        0        0        0        0 2.54e-12
    76.4        0        0        0        0        0        0 2.29e-12
    76.6        0        0        0        0        0        0 2.08e-12
    76.8        0        0        0        0        0        0 1.88e-12
      77        0        0        0        0        0        0  1.7e-12
    77.2        0        0        0        0        0        0 1.54e-12
    77.4        0        0        0        0        0        0 1.39e-12
    77.6        0        0        0        0        0        0 1.26e-12
    77.8        0        0        0        0        0        0 1.14e-12
      78        0        0        0        0        0        0 1.03e-12
    78.2        0        0        0        0        0        0 9.34e-13
    78.4        0        0        0        0        0        0 8.45e-13
    78.6        0        0        0        0        0        0 7.64e-13
    78.8        0        0        0        0        0        0 6.92e-13
      79        0        0        0        0        0        0 6.26e-13
    79.2        0        0        0        0        0        0 5.66e-13
    79.4        0        0        0        0        0        0 5.12e-13
    79.6        0        0        0        0        0        0 4.64e-13
    79.8        0        0        0        0        0        0 4.19e-13
      80        0        0        0        0        0        0  3.8e-13
    80.2        0        0        0        0        0        0 3.43e-13
    80.4        0        0        0        0        0        0 3.11e-13
    80.6        0        0        0        0        0        0 2.81e-13
    80.8        0        0        0        0        0        0 2.54e-13
      81        0        0        0        0        0        0  2.3e-13
    81.2        0        0        0        0        0        0 2.08e-13
    81.4        0        0        0        0        0        0 1.88e-13
    81.6        0        0        0        0        0        0 1.71e-13
    81.8        0        0        0        0        0        0 1.54e-13
      82        0        0        0        0        0        0  1.4e-13
    82.2        0        0        0        0        0        0 1.26e-13
    82.4        0        0        0        0        0        0 1.14e-13
    82.6        0        0        0        0        0        0 1.03e-13
    82.8        0        0        0        0        0        0 9.36e-14
      83        0        0        0        0        0        0 8.47e-14
    83.2        0        0        0        0        0        0 7.66e-14
    83.4        0        0        0        0        0        0 6.93e-14
    83.6        0        0        0        0        0        0 6.27e-14
    83.8        0        0        0        0        0        0 5.68e-14
      84        0        0        0        0        0        0 5.14e-14
    84.2        0        0        0        0        0        0 4.65e-14
    84.4        0        0        0        0        0        0 4.21e-14
    84.6        0        0        0        0        0        0 3.81e-14
    84.8        0        0        0        0        0        0 3.44e-14
      85        0        0        0        0        0        0 3.12e-14
    85.2        0        0        0        0        0        0 2.82e-14
    85.4        0        0        0        0        0        0 2.55e-14
    85.6        0        0        0        0        0        0 2.31e-14
    85.8        0        0        0        0        0        0 2.09e-14
      86        0        0        0        0        0        0 1.89e-14
    86.2        0        0        0        0        0        0 1.71e-14
    86.4        0        0        0        0        0        0 1.55e-14
    86.6        0        0        0        0        0        0  1.4e-14
    86.8        0        0        0        0        0        0 1.27e-14
      87        0        0        0        0        0        0 1.15e-14
    87.2        0        0        0        0        0        0 1.04e-14
    87.4        0        0        0        0        0        0 9.38e-15
    87.6        0        0        0        0        0        0 8.49e-15
    87.8        0        0        0        0        0        0 7.68e-15
      88        0        0        0        0        0        0 6.95e-15
    88.2        0        0        0        0        0        0 6.29e-15
    88.4        0        0        0        0        0        0 5.69e-15
    88.6        0        0        0        0        0        0 5.15e-15
    88.8        0        0        0        0        0        0 4.66e-15
      89        0        0        0        0        0        0 4.22e-15
    89.2        0        0        0        0        0        0 3.82e-15
    89.4        0        0        0        0        0        0 3.45e-15
    89.6        0        0        0        0        0        0 3.12e-15
    89.8        0        0        0        0        0        0 2.83e-15
      90        0        0        0        0        0        0 2.56e-15
    90.2        0        0        0        0        0        0 2.31e-15
    90.4        0        0        0        0        0        0 2.09e-15
    90.6        0        0        0        0        0        0 1.89e-15
    90.8        0        0        0        0        0        0 1.71e-15
      91        0        0        0        0        0        0 1.55e-15
    91.2        0        0        0        0        0        0 1.41e-15
    91.4        0        0        0        0        0        0 1.27e-15
    91.6        0        0        0        0        0        0 1.15e-15
    91.8        0        0        0        0        0        0 1.04e-15
      92        0        0        0        0        0        0 9.41e-16
    92.2        0        0        0        0        0        0 8.51e-16
    92.4        0        0        0        0        0        0  7.7e-16
    92.6        0        0        0        0        0        0 6.97e-16
    92.8        0        0        0        0        0        0 6.31e-16
      93        0        0        0        0        0        0 5.71e-16
    93.2        0        0        0        0        0        0 5.16e-16
    93.4        0        0        0        0        0        0 4.67e-16
    93.6        0        0        0        0        0        0 4.23e-16
    93.8        0        0        0        0        0        0 3.83e-16
      94        0        0        0        0        0        0 3.46e-16
    94.2        0        0        0        0        0        0 3.13e-16
    94.4        0        0        0        0        0        0 2.83e-16
    94.6        0        0        0        0        0        0 2.56e-16
    94.8        0        0        0        0        0        0 2.32e-16
      95        0        0        0        0        0        0  2.1e-16
    95.2        0        0        0        0        0        0  1.9e-16
    95.4        0        0        0        0        0        0 1.72e-16
    95.6        0        0        0        0        0        0 1.56e-16
    95.8        0        0        0        0        0        0 1.41e-16
      96        0        0        0        0        0        0 1.27e-16
    96.2        0        0        0        0        0        0 1.15e-16
    96.4        0        0        0        0        0        0 1.04e-16
    96.6        0        0        0        0        0        0 9.43e-17
    96.8        0        0        0        0        0        0 8.54e-17
      97        0        0        0        0        0        0 7.72e-17
    97.2        0        0        0        0        0        0 6.99e-17
    97.4        0        0        0        0        0        0 6.32e-17
    97.6        0        0        0        0        0        0 5.72e-17
    97.8        0        0        0        0        0        0 5.18e-17
      98        0        0        0        0        0        0 4.68e-17
    98.2        0        0        0        0        0        0 4.24e-17
    98.4        0        0        0        0        0        0 3.84e-17
    98.6        0        0        0        0        0        0 3.47e-17
    98.8        0        0        0        0        0        0 3.14e-17
      99        0        0        0        0        0        0 2.84e-17
    99.2        0        0        0        0        0        0 2.57e-17
    99.4        0        0        0        0        0        0 2.33e-17
    99.6        0        0        0        0        0        0  2.1e-17
    99.8        0        0        0        0        0        0 1.89e-17
