     -25        0        0        0        0        0        0   0.0561
   -24.8        0        0        0        0        0        0   0.0576
   -24.6        0        0        0        0        0        0   0.0592
   -24.4        0        0        0        0        0        0   0.0608
   -24.2        0        0        0        0        0        0   0.0624
     -24        0        0        0        0        0        0   0.0641
   -23.8        0        0        0        0        0        0   0.0658
   -23.6        0        0        0        0        0        0   0.0676
   -23.4        0        0        0        0        0        0   0.0694
   -23.2        0        0        0        0        0        0   0.0712
     -23        0        0        0        0        0        0   0.0731
   -22.8        0        0        0        0        0        0   0.0751
   -22.6        0        0        0        0        0        0   0.0771
   -22.4        0        0        0        0        0        0   0.0791
   -22.2        0        0        0        0        0        0   0.0812
     -22        0        0        0        0        0        0   0.0834
   -21.8        0        0        0        0        0        0   0.0855
   -21.6        0        0        0        0        0        0   0.0878
   -21.4        0        0        0        0        0        0   0.0901
   -21.2        0        0        0        0        0        0   0.0924
     -21        0        0        0        0        0        0   0.0948
   -20.8        0        0        0        0        0        0   0.0973
   -20.6        0        0        0        0        0        0   0.0998
   -20.4        0        0        0        0        0        0    0.102
   -20.2        0        0        0        0        0        0    0.105
     -20        0        0        0        0        0        0    0.108
   -19.8        0        0        0        0        0        0     0.11
   -19.6        0        0        0        0        0        0    0.113
   -19.4        0        0        0        0        0        0    0.116
   -19.2        0        0        0        0        0        0    0.119
     -19        0        0        0        0        0        0    0.122
   -18.8        0        0        0        0        0        0    0.125
   -18.6        0        0        0        0        0        0    0.128
   -18.4        0        0        0        0        0        0    0.131
   -18.2        0        0        0        0        0        0    0.135
     -18        0        0        0        0        0        0    0.138
   -17.8        0        0        0        0        0        0    0.141
   -17.6        0        0        0        0        0        0    0.145
   -17.4        0        0        0        0        0        0    0.148
   -17.2        0        0        0        0        0        0    0.152
     -17        0        0        0        0        0        0    0.156
   -16.8        0        0        0        0        0        0    0.159
   -16.6        0        0        0        0        0        0    0.163
   -16.4        0        0        0        0        0        0    0.167
   -16.2        0        0        0        0        0        0    0.171
     -16        0        0        0        0        0        0    0.175
   -15.8        0        0        0        0        0        0    0.179
   -15.6        0        0        0        0        0        0    0.183
   -15.4        0        0        0        0        0        0    0.187
   -15.2        0        0        0        0        0        0    0.192
     -15        0        0        0        0        0        0    0.196
   -14.8        0        0        0        0        0        0    0.201
   -14.6        0        0        0        0        0        0    0.205
   -14.4        0        0        0        0        0        0     0.21
   -14.2        0        0        0        0        0        0    0.214
     -14        0        0        0        0        0        0    0.219
   -13.8        0        0        0        0        0        0    0.224
   -13.6        0        0        0        0        0        0    0.229
   -13.4        0        0        0        0        0        0    0.234
   -13.2        0        0        0        0        0        0    0.239
     -13        0        0        0        0        0        0    0.244
   -12.8        0        0        0        0        0        0    0.249
   -12.6        0        0        0        0        0        0    0.254
   -12.4        0        0        0        0        0        0     0.26
   -12.2        0        0        0        0        0        0    0.265
     -12        0        0        0        0        0        0    0.271
   -11.8        0        0        0        0        0        0    0.276
   -11.6        0        0        0        0        0        0    0.282
   -11.4        0        0        0        0        0        0    0.287
   -11.2        0        0        0        0        0        0    0.293
     -11        0        0        0        0        0        0    0.299
   -10.8        0        0        0        0        0        0    0.305
   -10.6        0        0        0        0        0        0     0.31
   -10.4        0        0        0        0        0        0    0.316
   -10.2        0        0        0        0        0        0    0.322
     -10        0        0        0        0        0        0    0.328
    -9.8        0        0        0        0        0        0    0.335
    -9.6        0        0        0        0        0        0    0.341
    -9.4        0        0        0        0        0        0    0.347
    -9.2        0        0        0        0        0        0    0.353
      -9        0        0        0        0        0        0     0.36
    -8.8        0        0        0        0        0        0    0.366
    -8.6        0        0        0        0        0        0    0.372
    -8.4        0        0        0        0        0        0    0.379
    -8.2        0        0        0        0        0        0    0.385
      -8        0        0        0        0        0        0    0.392
    -7.8        0        0        0        0        0        0    0.398
    -7.6        0        0        0        0        0        0    0.405
    -7.4        0        0        0        0        0        0    0.411
    -7.2        0        0        0        0        0        0    0.418
      -7        0        0        0        0        0        0    0.425
    -6.8        0        0        0        0        0        0    0.431
    -6.6        0        0        0        0        0        0    0.438
    -6.4        0        0        0        0        0        0    0.445
    -6.2        0        0        0        0        0        0    0.451
      -6        0        0        0        0        0        0    0.458
    -5.8        0        0        0        0        0        0    0.465
    -5.6        0        0        0        0        0        0    0.471
    -5.4        0        0        0        0        0        0    0.478
    -5.2        0        0        0        0        0        0    0.485
      -5        0        0        0        0        0        0    0.491
    -4.8        0        0        0        0        0        0    0.498
    -4.6        0        0        0        0        0        0    0.505
    -4.4        0        0        0        0        0        0    0.511
    -4.2        0        0        0        0        0        0    0.518
      -4        0        0        0        0        0        0    0.525
    -3.8        0        0        0        0        0        0    0.531
    -3.6        0        0        0        0        0        0    0.538
    -3.4        0        0        0        0        0        0    0.544
    -3.2        0        0        0        0        0        0    0.551
      -3        0        0        0        0        0        0    0.557
    -2.8        0        0        0        0        0        0    0.563
    -2.6        0        0        0        0        0        0     0.57
    -2.4        0        0        0        0        0        0    0.576
    -2.2        0        0        0        0        0        0    0.582
      -2        0        0        0        0        0        0    0.589
    -1.8        0        0        0        0        0        0    0.595
    -1.6        0        0        0        0        0        0    0.601
    -1.4        0        0        0        0        0        0    0.607
    -1.2        0        0        0        0        0        0    0.613
      -1        0        0        0        0        0        0    0.619
    -0.8        0        0        0        0        0        0    0.625
    -0.6        0        0        0        0        0        0     0.63
    -0.4        0        0        0        0        0        0    0.636
    -0.2        0        0        0        0        0        0    0.642
1.95e-14        0        0        0        0        0        0    0.647
     0.2        0        0        0        0        0        0    0.653
     0.4        0        0        0        0        0        0    0.658
     0.6        0        0        0        0        0        0    0.663
     0.8        0        0        0        0        0        0    0.668
       1        0        0        0        0        0        0    0.674
     1.2        0        0        0        0        0        0    0.679
     1.4        0        0        0        0        0        0    0.683
     1.6        0        0        0        0        0        0    0.688
     1.8        0        0        0        0        0        0    0.693
       2        0        0        0        0        0        0    0.698
     2.2        0        0        0        0        0        0    0.702
     2.4        0        0        0        0        0        0    0.707
     2.6        0        0        0        0        0        0    0.711
     2.8        0        0        0        0        0        0    0.715
       3        0        0        0        0        0        0    0.719
     3.2        0        0        0        0        0        0    0.724
     3.4        0        0        0        0        0        0    0.727
     3.6        0        0        0        0        0        0    0.731
     3.8        0        0        0        0        0        0    0.735
       4        0        0        0        0        0        0    0.739
     4.2        0        0        0        0        0        0    0.742
     4.4        0        0        0        0        0        0    0.745
     4.6        0        0        0        0        0        0    0.749
     4.8        0        0        0        0        0        0    0.752
       5        0        0        0        0        0        0    0.755
     5.2        0        0        0        0        0        0    0.758
     5.4        0        0        0        0        0        0    0.761
     5.6        0        0        0        0        0        0    0.763
     5.8        0        0        0        0        0        0    0.766
       6        0        0        0        0        0        0    0.768
     6.2        0        0        0        0        0        0    0.771
     6.4        0        0        0        0        0        0    0.773
     6.6        0        0        0        0        0        0    0.775
     6.8        0        0        0        0        0        0    0.777
       7        0        0        0        0        0        0    0.779
     7.2        0        0        0        0        0        0    0.781
     7.4        0        0        0        0        0        0    0.782
     7.6        0        0        0        0        0        0    0.784
     7.8        0        0        0        0        0        0    0.785
       8        0        0        0        0        0        0    0.787
     8.2        0        0        0        0        0        0    0.788
     8.4        0        0        0        0        0        0    0.789
     8.6        0        0        0        0        0        0     0.79
     8.8        0        0        0        0        0        0    0.791
       9        0        0        0        0        0        0    0.791
     9.2        0        0        0        0        0        0    0.792
     9.4        0        0        0        0        0        0    0.792
     9.6        0        0        0        0        0        0    0.792
     9.8        0        0        0        0        0        0    0.793
      10        0        0        0        0        0        0    0.793
    10.2        0        0        0        0        0        0    0.793
    10.4        0        0        0        0        0        0    0.792
    10.6        0        0        0        0        0        0    0.792
    10.8        0        0        0        0        0        0    0.792
      11        0        0        0        0        0        0    0.791
    11.2        0        0        0        0        0        0    0.791
    11.4        0        0        0        0        0        0     0.79
    11.6        0        0        0        0        0        0    0.789
    11.8        0        0        0        0        0        0    0.788
      12        0        0        0        0        0        0    0.787
    12.2        0        0        0        0        0        0    0.785
    12.4        0        0        0        0        0        0    0.784
    12.6        0        0        0        0        0        0    0.782
    12.8        0        0        0        0        0        0    0.781
      13        0        0        0        0        0        0    0.779
    13.2        0        0        0        0        0        0    0.777
    13.4        0        0        0        0        0        0    0.775
    13.6        0        0        0        0        0        0    0.773
    13.8        0        0        0        0        0        0    0.771
      14        0        0        0        0        0        0    0.768
    14.2        0        0        0        0        0        0    0.766
    14.4        0        0        0        0        0        0    0.763
    14.6        0        0        0        0        0        0    0.761
    14.8        0        0        0        0        0        0    0.758
      15        0        0        0        0        0        0    0.755
    15.2        0        0        0        0        0        0    0.752
    15.4        0        0        0        0        0        0    0.749
    15.6        0        0        0        0        0        0    0.745
    15.8        0        0        0        0        0        0    0.742
      16        0        0        0        0        0        0    0.739
    16.2        0        0        0        0        0        0    0.735
    16.4        0        0        0        0        0        0    0.731
    16.6        0        0        0        0        0        0    0.727
    16.8        0        0        0        0        0        0    0.724
      17        0        0        0        0        0        0    0.719
    17.2        0        0        0        0        0        0    0.715
    17.4        0        0        0        0        0        0    0.711
    17.6        0        0        0        0        0        0    0.707
    17.8        0        0        0        0        0        0    0.702
      18        0        0        0        0        0        0    0.698
    18.2        0        0        0        0        0        0    0.693
    18.4        0        0        0        0        0        0    0.688
    18.6        0        0        0        0        0        0    0.683
    18.8        0        0        0        0        0        0    0.679
      19        0        0        0        0        0        0    0.674
    19.2        0        0        0        0        0        0    0.668
    19.4        0        0        0        0        0        0    0.663
    19.6        0        0        0        0        0        0    0.658
    19.8        0        0        0        0        0        0    0.653
      20        0        0        0        0        0        0    0.647
    20.2        0        0        0        0        0        0    0.642
    20.4        0        0        0        0        0        0    0.636
    20.6        0        0        0        0        0        0     0.63
    20.8        0        0        0        0        0        0    0.625
      21        0        0        0        0        0        0    0.619
    21.2        0        0        0        0        0        0    0.613
    21.4        0        0        0        0        0        0    0.607
    21.6        0        0        0        0        0        0    0.601
    21.8        0        0        0        0        0        0    0.595
      22        0        0        0        0        0        0    0.589
    22.2        0        0        0        0        0        0    0.582
    22.4        0        0        0        0        0        0    0.576
    22.6        0        0        0        0        0        0     0.57
    22.8        0        0        0        0        0        0    0.563
      23        0        0        0        0        0        0    0.557
    23.2        0        0        0        0        0        0    0.551
    23.4        0        0        0        0        0        0    0.544
    23.6        0        0        0        0        0        0    0.538
    23.8        0        0        0        0        0        0    0.531
      24        0        0        0        0        0        0    0.525
    24.2        0        0        0        0        0        0    0.518
    24.4        0        0        0        0        0        0    0.511
    24.6        0        0        0        0        0        0    0.505
    24.8        0        0        0        0        0        0    0.498
      25        0        0        0        0        0        0    0.491
    25.2        0        0        0        0        0        0    0.485
    25.4        0        0        0        0        0        0    0.478
    25.6        0        0        0        0        0        0    0.471
    25.8        0        0        0        0        0        0    0.465
      26        0        0        0        0        0        0    0.458
    26.2        0        0        0        0        0        0    0.451
    26.4        0        0        0        0        0        0    0.445
    26.6        0        0        0        0        0        0    0.438
    26.8        0        0        0        0        0        0    0.431
      27        0        0        0        0        0        0    0.425
    27.2        0        0        0        0        0        0    0.418
    27.4        0        0        0        0        0        0    0.411
    27.6        0        0        0        0        0        0    0.405
    27.8        0        0        0        0        0        0    0.398
      28        0        0        0        0        0        0    0.392
    28.2        0        0        0        0        0        0    0.385
    28.4        0        0        0        0        0        0    0.379
    28.6        0        0        0        0        0        0    0.372
    28.8        0        0        0        0        0        0    0.366
      29        0        0        0        0        0        0     0.36
    29.2        0        0        0        0        0        0    0.353
    29.4        0        0        0        0        0        0    0.347
    29.6        0        0        0        0        0        0    0.341
    29.8        0        0        0        0        0        0    0.335
      30        0        0        0        0        0        0    0.328
    30.2        0        0        0        0        0        0    0.322
    30.4        0        0        0        0        0        0    0.316
    30.6        0        0        0        0        0        0     0.31
    30.8        0        0        0        0        0        0    0.305
      31        0        0        0        0        0        0    0.299
    31.2        0        0        0        0        0        0    0.293
    31.4        0        0        0        0        0        0    0.287
    31.6        0        0        0        0        0        0    0.282
    31.8        0        0        0        0        0        0    0.276
      32        0        0        0        0        0        0    0.271
    32.2        0        0        0        0        0        0    0.265
    32.4        0        0        0        0        0        0     0.26
    32.6        0        0        0        0        0        0    0.254
    32.8        0        0        0        0        0        0    0.249
      33        0        0        0        0        0        0    0.244
    33.2        0        0        0        0        0        0    0.239
    33.4        0        0        0        0        0        0    0.234
    33.6        0        0        0        0        0        0    0.229
    33.8        0        0        0        0        0        0    0.224
      34        0        0        0        0        0        0    0.219
    34.2        0        0        0        0        0        0    0.214
    34.4        0        0        0        0        0        0     0.21
    34.6        0        0        0        0        0        0    0.205
    34.8        0        0        0        0        0        0    0.201
      35        0        0        0        0        0        0    0.196
    35.2        0        0        0        0        0        0    0.192
    35.4        0        0        0        0        0        0    0.187
    35.6        0        0        0        0        0        0    0.183
    35.8        0        0        0        0        0        0    0.179
      36        0        0        0        0        0        0    0.175
    36.2        0        0        0        0        0        0    0.171
    36.4        0        0        0        0        0        0    0.167
    36.6        0        0        0        0        0        0    0.163
    36.8        0        0        0        0        0        0    0.159
      37        0        0        0        0        0        0    0.156
    37.2        0        0        0        0        0        0    0.152
    37.4        0        0        0        0        0        0    0.148
    37.6        0        0        0        0        0        0    0.145
    37.8        0        0        0        0        0        0    0.141
      38        0        0        0        0        0        0    0.138
    38.2        0        0        0        0        0        0    0.135
    38.4        0        0        0        0        0        0    0.131
    38.6        0        0        0        0        0        0    0.128
    38.8        0        0        0        0        0        0    0.125
      39        0        0        0        0        0        0    0.122
    39.2        0        0        0        0        0        0    0.119
    39.4        0        0        0        0        0        0    0.116
    39.6        0        0        0        0        0        0    0.113
    39.8        0        0        0        0        0        0     0.11
      40        0        0        0        0        0        0    0.108
    40.2        0        0        0        0        0        0    0.105
    40.4        0        0        0        0        0        0    0.102
    40.6        0        0        0        0        0        0   0.0998
    40.8        0        0        0        0        0        0   0.0973
      41        0        0        0        0        0        0   0.0948
    41.2        0        0        0        0        0        0   0.0924
    41.4        0        0        0        0        0        0   0.0901
    41.6        0        0        0        0        0        0   0.0878
    41.8        0        0        0        0        0        0   0.0855
      42        0        0        0        0        0        0   0.0834
    42.2        0        0        0        0        0        0   0.0812
    42.4        0        0        0        0        0        0   0.0791
    42.6        0        0        0        0        0        0   0.0771
    42.8        0        0        0        0        0        0   0.0751
      43        0        0        0        0        0        0   0.0731
    43.2        0        0        0        0        0        0   0.0712
    43.4        0        0        0        0        0        0   0.0694
    43.6        0        0        0        0        0        0   0.0676
    43.8        0        0        0        0        0        0   0.0658
      44        0        0        0        0        0        0   0.0641
    44.2        0        0        0        0        0        0   0.0624
    44.4        0        0        0        0        0        0   0.0608
    44.6        0        0        0        0        0        0   0.0592
    44.8        0        0        0        0        0        0   0.0576
      45        0        0        0        0        0        0   0.0561
    45.2        0        0        0        0        0        0   0.0546
    45.4        0        0        0        0        0        0   0.0531
    45.6        0        0        0        0        0        0   0.0517
    45.8        0        0        0        0        0        0   0.0504
      46        0        0        0        0        0        0    0.049
    46.2        0        0        0        0        0        0   0.0477
    46.4        0        0        0        0        0        0   0.0464
    46.6        0        0        0        0        0        0   0.0452
    46.8        0        0        0        0        0        0    0.044
      47        0        0        0        0        0        0   0.0428
    47.2        0        0        0        0        0        0   0.0416
    47.4        0        0        0        0        0        0   0.0405
    47.6        0        0        0        0        0        0   0.0394
    47.8        0        0        0        0        0        0   0.0384
      48        0        0        0        0        0        0   0.0373
    48.2        0        0        0        0        0        0   0.0363
    48.4        0        0        0        0        0        0   0.0353
    48.6        0        0        0        0        0        0   0.0344
    48.8        0        0        0        0        0        0   0.0334
      49        0        0        0        0        0        0   0.0325
    49.2        0        0        0        0        0        0   0.0317
    49.4        0        0        0        0        0        0   0.0308
    49.6        0        0        0        0        0        0     0.03
    49.8        0        0        0        0        0        0   0.0291
      50        0        0        0        0        0        0   0.0283
    50.2        0        0        0        0        0        0   0.0276
    50.4        0        0        0        0        0        0   0.0268
    50.6        0        0        0        0        0        0   0.0261
    50.8        0        0        0        0        0        0   0.0254
      51        0        0        0        0        0        0   0.0247
    51.2        0        0        0        0        0        0    0.024
    51.4        0        0        0        0        0        0   0.0233
    51.6        0        0        0        0        0        0   0.0227
    51.8        0        0        0        0        0        0   0.0221
      52        0        0        0        0        0        0   0.0215
    52.2        0        0        0        0        0        0   0.0209
    52.4        0        0        0        0        0        0   0.0203
    52.6        0        0        0        0        0        0   0.0197
    52.8        0        0        0        0        0        0   0.0192
      53        0        0        0        0        0        0   0.0187
    53.2        0        0        0        0        0        0   0.0182
    53.4        0        0        0        0        0        0   0.0177
    53.6        0        0        0        0        0        0   0.0172
    53.8        0        0        0        0        0        0   0.0167
      54        0        0        0        0        0        0   0.0162
    54.2        0        0        0        0        0        0   0.0158
    54.4        0        0        0        0        0        0   0.0153
    54.6        0        0        0        0        0        0   0.0149
    54.8        0        0        0        0        0        0   0.0145
      55        0        0        0        0        0        0   0.0141
    55.2        0        0        0        0        0        0   0.0137
    55.4        0        0        0        0        0        0   0.0133
    55.6        0        0        0        0        0        0    0.013
    55.8        0        0        0        0        0        0   0.0126
      56        0        0        0        0        0        0   0.0122
    56.2        0        0        0        0        0        0   0.0119
    56.4        0        0        0        0        0        0   0.0116
    56.6        0        0        0        0        0        0   0.0113
    56.8        0        0        0        0        0        0   0.0109
      57        0        0        0        0        0        0   0.0106
    57.2        0        0        0        0        0        0   0.0103
    57.4        0        0        0        0        0        0   0.0101
    57.6        0        0        0        0        0        0  0.00977
    57.8        0        0        0        0        0        0   0.0095
      58        0        0        0        0        0        0  0.00924
    58.2        0        0        0        0        0        0  0.00898
    58.4        0        0        0        0        0        0  0.00873
    58.6        0        0        0        0        0        0  0.00848
    58.8        0        0        0        0        0        0  0.00825
      59        0        0        0        0        0        0  0.00802
    59.2        0        0        0        0        0        0  0.00779
    59.4        0        0        0        0        0        0  0.00758
    59.6        0        0        0        0        0        0  0.00736
    59.8        0        0        0        0        0        0  0.00716
      60        0        0        0        0        0        0  0.00696
    60.2        0        0        0        0        0        0  0.00676
    60.4        0        0        0        0        0        0  0.00657
    60.6        0        0        0        0        0        0  0.00639
    60.8        0        0        0        0        0        0  0.00621
      61        0        0        0        0        0        0  0.00604
    61.2        0        0        0        0        0        0  0.00587
    61.4        0        0        0        0        0        0   0.0057
    61.6        0        0        0        0        0        0  0.00554
    61.8        0        0        0        0        0        0  0.00539
      62        0        0        0        0        0        0  0.00524
    62.2        0        0        0        0        0        0  0.00509
    62.4        0        0        0        0        0        0  0.00495
    62.6        0        0        0        0        0        0  0.00481
    62.8        0        0        0        0        0        0  0.00468
      63        0        0        0        0        0        0  0.00454
    63.2        0        0        0        0        0        0  0.00442
    63.4        0        0        0        0        0        0  0.00429
    63.6        0        0        0        0        0        0  0.00417
    63.8        0        0        0        0        0        0  0.00406
      64        0        0        0        0        0        0  0.00394
    64.2        0        0        0        0        0        0  0.00383
    64.4        0        0        0        0        0        0  0.00372
    64.6        0        0        0        0        0        0  0.00362
    64.8        0        0        0        0        0        0  0.00352
      65        0        0        0        0        0        0  0.00342
    65.2        0        0        0        0        0        0  0.00332
    65.4        0        0        0        0        0        0  0.00323
    65.6        0        0        0        0        0        0  0.00314
    65.8        0        0        0        0        0        0  0.00305
      66        0        0        0        0        0        0  0.00297
    66.2        0        0        0        0        0        0  0.00288
    66.4        0        0        0        0        0        0   0.0028
    66.6        0        0        0        0        0        0  0.00272
    66.8        0        0        0        0        0        0  0.00265
      67        0        0        0        0        0        0  0.00257
    67.2        0        0        0        0        0        0   0.0025
    67.4        0        0        0        0        0        0  0.00243
    67.6        0        0        0        0        0        0  0.00236
    67.8        0        0        0        0        0        0  0.00229
      68        0        0        0        0        0        0  0.00223
    68.2        0        0        0        0        0        0  0.00217
    68.4        0        0        0        0        0        0  0.00211
    68.6        0        0        0        0        0        0  0.00205
    68.8        0        0        0        0        0        0  0.00199
      69        0        0        0        0        0        0  0.00193
    69.2        0        0        0        0        0        0  0.00188
    69.4        0        0        0        0        0        0  0.00183
    69.6        0        0        0        0        0        0  0.00178
    69.8        0        0        0        0        0        0  0.00173
      70        0        0        0        0        0        0  0.00168
    70.2        0        0        0        0        0        0  0.00163
    70.4        0        0        0        0        0        0  0.00158
    70.6        0        0        0        0        0        0  0.00154
    70.8        0        0        0        0        0        0   0.0015
      71        0        0        0        0        0        0  0.00145
    71.2        0        0        0        0        0        0  0.00141
    71.4        0        0        0        0        0        0  0.00137
    71.6        0        0        0        0        0        0  0.00133
    71.8        0        0        0        0        0        0   0.0013
      72        0        0        0        0        0        0  0.00126
    72.2        0        0        0        0        0        0  0.00123
    72.4        0        0        0        0        0        0  0.00119
    72.6        0        0        0        0        0        0  0.00116
    72.8        0        0        0        0        0        0  0.00112
      73        0        0        0        0        0        0  0.00109
    73.2        0        0        0        0        0        0  0.00106
    73.4        0        0        0        0        0        0  0.00103
    73.6        0        0        0        0        0        0    0.001
    73.8        0        0        0        0        0        0 0.000976
      74        0        0        0        0        0        0 0.000948
    74.2        0        0        0        0        0        0 0.000921
    74.4        0        0        0        0        0        0 0.000895
    74.6        0        0        0        0        0        0  0.00087
    74.8        0        0        0        0        0        0 0.000846
      75        0        0        0        0        0        0 0.000822
    75.2        0        0        0        0        0        0 0.000799
    75.4        0        0        0        0        0        0 0.000776
    75.6        0        0        0        0        0        0 0.000754
    75.8        0        0        0        0        0        0 0.000733
      76        0        0        0        0        0        0 0.000713
    76.2        0        0        0        0        0        0 0.000692
    76.4        0        0        0        0        0        0 0.000673
    76.6        0        0        0        0        0        0 0.000654
    76.8        0        0        0        0        0        0 0.000636
      77        0        0        0        0        0        0 0.000618
    77.2        0        0        0        0        0        0   0.0006
    77.4        0        0        0        0        0        0 0.000583
    77.6        0        0        0        0        0        0 0.000567
    77.8        0        0        0        0        0        0 0.000551
      78        0        0        0        0        0        0 0.000536
    78.2        0        0        0        0        0        0  0.00052
    78.4        0        0        0        0        0        0 0.000506
    78.6        0        0        0        0        0        0 0.000492
    78.8        0        0        0        0        0        0 0.000478
      79        0        0        0        0        0        0 0.000464
    79.2        0        0        0        0        0        0 0.000451
    79.4        0        0        0        0        0        0 0.000439
    79.6        0        0        0        0        0        0 0.000426
    79.8        0        0        0        0        0        0 0.000414
      80        0        0        0        0        0        0 0.000403
    80.2        0        0        0        0        0        0 0.000391
    80.4        0        0        0        0        0        0  0.00038
    80.6        0        0        0        0        0        0 0.000369
    80.8        0        0        0        0        0        0 0.000359
      81        0        0        0        0        0        0 0.000349
    81.2        0        0        0        0        0        0 0.000339
    81.4        0        0        0        0        0        0  0.00033
    81.6        0        0        0        0        0        0  0.00032
    81.8        0        0        0        0        0        0 0.000311
      82        0        0        0        0        0        0 0.000303
    82.2        0        0        0        0        0        0 0.000294
    82.4        0        0        0        0        0        0 0.000286
    82.6        0        0        0        0        0        0 0.000278
    82.8        0        0        0        0        0        0  0.00027
      83        0        0        0        0        0        0 0.000262
    83.2        0        0        0        0        0        0 0.000253
