    -6.5  0.00766   0.0683        1   0.0451      102
    -6.1   0.0205   0.0919        1   0.0922      130
    -5.7   0.0378    0.121        1   0.0973       40
    -5.3   0.0597    0.152        1    0.106     18.8
    -4.9   0.0877    0.185        1    0.118     10.8
    -4.5    0.123    0.226        1    0.128     6.63
    -4.1    0.164    0.268    0.998    0.138     4.32
    -3.7    0.214     0.31    0.943    0.152     3.04
    -3.3    0.273    0.363     0.79    0.164     2.19
    -2.9    0.342    0.403     0.75    0.168     1.56
    -2.5    0.414    0.426    0.885    0.165      1.1
    -2.1    0.489    0.466     1.04     0.17    0.845
    -1.7    0.575    0.505     1.06     0.18    0.688
    -1.3    0.669    0.538    0.975    0.184    0.546
    -0.9    0.768    0.561    0.913    0.183    0.432
    -0.5     0.87    0.576    0.914     0.18    0.344
    -0.1    0.974    0.582    0.864    0.177    0.279
     0.3     1.08     0.58    0.765    0.168    0.224
     0.7     1.18    0.569    0.633    0.158    0.181
     1.1     1.28    0.551    0.524    0.154    0.154
     1.5     1.38    0.521     0.46    0.142    0.126
     1.9     1.47     0.49    0.385    0.125   0.0993
     2.3     1.55    0.443    0.283    0.108   0.0787
     2.7     1.62    0.412    0.188   0.0994   0.0668
     3.1     1.69    0.388    0.134    0.098   0.0614
     3.5     1.76    0.336     0.12    0.083    0.049
     3.9     1.81    0.288    0.102   0.0684   0.0382
     4.3     1.86    0.247   0.0767    0.061   0.0327
     4.7      1.9    0.207   0.0547   0.0471   0.0244
     5.1     1.93    0.166   0.0369   0.0335   0.0169
     5.5     1.95    0.136    0.024   0.0267   0.0132
     5.9     1.97    0.107    0.015   0.0266   0.0129
     6.3     1.99   0.0821   0.0091   0.0199  0.00952
     6.7        2   0.0538  0.00538  0.00662  0.00314
     7.1        2   0.0233  0.00315        0        0
     7.5        2   0.0227  0.00183        0        0
     7.9        2   0.0219  0.00105        0        0
     8.3        2   0.0106 0.000607        0        0
     8.7        2  0.00525 0.000349        0        0
     9.1        2        0   0.0002        0        0
     9.5        2        0 0.000115        0        0
     9.9        2        0 6.61e-05        0        0
    10.3        2        0  3.8e-05        0        0
    10.7        2        0 2.18e-05        0        0
    11.1        2        0 1.25e-05        0        0
    11.5        2        0 7.17e-06        0        0
    11.9        2        0 4.11e-06        0        0
    12.3        2        0 2.36e-06        0        0
    12.7        2        0 1.36e-06        0        0
    13.1        2        0 7.78e-07        0        0
    13.5        2        0 4.46e-07        0        0
    13.9        2        0 2.56e-07        0        0
    14.3        2        0 1.47e-07        0        0
    14.7        2        0 8.42e-08        0        0
    15.1        2        0 4.83e-08        0        0
    15.5        2        0 2.77e-08        0        0
    15.9        2        0 1.59e-08        0        0
    16.3        2        0 9.13e-09        0        0
    16.7        2        0 5.23e-09        0        0
    17.1        2        0    3e-09        0        0
    17.5        2        0 1.72e-09        0        0
    17.9        2        0 9.88e-10        0        0
    18.3        2        0 5.67e-10        0        0
    18.7        2        0 3.25e-10        0        0
    19.1        2        0 1.87e-10        0        0
    19.5        2        0 1.07e-10        0        0
    19.9        2        0 6.15e-11        0        0
    20.3        2        0 3.53e-11        0        0
    20.7        2        0 2.02e-11        0        0
    21.1        2        0 1.16e-11        0        0
    21.5        2        0 6.67e-12        0        0
    21.9        2        0 3.83e-12        0        0
    22.3        2        0 2.19e-12        0        0
    22.7        2        0 1.26e-12        0        0
    23.1        2        0 7.21e-13        0        0
    23.5        2        0 4.02e-13        0        0
      24        2        0 2.16e-13        0        0
    24.4        2        0 1.15e-13        0        0
    24.8        2        0 6.81e-14        0        0
    25.2        2        0 3.91e-14        0        0
    25.6        2        0 2.24e-14        0        0
      26        2        0 1.29e-14        0        0
    26.4        2        0 7.41e-15        0        0
    26.8        2        0 4.24e-15        0        0
    27.2        2        0 2.28e-15        0        0
    27.8        2        0 1.05e-15        0        0
    28.6        2        0 3.68e-16        0        0
    29.2        2        0 1.37e-16        0        0
    29.6        2        0 8.33e-17        0        0
      30        2        0 4.61e-17        0        0
    30.4        2        0 2.85e-17        0        0
    30.8        2        0 1.64e-17        0        0
    31.2        2        0 9.39e-18        0        0
    31.6        2        0 5.39e-18        0        0
      32        2        0 3.09e-18        0        0
    32.4        2        0 1.77e-18        0        0
    32.8        2        0 1.02e-18        0        0
    33.2        2        0 5.83e-19        0        0
    33.6        2        0 3.35e-19        0        0
      34        2        0 1.92e-19        0        0
    34.4        2        0  1.1e-19        0        0
    34.8        2        0 6.33e-20        0        0
    35.2        2        0 3.63e-20        0        0
    35.6        2        0 2.08e-20        0        0
      36        2        0 1.19e-20        0        0
    36.4        2        0 6.85e-21        0        0
    36.8        2        0 3.93e-21        0        0
    37.2        2        0 2.26e-21        0        0
    37.6        2        0 1.29e-21        0        0
      38        2        0 7.43e-22        0        0
    38.4        2        0 4.26e-22        0        0
    38.8        2        0 2.44e-22        0        0
    39.2        2        0  1.4e-22        0        0
    39.6        2        0 8.05e-23        0        0
      40        2        0 4.62e-23        0        0
    40.4        2        0 2.65e-23        0        0
    40.8        2        0 1.52e-23        0        0
    41.2        2        0 8.71e-24        0        0
    41.6        2        0    5e-24        0        0
      42        2        0 2.87e-24        0        0
    42.4        2        0 1.65e-24        0        0
    42.8        2        0 9.45e-25        0        0
    43.2        2        0 5.42e-25        0        0
    43.6        2        0 3.11e-25        0        0
      44        2        0 1.78e-25        0        0
    44.4        2        0 1.02e-25        0        0
    44.8        2        0 5.87e-26        0        0
    45.2        2        0 3.37e-26        0        0
    45.6        2        0 1.94e-26        0        0
      46        2        0 1.11e-26        0        0
    46.4        2        0 6.38e-27        0        0
    46.8        2        0 3.66e-27        0        0
    47.2        2        0  2.1e-27        0        0
    47.6        2        0  1.2e-27        0        0
      48        2        0 6.89e-28        0        0
    48.4        2        0 3.95e-28        0        0
    48.8        2        0 2.27e-28        0        0
    49.2        2        0  1.3e-28        0        0
    49.6        2        0 7.48e-29        0        0
      50        2        0 4.29e-29        0        0
    50.4        2        0 2.46e-29        0        0
    50.8        2        0 1.42e-29        0        0
    51.2        2        0 8.11e-30        0        0
    51.6        2        0 4.66e-30        0        0
      52        2        0 2.67e-30        0        0
    52.4        2        0 1.53e-30        0        0
    52.8        2        0 8.79e-31        0        0
    53.2        2        0 5.04e-31        0        0
    53.6        2        0 2.89e-31        0        0
      54        2        0 1.66e-31        0        0
    54.4        2        0 9.53e-32        0        0
    54.8        2        0 5.47e-32        0        0
    55.2        2        0 3.13e-32        0        0
    55.6        2        0  1.8e-32        0        0
      56        2        0 1.03e-32        0        0
    56.4        2        0 5.92e-33        0        0
    56.8        2        0 3.39e-33        0        0
    57.2        2        0 1.95e-33        0        0
    57.6        2        0 1.12e-33        0        0
      58        2        0 6.41e-34        0        0
    58.4        2        0 3.69e-34        0        0
    58.8        2        0 2.11e-34        0        0
    59.2        2        0 1.21e-34        0        0
    59.6        2        0 6.95e-35        0        0
      60        2        0 3.99e-35        0        0
    60.4        2        0 2.29e-35        0        0
    60.8        2        0 1.31e-35        0        0
    61.2        2        0 7.53e-36        0        0
    61.6        2        0 4.32e-36        0        0
      62        2        0 2.48e-36        0        0
    62.4        2        0 1.42e-36        0        0
    62.8        2        0 8.17e-37        0        0
    63.2        2        0 4.69e-37        0        0
    63.6        2        0 2.69e-37        0        0
      64        2        0 1.54e-37        0        0
    64.4        2        0 8.85e-38        0        0
    64.8        2        0 5.08e-38        0        0
    65.2        2        0 2.91e-38        0        0
    65.6        2        0 1.67e-38        0        0
      66        2        0  9.6e-39        0        0
    66.4        2        0 5.51e-39        0        0
    66.8        2        0 3.16e-39        0        0
    67.2        2        0 1.81e-39        0        0
    67.6        2        0 1.04e-39        0        0
      68        2        0 5.96e-40        0        0
    68.4        2        0 3.42e-40        0        0
    68.8        2        0 1.96e-40        0        0
    69.2        2        0 1.13e-40        0        0
    69.6        2        0 6.45e-41        0        0
      70        2        0 3.71e-41        0        0
    70.4        2        0 2.12e-41        0        0
    70.8        2        0 1.22e-41        0        0
    71.2        2        0    7e-42        0        0
    71.6        2        0 4.02e-42        0        0
      72        2        0  2.3e-42        0        0
    72.4        2        0 1.32e-42        0        0
    72.8        2        0 7.58e-43        0        0
    73.2        2        0 4.35e-43        0        0
    73.6        2        0  2.5e-43        0        0
      74        2        0 1.43e-43        0        0
    74.4        2        0 8.22e-44        0        0
    74.8        2        0 4.72e-44        0        0
    75.2        2        0 2.71e-44        0        0
    75.6        2        0 1.55e-44        0        0
      76        2        0 8.91e-45        0        0
    76.4        2        0 5.11e-45        0        0
    76.8        2        0 2.93e-45        0        0
    77.2        2        0 1.68e-45        0        0
    77.6        2        0 9.65e-46        0        0
      78        2        0 5.54e-46        0        0
    78.4        2        0 3.18e-46        0        0
    78.8        2        0 1.82e-46        0        0
    79.2        2        0 1.05e-46        0        0
    79.6        2        0    6e-47        0        0
      80        2        0 3.44e-47        0        0
    80.4        2        0 1.98e-47        0        0
    80.8        2        0 1.13e-47        0        0
    81.2        2        0  6.5e-48        0        0
    81.6        2        0 3.73e-48        0        0
      82        2        0 2.14e-48        0        0
    82.4        2        0 1.23e-48        0        0
    82.8        2        0 7.05e-49        0        0
    83.2        2        0 4.05e-49        0        0
    83.6        2        0 2.32e-49        0        0
      84        2        0 1.33e-49        0        0
    84.4        2        0 7.64e-50        0        0
    84.8        2        0 4.38e-50        0        0
    85.2        2        0 2.51e-50        0        0
    85.6        2        0 1.44e-50        0        0
      86        2        0 8.28e-51        0        0
    86.4        2        0 4.75e-51        0        0
    86.8        2        0 2.73e-51        0        0
    87.2        2        0 1.56e-51        0        0
    87.6        2        0 8.98e-52        0        0
      88        2        0 5.15e-52        0        0
    88.4        2        0 2.95e-52        0        0
    88.8        2        0  1.7e-52        0        0
    89.2        2        0 9.72e-53        0        0
    89.6        2        0 5.58e-53        0        0
      90        2        0  3.2e-53        0        0
    90.4        2        0 1.84e-53        0        0
    90.8        2        0 1.05e-53        0        0
    91.2        2        0 6.04e-54        0        0
    91.6        2        0 3.47e-54        0        0
      92        2        0 1.99e-54        0        0
    92.4        2        0 1.14e-54        0        0
    92.8        2        0 6.55e-55        0        0
    93.2        2        0 3.76e-55        0        0
    93.6        2        0 2.16e-55        0        0
      94        2        0 1.24e-55        0        0
    94.4        2        0  7.1e-56        0        0
    94.8        2        0 4.07e-56        0        0
    95.2        2        0 2.34e-56        0        0
    95.6        2        0 1.34e-56        0        0
      96        2        0  7.7e-57        0        0
    96.4        2        0 4.42e-57        0        0
    96.8        2        0 2.53e-57        0        0
    97.2        2        0 1.45e-57        0        0
    97.6        2        0 8.34e-58        0        0
      98        2        0 4.79e-58        0        0
    98.4        2        0 2.74e-58        0        0
    98.8        2        0 1.58e-58        0        0
    99.2        2        0 8.82e-59        0        0
    99.6        2        0 5.06e-59        0        0
