     -25        0        0        0        0        0        0   0.0179
   -24.8        0        0        0        0        0        0   0.0185
   -24.6        0        0        0        0        0        0   0.0192
   -24.4        0        0        0        0        0        0     0.02
   -24.2        0        0        0        0        0        0   0.0208
     -24        0        0        0        0        0        0   0.0215
   -23.8        0        0        0        0        0        0   0.0224
   -23.6        0        0        0        0        0        0   0.0232
   -23.4        0        0        0        0        0        0   0.0241
   -23.2        0        0        0        0        0        0    0.025
     -23        0        0        0        0        0        0    0.026
   -22.8        0        0        0        0        0        0    0.027
   -22.6        0        0        0        0        0        0    0.028
   -22.4        0        0        0        0        0        0    0.029
   -22.2        0        0        0        0        0        0   0.0301
     -22        0        0        0        0        0        0   0.0313
   -21.8        0        0        0        0        0        0   0.0325
   -21.6        0        0        0        0        0        0   0.0337
   -21.4        0        0        0        0        0        0    0.035
   -21.2        0        0        0        0        0        0   0.0363
     -21        0        0        0        0        0        0   0.0376
   -20.8        0        0        0        0        0        0    0.039
   -20.6        0        0        0        0        0        0   0.0405
   -20.4        0        0        0        0        0        0    0.042
   -20.2        0        0        0        0        0        0   0.0436
     -20        0        0        0        0        0        0   0.0452
   -19.8        0        0        0        0        0        0   0.0469
   -19.6        0        0        0        0        0        0   0.0486
   -19.4        0        0        0        0        0        0   0.0504
   -19.2        0        0        0        0        0        0   0.0522
     -19        0        0        0        0        0        0   0.0542
   -18.8        0        0        0        0        0        0   0.0561
   -18.6        0        0        0        0        0        0   0.0582
   -18.4        0        0        0        0        0        0   0.0603
   -18.2        0        0        0        0        0        0   0.0625
     -18        0        0        0        0        0        0   0.0648
   -17.8        0        0        0        0        0        0   0.0671
   -17.6        0        0        0        0        0        0   0.0695
   -17.4        0        0        0        0        0        0    0.072
   -17.2        0        0        0        0        0        0   0.0746
     -17        0        0        0        0        0        0   0.0773
   -16.8        0        0        0        0        0        0     0.08
   -16.6        0        0        0        0        0        0   0.0829
   -16.4        0        0        0        0        0        0   0.0858
   -16.2        0        0        0        0        0        0   0.0888
     -16        0        0        0        0        0        0   0.0919
   -15.8        0        0        0        0        0        0   0.0951
   -15.6        0        0        0        0        0        0   0.0983
   -15.4        0        0        0        0        0        0    0.102
   -15.2        0        0        0        0        0        0    0.105
     -15        0        0        0        0        0        0    0.109
   -14.8        0        0        0        0        0        0    0.113
   -14.6        0        0        0        0        0        0    0.116
   -14.4        0        0        0        0        0        0     0.12
   -14.2        0        0        0        0        0        0    0.124
     -14        0        0        0        0        0        0    0.128
   -13.8        0        0        0        0        0        0    0.133
   -13.6        0        0        0        0        0        0    0.137
   -13.4        0        0        0        0        0        0    0.142
   -13.2        0        0        0        0        0        0    0.146
     -13        0        0        0        0        0        0    0.151
   -12.8        0        0        0        0        0        0    0.156
   -12.6        0        0        0        0        0        0    0.161
   -12.4        0        0        0        0        0        0    0.166
   -12.2        0        0        0        0        0        0    0.171
     -12        0        0        0        0        0        0    0.176
   -11.8        0        0        0        0        0        0    0.181
   -11.6        0        0        0        0        0        0    0.187
   -11.4        0        0        0        0        0        0    0.193
   -11.2        0        0        0        0        0        0    0.198
     -11        0        0        0        0        0        0    0.204
   -10.8        0        0        0        0        0        0     0.21
   -10.6        0        0        0        0        0        0    0.216
   -10.4        0        0        0        0        0        0    0.222
   -10.2        0        0        0        0        0        0    0.229
     -10        0        0        0        0        0        0    0.235
    -9.8        0        0        0        0        0        0    0.242
    -9.6        0        0        0        0        0        0    0.248
    -9.4        0        0        0        0        0        0    0.255
    -9.2        0        0        0        0        0        0    0.262
      -9        0        0        0        0        0        0    0.269
    -8.8        0        0        0        0        0        0    0.275
    -8.6        0        0        0        0        0        0    0.282
    -8.4        0        0        0        0        0        0     0.29
    -8.2        0        0        0        0        0        0    0.297
      -8        0        0        0        0        0        0    0.304
    -7.8        0        0        0        0        0        0    0.311
    -7.6        0        0        0        0        0        0    0.318
    -7.4        0        0        0        0        0        0    0.326
    -7.2        0        0        0        0        0        0    0.333
      -7        0        0        0        0        0        0     0.34
    -6.8        0        0        0        0        0        0    0.348
    -6.6        0        0        0        0        0        0    0.355
    -6.4        0        0        0        0        0        0    0.362
    -6.2        0        0        0        0        0        0     0.37
      -6        0        0        0        0        0        0    0.377
    -5.8        0        0        0        0        0        0    0.384
    -5.6        0        0        0        0        0        0    0.392
    -5.4        0        0        0        0        0        0    0.399
    -5.2        0        0        0        0        0        0    0.406
      -5        0        0        0        0        0        0    0.413
    -4.8        0        0        0        0        0        0     0.42
    -4.6        0        0        0        0        0        0    0.427
    -4.4        0        0        0        0        0        0    0.433
    -4.2        0        0        0        0        0        0     0.44
      -4        0        0        0        0        0        0    0.447
    -3.8        0        0        0        0        0        0    0.453
    -3.6        0        0        0        0        0        0    0.459
    -3.4        0        0        0        0        0        0    0.465
    -3.2        0        0        0        0        0        0    0.471
      -3        0        0        0        0        0        0    0.477
    -2.8        0        0        0        0        0        0    0.482
    -2.6        0        0        0        0        0        0    0.487
    -2.4        0        0        0        0        0        0    0.492
    -2.2        0        0        0        0        0        0    0.497
      -2        0        0        0        0        0        0    0.502
    -1.8        0        0        0        0        0        0    0.506
    -1.6        0        0        0        0        0        0     0.51
    -1.4        0        0        0        0        0        0    0.514
    -1.2        0        0        0        0        0        0    0.517
      -1        0        0        0        0        0        0     0.52
    -0.8        0        0        0        0        0        0    0.523
    -0.6        0        0        0        0        0        0    0.526
    -0.4        0        0        0        0        0        0    0.528
    -0.2        0        0        0        0        0        0     0.53
1.11e-16        0        0        0        0        0        0    0.532
     0.2        0        0        0        0        0        0    0.534
     0.4        0        0        0        0        0        0    0.535
     0.6        0        0        0        0        0        0    0.535
     0.8        0        0        0        0        0        0    0.536
       1        0        0        0        0        0        0    0.536
     1.2        0        0        0        0        0        0    0.536
     1.4        0        0        0        0        0        0    0.535
     1.6        0        0        0        0        0        0    0.535
     1.8        0        0        0        0        0        0    0.534
       2        0        0        0        0        0        0    0.532
     2.2        0        0        0        0        0        0     0.53
     2.4        0        0        0        0        0        0    0.528
     2.6        0        0        0        0        0        0    0.526
     2.8        0        0        0        0        0        0    0.523
       3        0        0        0        0        0        0     0.52
     3.2        0        0        0        0        0        0    0.517
     3.4        0        0        0        0        0        0    0.514
     3.6        0        0        0        0        0        0     0.51
     3.8        0        0        0        0        0        0    0.506
       4        0        0        0        0        0        0    0.502
     4.2        0        0        0        0        0        0    0.497
     4.4        0        0        0        0        0        0    0.492
     4.6        0        0        0        0        0        0    0.487
     4.8        0        0        0        0        0        0    0.482
       5        0        0        0        0        0        0    0.477
     5.2        0        0        0        0        0        0    0.471
     5.4        0        0        0        0        0        0    0.465
     5.6        0        0        0        0        0        0    0.459
     5.8        0        0        0        0        0        0    0.453
       6        0        0        0        0        0        0    0.447
     6.2        0        0        0        0        0        0     0.44
     6.4        0        0        0        0        0        0    0.433
     6.6        0        0        0        0        0        0    0.427
     6.8        0        0        0        0        0        0     0.42
       7        0        0        0        0        0        0    0.413
     7.2        0        0        0        0        0        0    0.406
     7.4        0        0        0        0        0        0    0.399
     7.6        0        0        0        0        0        0    0.392
     7.8        0        0        0        0        0        0    0.384
       8        0        0        0        0        0        0    0.377
     8.2        0        0        0        0        0        0     0.37
     8.4        0        0        0        0        0        0    0.362
     8.6        0        0        0        0        0        0    0.355
     8.8        0        0        0        0        0        0    0.348
       9        0        0        0        0        0        0     0.34
     9.2        0        0        0        0        0        0    0.333
     9.4        0        0        0        0        0        0    0.326
     9.6        0        0        0        0        0        0    0.318
     9.8        0        0        0        0        0        0    0.311
      10        0        0        0        0        0        0    0.304
    10.2        0        0        0        0        0        0    0.297
    10.4        0        0        0        0        0        0     0.29
    10.6        0        0        0        0        0        0    0.282
    10.8        0        0        0        0        0        0    0.275
      11        0        0        0        0        0        0    0.269
    11.2        0        0        0        0        0        0    0.262
    11.4        0        0        0        0        0        0    0.255
    11.6        0        0        0        0        0        0    0.248
    11.8        0        0        0        0        0        0    0.242
      12        0        0        0        0        0        0    0.235
    12.2        0        0        0        0        0        0    0.229
    12.4        0        0        0        0        0        0    0.222
    12.6        0        0        0        0        0        0    0.216
    12.8        0        0        0        0        0        0     0.21
      13        0        0        0        0        0        0    0.204
    13.2        0        0        0        0        0        0    0.198
    13.4        0        0        0        0        0        0    0.193
    13.6        0        0        0        0        0        0    0.187
    13.8        0        0        0        0        0        0    0.181
      14        0        0        0        0        0        0    0.176
    14.2        0        0        0        0        0        0    0.171
    14.4        0        0        0        0        0        0    0.166
    14.6        0        0        0        0        0        0    0.161
    14.8        0        0        0        0        0        0    0.156
      15        0        0        0        0        0        0    0.151
    15.2        0        0        0        0        0        0    0.146
    15.4        0        0        0        0        0        0    0.142
    15.6        0        0        0        0        0        0    0.137
    15.8        0        0        0        0        0        0    0.133
      16        0        0        0        0        0        0    0.128
    16.2        0        0        0        0        0        0    0.124
    16.4        0        0        0        0        0        0     0.12
    16.6        0        0        0        0        0        0    0.116
    16.8        0        0        0        0        0        0    0.113
      17        0        0        0        0        0        0    0.109
    17.2        0        0        0        0        0        0    0.105
    17.4        0        0        0        0        0        0    0.102
    17.6        0        0        0        0        0        0   0.0983
    17.8        0        0        0        0        0        0   0.0951
      18        0        0        0        0        0        0   0.0919
    18.2        0        0        0        0        0        0   0.0888
    18.4        0        0        0        0        0        0   0.0858
    18.6        0        0        0        0        0        0   0.0829
    18.8        0        0        0        0        0        0     0.08
      19        0        0        0        0        0        0   0.0773
    19.2        0        0        0        0        0        0   0.0746
    19.4        0        0        0        0        0        0    0.072
    19.6        0        0        0        0        0        0   0.0695
    19.8        0        0        0        0        0        0   0.0671
      20        0        0        0        0        0        0   0.0648
    20.2        0        0        0        0        0        0   0.0625
    20.4        0        0        0        0        0        0   0.0603
    20.6        0        0        0        0        0        0   0.0582
    20.8        0        0        0        0        0        0   0.0561
      21        0        0        0        0        0        0   0.0542
    21.2        0        0        0        0        0        0   0.0522
    21.4        0        0        0        0        0        0   0.0504
    21.6        0        0        0        0        0        0   0.0486
    21.8        0        0        0        0        0        0   0.0469
      22        0        0        0        0        0        0   0.0452
    22.2        0        0        0        0        0        0   0.0436
    22.4        0        0        0        0        0        0    0.042
    22.6        0        0        0        0        0        0   0.0405
    22.8        0        0        0        0        0        0    0.039
      23        0        0        0        0        0        0   0.0376
    23.2        0        0        0        0        0        0   0.0363
    23.4        0        0        0        0        0        0    0.035
    23.6        0        0        0        0        0        0   0.0337
    23.8        0        0        0        0        0        0   0.0325
      24        0        0        0        0        0        0   0.0313
    24.2        0        0        0        0        0        0   0.0301
    24.4        0        0        0        0        0        0    0.029
    24.6        0        0        0        0        0        0    0.028
    24.8        0        0        0        0        0        0    0.027
      25        0        0        0        0        0        0    0.026
    25.2        0        0        0        0        0        0    0.025
    25.4        0        0        0        0        0        0   0.0241
    25.6        0        0        0        0        0        0   0.0232
    25.8        0        0        0        0        0        0   0.0224
      26        0        0        0        0        0        0   0.0215
    26.2        0        0        0        0        0        0   0.0208
    26.4        0        0        0        0        0        0     0.02
    26.6        0        0        0        0        0        0   0.0192
    26.8        0        0        0        0        0        0   0.0185
      27        0        0        0        0        0        0   0.0179
    27.2        0        0        0        0        0        0   0.0172
    27.4        0        0        0        0        0        0   0.0166
    27.6        0        0        0        0        0        0   0.0159
    27.8        0        0        0        0        0        0   0.0154
      28        0        0        0        0        0        0   0.0148
    28.2        0        0        0        0        0        0   0.0142
    28.4        0        0        0        0        0        0   0.0137
    28.6        0        0        0        0        0        0   0.0132
    28.8        0        0        0        0        0        0   0.0127
      29        0        0        0        0        0        0   0.0122
    29.2        0        0        0        0        0        0   0.0118
    29.4        0        0        0        0        0        0   0.0113
    29.6        0        0        0        0        0        0   0.0109
    29.8        0        0        0        0        0        0   0.0105
      30        0        0        0        0        0        0   0.0101
    30.2        0        0        0        0        0        0  0.00974
    30.4        0        0        0        0        0        0  0.00938
    30.6        0        0        0        0        0        0  0.00903
    30.8        0        0        0        0        0        0  0.00869
      31        0        0        0        0        0        0  0.00837
    31.2        0        0        0        0        0        0  0.00805
    31.4        0        0        0        0        0        0  0.00775
    31.6        0        0        0        0        0        0  0.00746
    31.8        0        0        0        0        0        0  0.00718
      32        0        0        0        0        0        0  0.00691
    32.2        0        0        0        0        0        0  0.00666
    32.4        0        0        0        0        0        0  0.00641
    32.6        0        0        0        0        0        0  0.00617
    32.8        0        0        0        0        0        0  0.00593
      33        0        0        0        0        0        0  0.00571
    33.2        0        0        0        0        0        0   0.0055
    33.4        0        0        0        0        0        0  0.00529
    33.6        0        0        0        0        0        0  0.00509
    33.8        0        0        0        0        0        0   0.0049
      34        0        0        0        0        0        0  0.00472
    34.2        0        0        0        0        0        0  0.00454
    34.4        0        0        0        0        0        0  0.00437
    34.6        0        0        0        0        0        0  0.00421
    34.8        0        0        0        0        0        0  0.00405
      35        0        0        0        0        0        0   0.0039
    35.2        0        0        0        0        0        0  0.00375
    35.4        0        0        0        0        0        0  0.00361
    35.6        0        0        0        0        0        0  0.00347
    35.8        0        0        0        0        0        0  0.00334
      36        0        0        0        0        0        0  0.00322
    36.2        0        0        0        0        0        0   0.0031
    36.4        0        0        0        0        0        0  0.00298
    36.6        0        0        0        0        0        0  0.00287
    36.8        0        0        0        0        0        0  0.00276
      37        0        0        0        0        0        0  0.00266
    37.2        0        0        0        0        0        0  0.00256
    37.4        0        0        0        0        0        0  0.00246
    37.6        0        0        0        0        0        0  0.00237
    37.8        0        0        0        0        0        0  0.00228
      38        0        0        0        0        0        0  0.00219
    38.2        0        0        0        0        0        0  0.00211
    38.4        0        0        0        0        0        0  0.00203
    38.6        0        0        0        0        0        0  0.00195
    38.8        0        0        0        0        0        0  0.00188
      39        0        0        0        0        0        0  0.00181
    39.2        0        0        0        0        0        0  0.00174
    39.4        0        0        0        0        0        0  0.00168
    39.6        0        0        0        0        0        0  0.00161
    39.8        0        0        0        0        0        0  0.00155
      40        0        0        0        0        0        0  0.00149
    40.2        0        0        0        0        0        0  0.00144
    40.4        0        0        0        0        0        0  0.00138
    40.6        0        0        0        0        0        0  0.00133
    40.8        0        0        0        0        0        0  0.00128
      41        0        0        0        0        0        0  0.00123
    41.2        0        0        0        0        0        0  0.00119
    41.4        0        0        0        0        0        0  0.00114
    41.6        0        0        0        0        0        0   0.0011
    41.8        0        0        0        0        0        0  0.00106
      42        0        0        0        0        0        0  0.00102
    42.2        0        0        0        0        0        0 0.000979
    42.4        0        0        0        0        0        0 0.000942
    42.6        0        0        0        0        0        0 0.000907
    42.8        0        0        0        0        0        0 0.000873
      43        0        0        0        0        0        0  0.00084
    43.2        0        0        0        0        0        0 0.000808
    43.4        0        0        0        0        0        0 0.000778
    43.6        0        0        0        0        0        0 0.000748
    43.8        0        0        0        0        0        0  0.00072
      44        0        0        0        0        0        0 0.000693
    44.2        0        0        0        0        0        0 0.000667
    44.4        0        0        0        0        0        0 0.000642
    44.6        0        0        0        0        0        0 0.000617
    44.8        0        0        0        0        0        0 0.000594
      45        0        0        0        0        0        0 0.000572
    45.2        0        0        0        0        0        0  0.00055
    45.4        0        0        0        0        0        0 0.000529
    45.6        0        0        0        0        0        0 0.000509
    45.8        0        0        0        0        0        0  0.00049
      46        0        0        0        0        0        0 0.000472
    46.2        0        0        0        0        0        0 0.000454
    46.4        0        0        0        0        0        0 0.000437
    46.6        0        0        0        0        0        0  0.00042
    46.8        0        0        0        0        0        0 0.000405
      47        0        0        0        0        0        0 0.000389
    47.2        0        0        0        0        0        0 0.000375
    47.4        0        0        0        0        0        0  0.00036
    47.6        0        0        0        0        0        0 0.000347
    47.8        0        0        0        0        0        0 0.000334
      48        0        0        0        0        0        0 0.000321
    48.2        0        0        0        0        0        0 0.000309
    48.4        0        0        0        0        0        0 0.000297
    48.6        0        0        0        0        0        0 0.000286
    48.8        0        0        0        0        0        0 0.000275
      49        0        0        0        0        0        0 0.000265
    49.2        0        0        0        0        0        0 0.000255
    49.4        0        0        0        0        0        0 0.000245
    49.6        0        0        0        0        0        0 0.000236
    49.8        0        0        0        0        0        0 0.000227
      50        0        0        0        0        0        0 0.000219
    50.2        0        0        0        0        0        0  0.00021
    50.4        0        0        0        0        0        0 0.000202
    50.6        0        0        0        0        0        0 0.000195
    50.8        0        0        0        0        0        0 0.000187
      51        0        0        0        0        0        0  0.00018
    51.2        0        0        0        0        0        0 0.000174
    51.4        0        0        0        0        0        0 0.000167
    51.6        0        0        0        0        0        0 0.000161
    51.8        0        0        0        0        0        0 0.000155
      52        0        0        0        0        0        0 0.000149
    52.2        0        0        0        0        0        0 0.000143
    52.4        0        0        0        0        0        0 0.000138
    52.6        0        0        0        0        0        0 0.000133
    52.8        0        0        0        0        0        0 0.000128
      53        0        0        0        0        0        0 0.000123
    53.2        0        0        0        0        0        0 0.000118
    53.4        0        0        0        0        0        0 0.000114
    53.6        0        0        0        0        0        0 0.000109
    53.8        0        0        0        0        0        0 0.000105
      54        0        0        0        0        0        0 0.000101
    54.2        0        0        0        0        0        0 9.76e-05
    54.4        0        0        0        0        0        0 9.39e-05
    54.6        0        0        0        0        0        0 9.03e-05
    54.8        0        0        0        0        0        0 8.69e-05
      55        0        0        0        0        0        0 8.36e-05
    55.2        0        0        0        0        0        0 8.05e-05
    55.4        0        0        0        0        0        0 7.74e-05
    55.6        0        0        0        0        0        0 7.45e-05
    55.8        0        0        0        0        0        0 7.17e-05
      56        0        0        0        0        0        0  6.9e-05
    56.2        0        0        0        0        0        0 6.64e-05
    56.4        0        0        0        0        0        0 6.39e-05
    56.6        0        0        0        0        0        0 6.15e-05
    56.8        0        0        0        0        0        0 5.91e-05
      57        0        0        0        0        0        0 5.69e-05
    57.2        0        0        0        0        0        0 5.48e-05
    57.4        0        0        0        0        0        0 5.27e-05
    57.6        0        0        0        0        0        0 5.07e-05
    57.8        0        0        0        0        0        0 4.88e-05
      58        0        0        0        0        0        0  4.7e-05
    58.2        0        0        0        0        0        0 4.52e-05
    58.4        0        0        0        0        0        0 4.35e-05
    58.6        0        0        0        0        0        0 3.16e-05
    76.2        0        0        0        0        0        0        0
    76.4        0        0        0        0        0        0 1.36e-06
    76.6        0        0        0        0        0        0 1.31e-06
    76.8        0        0        0        0        0        0 1.26e-06
      77        0        0        0        0        0        0 1.22e-06
    77.2        0        0        0        0        0        0 1.17e-06
    77.4        0        0        0        0        0        0 1.13e-06
    77.6        0        0        0        0        0        0 1.08e-06
    77.8        0        0        0        0        0        0 1.04e-06
      78        0        0        0        0        0        0    1e-06
    78.2        0        0        0        0        0        0 9.65e-07
    78.4        0        0        0        0        0        0 9.29e-07
    78.6        0        0        0        0        0        0 8.94e-07
    78.8        0        0        0        0        0        0  8.6e-07
      79        0        0        0        0        0        0 8.28e-07
    79.2        0        0        0        0        0        0 7.96e-07
    79.4        0        0        0        0        0        0 7.66e-07
    79.6        0        0        0        0        0        0 7.38e-07
    79.8        0        0        0        0        0        0  7.1e-07
      80        0        0        0        0        0        0 6.83e-07
    80.2        0        0        0        0        0        0 6.57e-07
    80.4        0        0        0        0        0        0 6.32e-07
    80.6        0        0        0        0        0        0 6.08e-07
    80.8        0        0        0        0        0        0 5.86e-07
      81        0        0        0        0        0        0 5.63e-07
    81.2        0        0        0        0        0        0 5.42e-07
    81.4        0        0        0        0        0        0 5.22e-07
    81.6        0        0        0        0        0        0 5.02e-07
    81.8        0        0        0        0        0        0 4.83e-07
      82        0        0        0        0        0        0 4.65e-07
    82.2        0        0        0        0        0        0 4.47e-07
    82.4        0        0        0        0        0        0  4.3e-07
    82.6        0        0        0        0        0        0 4.14e-07
    82.8        0        0        0        0        0        0 3.99e-07
      83        0        0        0        0        0        0 3.84e-07
    83.2        0        0        0        0        0        0 3.69e-07
    83.4        0        0        0        0        0        0 3.55e-07
    83.6        0        0        0        0        0        0 3.42e-07
    83.8        0        0        0        0        0        0 3.29e-07
      84        0        0        0        0        0        0 3.16e-07
    84.2        0        0        0        0        0        0 3.04e-07
    84.4        0        0        0        0        0        0 2.93e-07
    84.6        0        0        0        0        0        0 2.82e-07
    84.8        0        0        0        0        0        0 2.71e-07
      85        0        0        0        0        0        0 2.61e-07
    85.2        0        0        0        0        0        0 2.51e-07
    85.4        0        0        0        0        0        0 2.42e-07
    85.6        0        0        0        0        0        0 2.33e-07
    85.8        0        0        0        0        0        0 2.24e-07
      86        0        0        0        0        0        0 2.15e-07
    86.2        0        0        0        0        0        0 2.07e-07
    86.4        0        0        0        0        0        0 1.99e-07
    86.6        0        0        0        0        0        0 1.92e-07
    86.8        0        0        0        0        0        0 1.85e-07
      87        0        0        0        0        0        0 1.78e-07
    87.2        0        0        0        0        0        0 1.71e-07
    87.4        0        0        0        0        0        0 1.65e-07
    87.6        0        0        0        0        0        0 1.58e-07
    87.8        0        0        0        0        0        0 1.52e-07
      88        0        0        0        0        0        0 1.47e-07
    88.2        0        0        0        0        0        0 1.41e-07
    88.4        0        0        0        0        0        0 1.36e-07
    88.6        0        0        0        0        0        0 1.31e-07
    88.8        0        0        0        0        0        0 1.26e-07
      89        0        0        0        0        0        0 1.21e-07
    89.2        0        0        0        0        0        0 1.16e-07
    89.4        0        0        0        0        0        0 1.12e-07
    89.6        0        0        0        0        0        0 1.08e-07
    89.8        0        0        0        0        0        0 1.04e-07
      90        0        0        0        0        0        0 9.99e-08
    90.2        0        0        0        0        0        0  9.6e-08
    90.4        0        0        0        0        0        0 9.24e-08
    90.6        0        0        0        0        0        0 8.89e-08
    90.8        0        0        0        0        0        0 8.56e-08
      91        0        0        0        0        0        0 8.23e-08
    91.2        0        0        0        0        0        0 7.92e-08
    91.4        0        0        0        0        0        0 7.63e-08
    91.6        0        0        0        0        0        0 7.34e-08
    91.8        0        0        0        0        0        0 7.06e-08
      92        0        0        0        0        0        0 6.79e-08
    92.2        0        0        0        0        0        0 6.54e-08
    92.4        0        0        0        0        0        0 6.29e-08
    92.6        0        0        0        0        0        0 6.05e-08
    92.8        0        0        0        0        0        0 5.83e-08
      93        0        0        0        0        0        0 5.61e-08
    93.2        0        0        0        0        0        0 5.39e-08
    93.4        0        0        0        0        0        0 5.19e-08
    93.6        0        0        0        0        0        0 4.99e-08
    93.8        0        0        0        0        0        0 4.81e-08
      94        0        0        0        0        0        0 4.62e-08
    94.2        0        0        0        0        0        0 4.45e-08
    94.4        0        0        0        0        0        0 4.28e-08
    94.6        0        0        0        0        0        0 4.12e-08
    94.8        0        0        0        0        0        0 3.97e-08
      95        0        0        0        0        0        0 3.82e-08
    95.2        0        0        0        0        0        0 3.67e-08
    95.4        0        0        0        0        0        0 3.53e-08
    95.6        0        0        0        0        0        0  3.4e-08
    95.8        0        0        0        0        0        0 3.27e-08
      96        0        0        0        0        0        0 3.15e-08
    96.2        0        0        0        0        0        0 3.03e-08
    96.4        0        0        0        0        0        0 2.92e-08
    96.6        0        0        0        0        0        0 2.81e-08
    96.8        0        0        0        0        0        0  2.7e-08
      97        0        0        0        0        0        0  2.6e-08
    97.2        0        0        0        0        0        0  2.5e-08
    97.4        0        0        0        0        0        0 2.41e-08
    97.6        0        0        0        0        0        0 2.31e-08
    97.8        0        0        0        0        0        0 2.23e-08
      98        0        0        0        0        0        0 2.14e-08
    98.2        0        0        0        0        0        0 2.06e-08
    98.4        0        0        0        0        0        0 1.98e-08
    98.6        0        0        0        0        0        0 1.91e-08
    98.8        0        0        0        0        0        0 1.84e-08
      99        0        0        0        0        0        0 1.77e-08
    99.2        0        0        0        0        0        0  1.7e-08
    99.4        0        0        0        0        0        0 1.64e-08
    99.6        0        0        0        0        0        0 1.58e-08
    99.8        0        0        0        0        0        0 1.51e-08
