-25 3.21e-11 7.2e-10 1 -1.26e-07
-24.6 0 0 1 -1.26e-07
-24.2 0 0 1 0
-23.8 0 0 1 0
-23.4 0 0 1 0
-23 0 0 1 0
-22.6 0 0 1 0
-22.2 0 0 1 0
-21.8 0 0 1 0
-21.4 0 0 1 0
-21 0 0 1 0
-20.6 0 0 1 0
-20.2 0 0 1 0
-19.8 0 0 1 0
-19.4 0 0 1 0
-19 0 0 1 0
-18.6 0 0 1 0
-18.2 0 0 1 0
-17.8 0 0 1 0
-17.4 0 0 1 0
-17 0 0 1 0
-16.6 0 0 1 0
-16.2 0 0 1 0
-15.8 0 0 1 0
-15.4 0 0 1 0
-15 0 0 1 0
-14.6 0 0 1 0
-14.2 0 0 1 0
-13.8 0 0 1 0
-13.4 0 0 1 0
-13 0 0 1 0
-12.6 0 0 1 0
-12.2 0 0 1 0
-11.8 0 0 1 0
-11.4 0 0 1 0
-11 0 0 1 0
-10.6 0 0 1 0
-10.2 0 0 1 0
-9.8 0 0.000496 1 0
-9.4 0 0.00365 1 0
-9 0 0.00883 1 0
-8.6 0 0.0171 1 0.0128
-8.2 0.00104 0.0254 1 0.0321
-7.8 0.00412 0.0352 1 0.0396
-7.4 0.00859 0.0495 1 0.0436
-7 0.0149 0.0665 1 0.0501
-6.6 0.0235 0.0875 1 0.0573
-6.2 0.0347 0.112 1 0.0644
-5.8 0.0488 0.14 1 0.0718
-5.4 0.0663 0.172 1 0.0793
-5 0.0874 0.207 1 0.0857
-4.6 0.112 0.247 1 0.0924
-4.2 0.141 0.289 1 0.0992
-3.8 0.174 0.333 1 0.104
-3.4 0.211 0.378 1 0.108
-3 0.251 0.424 1 0.11
-2.6 0.294 0.47 1 0.112
-2.2 0.34 0.515 1 0.113
-1.8 0.389 0.558 1 0.113
-1.4 0.439 0.599 1 0.112
-1 0.491 0.637 1 0.109
-0.6 0.542 0.671 1 0.104
-0.2 0.593 0.7 1 0.101
0.2 0.644 0.725 1.18 0.0957
0.6 0.692 0.744 1.21 0.0886
1 0.738 0.758 1.26 0.0812
1.4 0.78 0.765 1.31 0.0725
1.8 0.818 0.768 1.37 0.0642
2.2 0.852 0.769 1.43 0.0563
2.6 0.882 0.767 1.48 0.0496
3 0.909 0.764 1.53 0.0422
3.4 0.931 0.76 1.58 0.0359
3.8 0.951 0.756 1.61 0.0322
4.2 0.969 0.754 1.62 0.0286
4.6 0.985 0.752 1.62 0.026
5 1 0.751 1.6 0.0209
5.4 1.01 0.752 1.57 0.0249
5.8 1.03 0.754 1.52 0.033
6.2 1.05 0.756 1.46 0.0328
6.6 1.07 0.76 1.37 0.0326
7 1.09 0.764 1.28 0.0404
7.4 1.12 0.767 1.17 0.0481
7.8 1.15 0.769 1.06 0.0477
8.2 1.18 0.768 0.951 0.0551
8.6 1.22 0.765 0.841 0.0624
9 1.26 0.758 0.737 0.0694
9.4 1.31 0.744 0.643 0.0762
9.8 1.36 0.725 0.559 0.0752
10.2 1.41 0.7 0.483 0.0743
10.6 1.46 0.671 0.415 0.0735
11 1.51 0.637 0.354 0.0726
11.4 1.56 0.599 0.3 0.0719
11.8 1.61 0.558 0.252 0.0711
12.2 1.66 0.515 0.21 0.0704
12.6 1.71 0.47 0.173 0.0628
13 1.75 0.424 0.14 0.0553
13.4 1.79 0.378 0.112 0.0549
13.8 1.83 0.333 0.0905 0.0477
14.2 1.86 0.289 0.0735 0.0407
14.6 1.89 0.247 0.0581 0.0337
15 1.91 0.207 0.0438 0.0269
15.4 1.93 0.172 0.0319 0.0268
15.8 1.95 0.14 0.0227 0.0267
16.2 1.97 0.112 0.0158 0.02
16.6 1.98 0.0875 0.0107 0.0133
17 1.99 0.0665 0.00715 0.00663
17.4 1.99 0.0495 0.00471 0.00662
17.8 2 0.0352 0.00307 0.00662
18.2 2 0.0254 0.00199 0
18.6 2 0.0171 0.00129 0
19 2 0.00883 0.000829 0
19.4 2 0.00365 0.000533 0
19.8 2 0.000496 0.000343 0
20.2 2 0 0.00022 0
20.6 2 0 0.000141 0
21 2 0 9.07e-05 0
21.4 2 0 5.82e-05 0
21.8 2 0 3.73e-05 0
22.2 2 0 2.39e-05 0
22.6 2 0 1.53e-05 0
23 2 0 9.84e-06 0
23.4 2 0 6.31e-06 0
23.8 2 0 4.05e-06 0
24.2 2 0 2.59e-06 0
24.6 2 0 1.66e-06 0
25 2 0 1.07e-06 0
25.4 2 0 6.84e-07 0
25.8 2 0 4.38e-07 0
26.2 2 0 2.81e-07 0
26.6 2 0 1.8e-07 0
27 2 0 1.16e-07 0
27.4 2 0 7.4e-08 0
27.8 2 0 4.75e-08 0
28.2 2 0 3.04e-08 0
28.6 2 0 1.95e-08 0
29 2 0 1.25e-08 0
29.4 2 0 8.03e-09 0
29.8 2 0 5.15e-09 0
30.2 2 0 3.3e-09 0
30.6 2 0 2.12e-09 0
31 2 0 1.36e-09 0
31.4 2 0 8.69e-10 0
31.8 2 0 5.57e-10 0
32.2 2 0 3.57e-10 0
32.6 2 0 2.29e-10 0
33 2 0 1.47e-10 0
33.4 2 0 9.43e-11 0
33.8 2 0 6.05e-11 0
34.2 2 0 3.88e-11 0
34.6 2 0 2.48e-11 0
35 2 0 1.59e-11 0
35.4 2 0 1.02e-11 0
35.8 2 0 6.52e-12 0
36.2 2 0 4.05e-12 0
36.7 2 0 2.46e-12 0
37.1 2 0 1.5e-12 0
37.5 2 0 9.9e-13 0
37.9 2 0 6.36e-13 0
38.3 2 0 4.02e-13 0
38.8 2 0 2.48e-13 0
39.2 2 0 1.51e-13 0
39.6 2 0 9.27e-14 0
40.1 2 0 5.71e-14 0
40.7 2 0 3.19e-14 0
41.1 2 0 1.74e-14 0
41.5 2 2.37e-12 1.09e-14 0
42 2 5.24e-12 7.13e-15 0
42.4 2 6.64e-12 4.21e-15 0
43 2 8.08e-12 2.32e-15 0
43.5 2 9.61e-12 1.17e-15 0
44.2 2 1.03e-11 7.41e-16 0
