-15 0.0369 0.176 1 0.0101
-14.6 0.041 0.194 1 0.021
-14.2 0.0456 0.211 1 0.0224
-13.8 0.0506 0.23 1 0.0239
-13.4 0.0562 0.248 1 0.0254
-13 0.0623 0.268 1 0.0271
-12.6 0.0691 0.289 1 0.0288
-12.2 0.0765 0.311 1 0.0304
-11.8 0.0846 0.334 1 0.0322
-11.4 0.0935 0.359 1 0.0338
-11 0.103 0.385 1 0.0364
-10.6 0.114 0.412 1 0.0378
-10.2 0.125 0.441 1 0.0383
-9.8 0.137 0.471 1 0.042
-9.4 0.151 0.502 1 0.0438
-9 0.165 0.534 1 0.044
-8.6 0.18 0.566 1 0.0472
-8.2 0.197 0.6 1 0.0487
-7.8 0.214 0.633 1 0.0501
-7.4 0.233 0.667 1 0.0515
-7 0.252 0.701 1 0.0527
-6.6 0.273 0.735 1 0.054
-6.2 0.294 0.769 1 0.0551
-5.8 0.317 0.802 1 0.0562
-5.4 0.34 0.834 1 0.0561
-5 0.364 0.865 1 0.0572
-4.6 0.389 0.895 1 0.0582
-4.2 0.415 0.924 1 0.0581
-3.8 0.441 0.952 1 0.0569
-3.4 0.467 0.977 1 0.0569
-3 0.494 1 1 0.058
-2.6 0.522 1.02 1 0.057
-2.2 0.549 1.04 1 0.056
-1.8 0.577 1.06 1 0.0551
-1.4 0.604 1.08 0.993 0.0542
-1 0.632 1.09 0.989 0.0534
-0.6 0.659 1.1 0.986 0.0517
-0.2 0.686 1.11 0.981 0.0501
0.2 0.712 1.12 0.976 0.0485
0.6 0.738 1.13 0.97 0.048
1 0.764 1.14 0.963 0.0465
1.4 0.789 1.14 0.955 0.0451
1.8 0.814 1.14 0.947 0.0446
2.2 0.839 1.15 0.936 0.0433
2.6 0.863 1.15 0.925 0.0411
3 0.886 1.15 0.914 0.0399
3.4 0.909 1.15 0.901 0.0396
3.8 0.932 1.15 0.886 0.0392
4.2 0.955 1.15 0.87 0.0389
4.6 0.978 1.15 0.853 0.0378
5 1 1.15 0.835 0.035
5.4 1.02 1.15 0.816 0.0331
5.8 1.04 1.15 0.795 0.0411
6.2 1.07 1.15 0.774 0.0408
6.6 1.09 1.15 0.751 0.0324
7 1.11 1.15 0.727 0.0402
7.4 1.14 1.15 0.702 0.0399
7.8 1.16 1.15 0.676 0.0396
8.2 1.19 1.14 0.65 0.0394
8.6 1.21 1.14 0.623 0.039
9 1.24 1.14 0.596 0.0388
9.4 1.26 1.13 0.568 0.0385
9.8 1.29 1.12 0.54 0.0383
10.2 1.31 1.11 0.512 0.038
10.6 1.34 1.1 0.484 0.0454
11 1.37 1.09 0.457 0.045
11.4 1.4 1.08 0.43 0.0373
11.8 1.42 1.06 0.403 0.037
12.2 1.45 1.04 0.378 0.0442
12.6 1.48 1.02 0.353 0.0439
13 1.51 1 0.329 0.0364
13.4 1.53 0.977 0.305 0.0361
13.8 1.56 0.952 0.283 0.0431
14.2 1.59 0.924 0.262 0.0357
14.6 1.61 0.895 0.242 0.0355
15 1.64 0.865 0.223 0.0354
15.4 1.66 0.834 0.205 0.0282
15.8 1.68 0.802 0.189 0.035
16.2 1.71 0.769 0.173 0.0349
16.6 1.73 0.735 0.158 0.0278
17 1.75 0.701 0.144 0.0277
17.4 1.77 0.667 0.132 0.0276
17.8 1.79 0.633 0.12 0.0206
18.2 1.8 0.6 0.109 0.0205
18.6 1.82 0.566 0.099 0.0205
19 1.83 0.534 0.0899 0.0204
19.4 1.85 0.502 0.0815 0.0204
19.8 1.86 0.471 0.0737 0.0203
20.2 1.88 0.441 0.0666 0.0203
20.6 1.89 0.412 0.0602 0.0135
21 1.9 0.385 0.0544 0.0135
21.4 1.91 0.358 0.0491 0.0134
21.8 1.92 0.333 0.0442 0.00671
22.2 1.92 0.309 0.0398 0.0067
22.6 1.93 0.286 0.0359 0.0134
23 1.94 0.265 0.0323 0.00669
23.4 1.94 0.245 0.029 0.00668
23.8 1.95 0.226 0.0261 0.00668
24.2 1.95 0.209 0.0234 0.00666
24.6 1.96 0.192 0.021 0.00666
25 1.96 0.177 0.0189 0.00665
25.4 1.97 0.162 0.017 0.00665
25.8 1.97 0.149 0.0152 0
26.2 1.97 0.137 0.0136 0.00664
26.6 1.98 0.126 0.0122 0.00664
27 1.98 0.115 0.011 0
27.4 1.98 0.105 0.00984 0
27.8 1.98 0.0963 0.00883 0
28.2 1.98 0.0881 0.00791 0.00663
28.6 1.99 0.0805 0.00708 0.00663
29 1.99 0.0735 0.00634 0
29.4 1.99 0.0671 0.00568 0
29.8 1.99 0.0612 0.00509 0
30.2 1.99 0.0558 0.00456 0
30.6 1.99 0.0509 0.00408 0
31 1.99 0.0464 0.00365 0
31.4 1.99 0.0422 0.00327 0
31.8 1.99 0.0385 0.00293 0.00662
32.2 2 0.035 0.00262 0.00662
32.6 2 0.0319 0.00235 0
33 2 0.029 0.0021 0
33.4 2 0.0264 0.00188 0
33.8 2 0.024 0.00168 0
34.2 2 0.0218 0.00151 0
34.6 2 0.0198 0.00135 0
35 2 0.018 0.00121 0
35.4 2 0.0163 0.00108 0
35.8 2 0.0148 0.000966 0
36.2 2 0.0135 0.000865 0
36.6 2 0.0122 0.000774 0
37 2 0.0111 0.000693 0
37.4 2 0.0101 0.00062 0
37.8 2 0.00912 0.000555 0
38.2 2 0.00827 0.000496 0
38.6 2 0.0075 0.000445 0
39 2 0.0068 0.000398 0
39.4 2 0.00616 0.000356 0
39.8 2 0.00559 0.000319 0
40.2 2 0.00506 0.000285 0
40.6 2 0.00458 0.000255 0
41 2 0.00415 0.000228 0
41.4 2 0.00376 0.000204 0
41.8 2 0.00341 0.000183 0
42.2 2 0.00308 0.000164 0
42.6 2 0.00279 0.000146 0
43 2 0.00253 0.000131 0
43.4 2 0.00229 0.000117 0
43.8 2 0.00207 0.000105 0
44.2 2 0.00187 9.4e-05 0
44.6 2 0.00169 8.4e-05 0
45 2 0.00153 7.51e-05 0
45.4 2 0.00139 6.72e-05 0
45.8 2 0.00125 6.02e-05 0
46.2 2 0.00113 5.39e-05 0
46.6 2 0.00102 4.83e-05 0
47 2 0.000926 4.31e-05 0
47.4 2 0.000837 3.86e-05 0
47.8 2 0.000757 3.46e-05 0
48.2 2 0.000684 3.09e-05 0
48.6 2 0.000618 2.77e-05 0
49 2 0.000558 2.48e-05 0
49.4 2 0.000505 2.22e-05 0
49.8 2 0.000456 1.98e-05 0
50.2 2 0.000412 1.77e-05 0
50.6 2 0.000372 1.59e-05 0
51 2 0.000336 1.42e-05 0
51.4 2 0.000303 1.27e-05 0
51.8 2 0.000274 1.14e-05 0
52.2 2 0.000247 1.02e-05 0
52.6 2 0.000223 9.11e-06 0
53 2 0.000202 8.15e-06 0
53.4 2 0.000182 7.29e-06 0
53.8 2 0.000164 6.53e-06 0
54.2 2 0.000148 5.85e-06 0
54.6 2 0.000134 5.23e-06 0
55 2 0.000121 4.68e-06 0
55.4 2 0.000109 4.19e-06 0
55.8 2 9.84e-05 3.75e-06 0
56.2 2 8.88e-05 3.35e-06 0
56.6 2 8.01e-05 3e-06 0
57 2 7.23e-05 2.68e-06 0
57.4 2 6.52e-05 2.4e-06 0
57.8 2 5.88e-05 2.15e-06 0
58.2 2 5.3e-05 1.92e-06 0
58.6 2 4.78e-05 1.72e-06 0
59 2 4.32e-05 1.54e-06 0
59.4 2 3.89e-05 1.38e-06 0
59.8 2 3.51e-05 1.23e-06 0
60.2 2 3.17e-05 1.1e-06 0
60.6 2 2.85e-05 9.88e-07 0
61 2 2.57e-05 8.84e-07 0
61.4 2 2.32e-05 7.91e-07 0
61.8 2 2.09e-05 7.08e-07 0
62.2 2 1.89e-05 6.33e-07 0
62.6 2 1.7e-05 5.66e-07 0
63 2 1.53e-05 5.06e-07 0
63.4 2 1.38e-05 4.53e-07 0
63.8 2 1.24e-05 4.06e-07 0
64.2 2 1.12e-05 3.63e-07 0
64.6 2 1.01e-05 3.25e-07 0
65 2 9.11e-06 2.91e-07 0
65.4 2 8.21e-06 2.6e-07 0
65.8 2 7.4e-06 2.33e-07 0
66.2 2 6.66e-06 2.08e-07 0
66.6 2 6e-06 1.87e-07 0
67 2 5.41e-06 1.67e-07 0
67.4 2 4.87e-06 1.49e-07 0
67.8 2 4.39e-06 1.34e-07 0
68.2 2 3.95e-06 1.2e-07 0
68.6 2 3.56e-06 1.07e-07 0
69 2 3.21e-06 9.57e-08 0
69.4 2 2.89e-06 8.56e-08 0
69.8 2 2.6e-06 7.66e-08 0
70.2 2 2.34e-06 6.85e-08 0
70.6 2 2.11e-06 6.13e-08 0
71 2 1.9e-06 5.49e-08 0
71.4 2 1.71e-06 4.92e-08 0
71.8 2 1.54e-06 4.4e-08 0
72.2 2 1.39e-06 3.94e-08 0
72.6 2 1.25e-06 3.52e-08 0
73 2 1.13e-06 3.15e-08 0
73.4 2 1.01e-06 2.82e-08 0
73.8 2 9.13e-07 2.52e-08 0
74.2 2 8.22e-07 2.26e-08 0
74.6 2 7.41e-07 2.02e-08 0
75 2 6.67e-07 1.81e-08 0
75.4 2 6.01e-07 1.62e-08 0
75.8 2 5.41e-07 1.45e-08 0
76.2 2 4.87e-07 1.3e-08 0
76.6 2 4.39e-07 1.16e-08 0
77 2 3.95e-07 1.04e-08 0
77.4 2 3.56e-07 9.29e-09 0
77.8 2 3.2e-07 8.32e-09 0
78.2 2 2.88e-07 7.44e-09 0
78.6 2 2.59e-07 6.65e-09 0
79 2 2.33e-07 5.96e-09 0
79.4 2 2.09e-07 5.33e-09 0
79.8 2 1.88e-07 4.77e-09 0
80.2 2 1.69e-07 4.26e-09 0
80.6 2 1.52e-07 3.82e-09 0
81 2 1.37e-07 3.41e-09 0
81.4 2 1.23e-07 3.05e-09 0
81.8 2 1.11e-07 2.73e-09 0
82.2 2 9.99e-08 2.45e-09 0
82.6 2 8.98e-08 2.19e-09 0
83 2 8.09e-08 1.96e-09 0
83.4 2 7.28e-08 1.75e-09 0
83.8 2 6.56e-08 1.57e-09 0
84.2 2 5.9e-08 1.4e-09 0
84.6 2 5.3e-08 1.26e-09 0
85 2 4.78e-08 1.12e-09 0
85.4 2 4.3e-08 1.01e-09 0
85.8 2 3.86e-08 9e-10 0
86.2 2 3.48e-08 8.05e-10 0
86.6 2 3.13e-08 7.2e-10 0
87 2 2.82e-08 6.44e-10 0
87.4 2 2.54e-08 5.76e-10 0
87.8 2 2.28e-08 5.16e-10 0
88.2 2 2.05e-08 4.62e-10 0
88.6 2 1.85e-08 4.13e-10 0
89 2 1.66e-08 3.7e-10 0
89.4 2 1.49e-08 3.31e-10 0
89.8 2 1.35e-08 2.96e-10 0
90.2 2 1.21e-08 2.65e-10 0
90.6 2 1.09e-08 2.37e-10 0
91 2 9.8e-09 2.12e-10 0
91.4 2 8.83e-09 1.9e-10 0
91.8 2 7.99e-09 1.7e-10 0
92.2 2 7.2e-09 1.52e-10 0
92.6 2 6.47e-09 1.36e-10 0
93 2 5.83e-09 1.22e-10 0
93.4 2 5.27e-09 1.09e-10 0
93.8 2 4.72e-09 9.76e-11 0
94.2 2 4.24e-09 8.74e-11 0
94.6 2 3.83e-09 7.82e-11 0
95 2 3.43e-09 6.99e-11 0
95.4 2 3.03e-09 6.26e-11 0
95.8 2 2.71e-09 5.6e-11 0
96.2 2 2.46e-09 5.01e-11 0
96.6 2 2.25e-09 4.48e-11 0
97 2 2.07e-09 4.01e-11 0
97.4 2 1.95e-09 3.59e-11 0
97.8 2 1.86e-09 3.21e-11 0
98.2 2 1.8e-09 2.87e-11 0
98.6 2 1.76e-09 2.57e-11 0
99 2 1.71e-09 2.3e-11 0
99.4 2 1.71e-09 2.03e-11 0
99.8 2 1.7e-09 1.9e-11 0
