-25 0.00108 0.00888 1 0.00127
-24.6 0.00124 0.0394 1 0.00508
-14.7 0.0257 0.0697 1 0.0129
-14.3 0.029 0.0999 1 0.0192
-13.9 0.0328 0.13 1 0.0208
-13.5 0.037 0.159 1 0.0222
-13.1 0.0417 0.187 1 0.0238
-12.7 0.0469 0.215 1 0.0256
-12.3 0.0528 0.241 1 0.0277
-11.9 0.0594 0.267 1 0.0297
-11.5 0.0667 0.29 1 0.0316
-11.1 0.0748 0.312 1 0.0338
-10.7 0.0838 0.334 1 0.0361
-10.3 0.0938 0.359 1 0.0388
-9.9 0.105 0.385 1 0.041
-9.5 0.117 0.415 1 0.0426
-9.1 0.13 0.448 1 0.0444
-8.7 0.144 0.481 1 0.0476
-8.3 0.16 0.516 1 0.0506
-7.9 0.177 0.552 1 0.0519
-7.5 0.195 0.589 1 0.0546
-7.1 0.215 0.626 1 0.0557
-6.7 0.235 0.664 1 0.058
-6.3 0.258 0.702 1 0.0603
-5.9 0.281 0.739 1 0.061
-5.5 0.306 0.777 1 0.0631
-5.1 0.332 0.813 1 0.0638
-4.7 0.359 0.849 1 0.0645
-4.3 0.387 0.883 1 0.0652
-3.9 0.416 0.917 1 0.0659
-3.5 0.446 0.948 1 0.0665
-3.1 0.477 0.978 0.99 0.0661
-2.7 0.508 1.01 0.987 0.0648
-2.3 0.539 1.03 0.984 0.0645
-1.9 0.571 1.05 0.979 0.0653
-1.5 0.604 1.08 0.974 0.0641
-1.1 0.636 1.09 0.968 0.063
-0.7 0.669 1.11 0.961 0.062
-0.3 0.701 1.13 0.952 0.06
0.1 0.733 1.14 0.942 0.0601
0.5 0.766 1.15 0.93 0.0583
0.9 0.797 1.16 0.917 0.0566
1.3 0.829 1.17 0.902 0.0568
1.7 0.861 1.17 0.886 0.0552
2.1 0.892 1.18 0.868 0.0537
2.5 0.923 1.18 0.849 0.0531
2.9 0.954 1.18 0.827 0.0525
3.3 0.985 1.18 0.804 0.0552
3.7 1.02 1.18 0.78 0.0539
4.1 1.05 1.18 0.754 0.0492
4.5 1.08 1.18 0.727 0.0487
4.9 1.11 1.18 0.698 0.0483
5.3 1.14 1.17 0.669 0.0479
5.7 1.17 1.17 0.639 0.0475
6.1 1.2 1.16 0.608 0.0471
6.5 1.23 1.15 0.577 0.0544
6.9 1.27 1.14 0.545 0.0539
7.3 1.3 1.13 0.514 0.0458
7.7 1.33 1.11 0.482 0.0455
8.1 1.36 1.09 0.452 0.0526
8.5 1.4 1.08 0.421 0.0522
8.9 1.43 1.05 0.392 0.0444
9.3 1.46 1.03 0.363 0.0441
9.7 1.49 1.01 0.336 0.0438
10.1 1.52 0.978 0.31 0.0435
10.5 1.55 0.948 0.285 0.0432
10.9 1.58 0.917 0.261 0.0429
11.3 1.61 0.883 0.239 0.0427
11.7 1.64 0.849 0.218 0.0424
12.1 1.67 0.813 0.198 0.0352
12.5 1.69 0.777 0.18 0.0349
12.9 1.72 0.739 0.163 0.0348
13.3 1.74 0.702 0.147 0.0277
13.7 1.76 0.664 0.133 0.0345
14.1 1.79 0.626 0.12 0.0343
14.5 1.81 0.589 0.108 0.0205
14.9 1.82 0.552 0.0967 0.0205
15.3 1.84 0.516 0.0867 0.0272
15.7 1.86 0.481 0.0776 0.0203
16.1 1.87 0.448 0.0694 0.0135
16.5 1.88 0.415 0.062 0.0202
16.9 1.9 0.385 0.0553 0.0202
17.3 1.91 0.355 0.0492 0.0134
17.7 1.92 0.327 0.0438 0.0134
18.1 1.93 0.301 0.0389 0.0067
18.5 1.93 0.276 0.0346 0.00669
18.9 1.94 0.253 0.0307 0.0134
19.3 1.95 0.232 0.0273 0.00668
19.7 1.95 0.212 0.0242 0.00666
20.1 1.96 0.193 0.0214 0.00666
20.5 1.96 0.176 0.019 0.00665
20.9 1.97 0.16 0.0168 0.00665
21.3 1.97 0.145 0.0149 0
21.7 1.97 0.132 0.0132 0.00664
22.1 1.98 0.12 0.0117 0.00664
22.5 1.98 0.108 0.0103 0
22.9 1.98 0.098 0.00912 0
23.3 1.98 0.0886 0.00806 0.00663
23.7 1.99 0.08 0.00712 0.00663
24.1 1.99 0.0723 0.00629 0
24.5 1.99 0.0652 0.00556 0
24.9 1.99 0.0588 0.00492 0
25.3 1.99 0.053 0.00434 0
25.7 1.99 0.0478 0.00383 0
26.1 1.99 0.043 0.00339 0
26.5 1.99 0.0387 0.00299 0.00662
26.9 2 0.0348 0.00264 0.00662
27.3 2 0.0313 0.00233 0
27.7 2 0.0282 0.00206 0
28.1 2 0.0253 0.00182 0
28.5 2 0.0227 0.0016 0
28.9 2 0.0204 0.00142 0
29.3 2 0.0183 0.00125 0
29.7 2 0.0164 0.0011 0
30.1 2 0.0148 0.000973 0
30.5 2 0.0132 0.000859 0
30.9 2 0.0119 0.000758 0
31.3 2 0.0106 0.000669 0
31.7 2 0.00953 0.000591 0
32.1 2 0.00854 0.000522 0
32.5 2 0.00765 0.00046 0
32.9 2 0.00685 0.000406 0
33.3 2 0.00614 0.000358 0
33.7 2 0.00549 0.000316 0
34.1 2 0.00492 0.000279 0
34.5 2 0.0044 0.000247 0
34.9 2 0.00394 0.000218 0
35.3 2 0.00352 0.000192 0
35.7 2 0.00315 0.000169 0
36.1 2 0.00281 0.00015 0
36.5 2 0.00251 0.000132 0
36.9 2 0.00225 0.000116 0
37.3 2 0.00201 0.000103 0
37.7 2 0.0018 9.06e-05 0
38.1 2 0.0016 8e-05 0
38.5 2 0.00143 7.07e-05 0
38.9 2 0.00128 6.24e-05 0
39.3 2 0.00114 5.51e-05 0
39.7 2 0.00102 4.85e-05 0
40.1 2 0.000911 4.28e-05 0
40.5 2 0.000813 3.78e-05 0
40.9 2 0.000726 3.34e-05 0
41.3 2 0.000648 2.94e-05 0
41.7 2 0.000578 2.6e-05 0
42.1 2 0.000516 2.29e-05 0
42.5 2 0.00046 2.02e-05 0
42.9 2 0.00041 1.79e-05 0
43.3 2 0.000366 1.58e-05 0
43.7 2 0.000326 1.39e-05 0
44.1 2 0.000291 1.23e-05 0
44.5 2 0.000259 1.08e-05 0
44.9 2 0.000231 9.57e-06 0
45.3 2 0.000206 8.44e-06 0
45.7 2 0.000184 7.45e-06 0
46.1 2 0.000164 6.57e-06 0
46.5 2 0.000146 5.79e-06 0
46.9 2 0.00013 5.12e-06 0
47.3 2 0.000116 4.52e-06 0
47.7 2 0.000103 3.99e-06 0
48.1 2 9.19e-05 3.52e-06 0
48.5 2 8.19e-05 3.1e-06 0
48.9 2 7.29e-05 2.74e-06 0
49.3 2 6.49e-05 2.42e-06 0
49.7 2 5.78e-05 2.13e-06 0
50.1 2 5.15e-05 1.88e-06 0
50.5 2 4.59e-05 1.66e-06 0
50.9 2 4.08e-05 1.47e-06 0
51.3 2 3.63e-05 1.29e-06 0
51.7 2 3.24e-05 1.14e-06 0
52.1 2 2.88e-05 1.01e-06 0
52.5 2 2.56e-05 8.89e-07 0
52.9 2 2.28e-05 7.84e-07 0
53.3 2 2.03e-05 6.92e-07 0
53.7 2 1.81e-05 6.11e-07 0
54.1 2 1.61e-05 5.4e-07 0
54.5 2 1.43e-05 4.76e-07 0
54.9 2 1.27e-05 4.2e-07 0
55.3 2 1.13e-05 3.71e-07 0
55.7 2 1.01e-05 3.27e-07 0
56.1 2 8.95e-06 2.89e-07 0
56.5 2 7.96e-06 2.55e-07 0
56.9 2 7.08e-06 2.25e-07 0
57.3 2 6.3e-06 1.99e-07 0
57.7 2 5.6e-06 1.75e-07 0
58.1 2 4.98e-06 1.55e-07 0
58.5 2 4.43e-06 1.36e-07 0
58.9 2 3.94e-06 1.2e-07 0
59.3 2 3.5e-06 1.06e-07 0
59.7 2 3.11e-06 9.37e-08 0
60.1 2 2.77e-06 8.27e-08 0
60.5 2 2.46e-06 7.3e-08 0
60.9 2 2.19e-06 6.44e-08 0
61.3 2 1.94e-06 5.69e-08 0
61.7 2 1.73e-06 5.02e-08 0
62.1 2 1.54e-06 4.43e-08 0
62.5 2 1.37e-06 3.91e-08 0
62.9 2 1.21e-06 3.45e-08 0
63.3 2 1.08e-06 3.04e-08 0
63.7 2 9.59e-07 2.69e-08 0
64.1 2 8.52e-07 2.37e-08 0
64.5 2 7.57e-07 2.09e-08 0
64.9 2 6.73e-07 1.85e-08 0
65.3 2 5.98e-07 1.63e-08 0
65.7 2 5.31e-07 1.44e-08 0
66.1 2 4.72e-07 1.27e-08 0
66.5 2 4.19e-07 1.12e-08 0
66.9 2 3.72e-07 9.88e-09 0
67.3 2 3.31e-07 8.72e-09 0
67.7 2 2.94e-07 7.7e-09 0
68.1 2 2.61e-07 6.8e-09 0
68.5 2 2.32e-07 6e-09 0
68.9 2 2.06e-07 5.3e-09 0
69.3 2 1.82e-07 4.67e-09 0
69.7 2 1.62e-07 4.12e-09 0
70.1 2 1.44e-07 3.64e-09 0
70.5 2 1.28e-07 3.21e-09 0
70.9 2 1.13e-07 2.83e-09 0
71.3 2 1.01e-07 2.5e-09 0
71.7 2 8.94e-08 2.2e-09 0
72.1 2 7.94e-08 1.94e-09 0
72.5 2 7.05e-08 1.72e-09 0
72.9 2 6.25e-08 1.52e-09 0
73.3 2 5.56e-08 1.34e-09 0
73.7 2 4.93e-08 1.18e-09 0
74.1 2 4.38e-08 1.04e-09 0
74.5 2 3.89e-08 9.19e-10 0
74.9 2 3.45e-08 8.11e-10 0
75.3 2 3.06e-08 7.15e-10 0
75.7 2 2.72e-08 6.31e-10 0
76.1 2 2.42e-08 5.57e-10 0
76.5 2 2.14e-08 4.92e-10 0
76.9 2 1.9e-08 4.34e-10 0
77.3 2 1.69e-08 3.83e-10 0
77.7 2 1.5e-08 3.38e-10 0
78.1 2 1.34e-08 2.98e-10 0
78.5 2 1.19e-08 2.63e-10 0
78.9 2 1.05e-08 2.32e-10 0
79.3 2 9.32e-09 2.05e-10 0
79.7 2 8.28e-09 1.81e-10 0
80.1 2 7.33e-09 1.6e-10 0
80.5 2 6.49e-09 1.41e-10 0
80.9 2 5.73e-09 1.24e-10 0
81.3 2 5.05e-09 1.1e-10 0
81.7 2 4.44e-09 9.69e-11 0
82.1 2 3.9e-09 8.55e-11 0
82.5 2 3.44e-09 7.55e-11 0
82.9 2 3.03e-09 6.66e-11 0
83.3 2 2.64e-09 5.87e-11 0
83.7 2 2.37e-09 5.19e-11 0
84.1 2 2.09e-09 4.58e-11 0
84.5 2 1.85e-09 4.04e-11 0
84.9 2 1.63e-09 3.56e-11 0
85.3 2 1.44e-09 3.15e-11 0
85.7 2 1.3e-09 2.78e-11 0
86.1 2 1.18e-09 2.45e-11 0
86.5 2 1.06e-09 2.16e-11 0
86.9 2 9.64e-10 1.91e-11 0
87.3 2 8.82e-10 1.68e-11 0
87.7 2 7.81e-10 1.49e-11 0
88.1 2 7.37e-10 1.31e-11 0
88.5 2 6.68e-10 1.15e-11 0
89 2 5.95e-10 1.01e-11 0
89.4 2 5.85e-10 8.73e-12 0
89.9 2 5.4e-10 7.43e-12 0
90.5 2 5.01e-10 6.28e-12 0
91 2 4.7e-10 5.31e-12 0
91.4 2 4.33e-10 4.63e-12 0
91.9 2 3.85e-10 3.95e-12 0
92.5 2 3.83e-10 3.3e-12 0
93.1 2 3.64e-10 2.76e-12 0
93.7 2 3.4e-10 2.28e-12 0
94.2 2 3.17e-10 1.84e-12 0
95.3 2 3.16e-10 1.45e-12 0
95.7 2 3.02e-10 1.19e-12 0
96.2 2 2.9e-10 1.02e-12 0
96.8 2 3.14e-10 8.68e-13 0
97.4 2 3.13e-10 6.71e-13 0
98.4 2 3.24e-10 4.94e-13 0
