     -10    4e-06        0        0 0.000243 1.59e+05
    -9.5  1.1e-05        0        0 0.000777  2.2e+05
      -9  3.3e-05        0        0  0.00157 8.03e+04
    -8.5  9.4e-05        0        0  0.00312 2.66e+04
      -8 0.000267        0        0  0.00616  9.3e+03
    -7.5 0.000746        0        0    0.012 3.26e+03
      -7  0.00206        0        0   0.0198 1.24e+03
    -6.8  0.00303        0        0   0.0267      645
    -6.6   0.0044        0        0   0.0327      426
    -6.4  0.00627        0        0   0.0396      285
    -6.2  0.00882        0        0   0.0468      192
      -6   0.0121        0        0   0.0547      131
    -5.8   0.0164        0        0   0.0627     91.4
    -5.6   0.0217        0        0   0.0708     64.1
    -5.4   0.0283        0        0   0.0786       46
    -5.2   0.0361        0        0   0.0851       33
      -5   0.0452        0        0   0.0911     24.3
    -4.8   0.0556        0        0   0.0964     18.2
    -4.6   0.0673        0        0   0.0996     13.7
    -4.4   0.0799        0        0    0.103     10.6
    -4.2    0.094        0        0    0.107     8.35
      -4    0.109        0        0    0.108      6.6
    -3.8    0.125        0        0    0.113     5.45
    -3.6    0.143        0        0    0.115     4.47
    -3.4    0.161        0        0    0.113     3.59
    -3.2     0.18        0        0    0.112     2.97
      -3    0.199        0        0    0.114     2.53
    -2.8     0.22        0        0    0.119     2.23
    -2.6    0.242        0        0     0.12     1.93
    -2.4    0.265        0        0    0.122     1.68
    -2.2    0.289        0        0    0.121     1.45
      -2    0.313        0        0    0.123     1.28
    -1.8    0.339        0        0    0.127     1.16
    -1.6    0.366        0        0    0.126     1.01
    -1.4    0.393        0        0    0.127    0.906
    -1.2    0.422        0        0    0.127    0.806
      -1     0.45        0        0    0.126    0.716
    -0.8     0.48        0        0    0.124    0.634
    -0.6    0.508        0        0    0.117    0.544
    -0.4    0.536        0        0    0.115    0.489
    -0.2    0.564        0        0    0.115    0.448
       0    0.593        0        0    0.111      0.4
     0.2     0.62        0        0    0.106    0.352
     0.4    0.647        0        0    0.104    0.323
     0.6    0.674        0        0    0.101    0.293
     0.8      0.7        0        0   0.0976    0.266
       1    0.726        0        0   0.0946    0.243
     1.2    0.751        0        0   0.0899    0.218
     1.4    0.775        0        0   0.0853    0.196
     1.6    0.798        0        0   0.0844    0.184
     1.8    0.822        0        0   0.0836    0.174
       2    0.845        0        0   0.0759    0.151
     2.2    0.865        0        0   0.0717    0.137
     2.4    0.886        0        0   0.0694    0.128
     2.6    0.905        0        0   0.0638    0.113
     2.8    0.923        0        0   0.0582      0.1
       3    0.939        0        0   0.0494   0.0825
     3.2    0.952        0        0   0.0424    0.069
     3.4    0.964        0        0   0.0371   0.0593
     3.6    0.974        0        0   0.0286   0.0449
     3.8    0.981        0        0   0.0218   0.0338
       4    0.987        0        0   0.0167   0.0257
     4.2    0.991        0        0   0.0117   0.0178
     4.4    0.994        0        0     0.01   0.0152
     4.6    0.997        0        0  0.00668   0.0101
     4.8    0.998        0        0    0.005  0.00752
       5        1        0        0  0.00333  0.00501
     5.2        1        0        0        0        0
     5.4        1        0        0   0.0166   0.0248
     5.6     1.01        0        0   0.0166   0.0248
     5.8     1.01        0        0        0        0
       6     1.01        0        0   0.0166   0.0243
     6.2     1.02        0        0   0.0331   0.0481
     6.4     1.03        0        0    0.033   0.0471
     6.6     1.04        0        0   0.0329   0.0462
     6.8     1.05        0        0   0.0328   0.0454
       7     1.06        0        0    0.049   0.0661
     7.2     1.08        0        0    0.065   0.0858
     7.4      1.1        0        0   0.0485   0.0626
     7.6     1.11        0        0   0.0482   0.0603
     7.8     1.13        0        0   0.0799   0.0971
       8     1.16        0        0   0.0794   0.0937
     8.2     1.18        0        0   0.0631   0.0718
     8.4      1.2        0        0   0.0627   0.0695
     8.6     1.22        0        0   0.0779   0.0833
     8.8     1.25        0        0   0.0775   0.0807
       9     1.27        0        0   0.0769   0.0769
     9.2      1.3        0        0   0.0916   0.0888
     9.4     1.33        0        0   0.0759   0.0712
     9.6     1.35        0        0   0.0753   0.0681
     9.8     1.38        0        0   0.0898   0.0788
      10     1.41        0        0   0.0892   0.0755
    10.2     1.44        0        0   0.0739   0.0607
    10.4     1.46        0        0   0.0734   0.0583
    10.6     1.49        0        0   0.0876   0.0676
    10.8     1.52        0        0    0.087   0.0649
      11     1.55        0        0   0.0864   0.0625
    11.2     1.58        0        0   0.0859   0.0601
    11.4     1.61        0        0   0.0712   0.0485
    11.6     1.63        0        0   0.0707   0.0468
    11.8     1.66        0        0   0.0845   0.0545
      12     1.69        0        0     0.07    0.044
    12.2     1.71        0        0   0.0696   0.0425
    12.4     1.74        0        0   0.0694   0.0415
    12.6     1.76        0        0   0.0552   0.0323
    12.8     1.78        0        0    0.055   0.0316
      13      1.8        0        0   0.0548   0.0309
    13.2     1.82        0        0   0.0546   0.0302
    13.4     1.84        0        0   0.0544   0.0295
    13.6     1.86        0        0   0.0407   0.0218
    13.8     1.87        0        0   0.0405   0.0213
      14     1.89        0        0   0.0539    0.028
    14.2     1.91        0        0   0.0403   0.0207
    14.4     1.92        0        0   0.0268   0.0136
    14.6     1.93        0        0   0.0268   0.0134
    14.8     1.94        0        0   0.0267   0.0133
      15     1.95        0        0   0.0267   0.0131
    15.2     1.96        0        0   0.0266    0.013
    15.4     1.97        0        0   0.0266   0.0129
    15.6     1.98        0        0   0.0133  0.00641
    15.8     1.98        0        0   0.0133  0.00634
      16     1.99        0        0   0.0133  0.00634
    16.2     1.99        0        0        0        0
    16.4     1.99        0        0   0.0132  0.00628
    16.6        2        0        0   0.0132  0.00628
    16.8        2        0        0        0        0
      17        2        0        0        0        0
    17.5        2        0        0        0        0
      18        2        0        0        0        0
    18.5        2        0        0        0        0
      19        2        0        0        0        0
    19.5        2        0        0        0        0
      20        2        0        0        0        0
