     -10  7.3e-05        0        0  0.00111 7.16e+03
    -9.5 0.000153        0        0  0.00299 1.06e+04
      -9 0.000326        0        0  0.00491 5.08e+03
    -8.5 0.000685        0        0  0.00796 2.37e+03
      -8  0.00143        0        0   0.0128 1.12e+03
    -7.5  0.00294        0        0     0.02      530
      -7  0.00592        0        0   0.0286      273
    -6.8  0.00779        0        0   0.0358      177
    -6.6   0.0102        0        0   0.0407      130
    -6.4   0.0131        0        0   0.0458     95.4
    -6.2   0.0167        0        0    0.052     72.4
      -6   0.0211        0        0   0.0589     55.4
    -5.8   0.0265        0        0   0.0658     42.5
    -5.6   0.0329        0        0   0.0712     32.2
    -5.4   0.0402        0        0   0.0772     24.8
    -5.2   0.0488        0        0   0.0829     19.4
      -5   0.0584        0        0   0.0883     15.2
    -4.8   0.0694        0        0   0.0932     12.1
    -4.6   0.0814        0        0    0.095     9.46
    -4.4   0.0941        0        0    0.101     7.78
    -4.2    0.109        0        0    0.104     6.41
      -4    0.124        0        0    0.107     5.21
    -3.8    0.141        0        0    0.109     4.34
    -3.6    0.158        0        0    0.108     3.53
    -3.4    0.176        0        0    0.113     3.07
    -3.2    0.196        0        0    0.115     2.63
      -3    0.216        0        0    0.117     2.25
    -2.8    0.238        0        0    0.118     1.96
    -2.6     0.26        0        0     0.12      1.7
    -2.4    0.284        0        0    0.124     1.52
    -2.2    0.309        0        0    0.123     1.32
      -2    0.334        0        0    0.123     1.15
    -1.8     0.36        0        0    0.122     1.01
    -1.6    0.386        0        0    0.124    0.906
    -1.4    0.414        0        0    0.123    0.808
    -1.2    0.441        0        0    0.118    0.697
      -1    0.468        0        0     0.12    0.639
    -0.8    0.497        0        0     0.12     0.58
    -0.6    0.525        0        0    0.116    0.509
    -0.4    0.553        0        0    0.112    0.452
    -0.2     0.58        0        0     0.11    0.409
       0    0.608        0        0    0.106    0.367
     0.2    0.634        0        0    0.103     0.33
     0.4    0.661        0        0    0.101    0.304
     0.6    0.687        0        0   0.0964    0.271
     0.8    0.712        0        0   0.0933    0.247
       1    0.737        0        0   0.0904    0.226
     1.2    0.761        0        0   0.0858    0.203
     1.4    0.784        0        0   0.0832    0.187
     1.6    0.807        0        0   0.0806    0.173
     1.8    0.829        0        0   0.0745    0.153
       2    0.849        0        0   0.0704    0.139
     2.2    0.869        0        0   0.0664    0.126
     2.4    0.887        0        0   0.0607    0.111
     2.6    0.904        0        0   0.0552   0.0981
     2.8    0.919        0        0   0.0514   0.0888
       3    0.934        0        0   0.0461   0.0776
     3.2    0.946        0        0   0.0391   0.0643
     3.4    0.957        0        0   0.0338   0.0547
     3.6    0.966        0        0    0.027    0.043
     3.8    0.973        0        0   0.0235    0.037
       4     0.98        0        0   0.0201   0.0313
     4.2    0.985        0        0   0.0168   0.0258
     4.4     0.99        0        0   0.0134   0.0204
     4.6    0.993        0        0   0.0117   0.0177
     4.8    0.997        0        0   0.0117   0.0176
       5        1        0        0    0.005  0.00752
     5.2        1        0        0   0.0166   0.0248
     5.4     1.01        0        0   0.0166   0.0248
     5.6     1.01        0        0        0        0
     5.8     1.01        0        0   0.0166   0.0243
       6     1.02        0        0   0.0331   0.0481
     6.2     1.03        0        0   0.0165   0.0238
     6.4     1.03        0        0   0.0165   0.0233
     6.6     1.04        0        0   0.0329   0.0462
     6.8     1.05        0        0   0.0491   0.0674
       7     1.07        0        0    0.049   0.0661
     7.2     1.08        0        0   0.0487   0.0637
     7.4      1.1        0        0   0.0485   0.0626
     7.6     1.11        0        0   0.0482   0.0603
     7.8     1.13        0        0    0.064   0.0783
       8     1.15        0        0   0.0636   0.0756
     8.2     1.17        0        0   0.0633   0.0731
     8.4     1.19        0        0   0.0785   0.0876
     8.6     1.22        0        0   0.0781   0.0847
     8.8     1.24        0        0   0.0621   0.0651
       9     1.26        0        0   0.0771   0.0781
     9.2     1.29        0        0   0.0767   0.0757
     9.4     1.31        0        0   0.0761   0.0723
     9.6     1.34        0        0   0.0907   0.0836
     9.8     1.37        0        0   0.0751   0.0671
      10     1.39        0        0   0.0746   0.0643
    10.2     1.42        0        0    0.089   0.0744
    10.4     1.45        0        0   0.0884   0.0714
    10.6     1.48        0        0   0.0732   0.0575
    10.8      1.5        0        0   0.0727   0.0552
      11     1.53        0        0   0.0868   0.0641
    11.2     1.56        0        0   0.0862   0.0617
    11.4     1.59        0        0   0.0715   0.0498
    11.6     1.61        0        0    0.071   0.0479
    11.8     1.64        0        0   0.0848   0.0558
      12     1.67        0        0   0.0703   0.0451
    12.2     1.69        0        0   0.0699   0.0435
    12.4     1.72        0        0   0.0696   0.0425
    12.6     1.74        0        0   0.0554    0.033
    12.8     1.76        0        0   0.0552   0.0323
      13     1.78        0        0    0.055   0.0316
    13.2      1.8        0        0   0.0548   0.0309
    13.4     1.82        0        0   0.0546   0.0302
    13.6     1.84        0        0   0.0544   0.0295
    13.8     1.86        0        0   0.0542   0.0289
      14     1.88        0        0   0.0405   0.0213
    14.2     1.89        0        0   0.0404   0.0209
    14.4     1.91        0        0   0.0403   0.0207
    14.6     1.92        0        0   0.0268   0.0136
    14.8     1.93        0        0   0.0268   0.0134
      15     1.94        0        0   0.0267   0.0133
    15.2     1.95        0        0   0.0267   0.0131
    15.4     1.96        0        0   0.0266    0.013
    15.6     1.97        0        0   0.0133  0.00647
    15.8     1.97        0        0   0.0133  0.00641
      16     1.98        0        0   0.0133  0.00641
    16.2     1.98        0        0   0.0133  0.00634
    16.4     1.99        0        0   0.0133  0.00634
    16.6     1.99        0        0        0        0
    16.8     1.99        0        0        0        0
      17     1.99        0        0   0.0053  0.00251
    17.5        2        0        0   0.0053  0.00251
      18        2        0        0        0        0
    18.5        2        0        0        0        0
      19        2        0        0        0        0
    19.5        2        0        0        0        0
      20        2        0        0        0        0
