     -10 0.000121        0        0  0.00145 4.15e+03
    -9.5 0.000243        0        0  0.00378 6.23e+03
      -9 0.000491        0        0    0.006  3.1e+03
    -8.5 0.000984        0        0  0.00938 1.52e+03
      -8  0.00195        0        0   0.0145      754
    -7.5  0.00381        0        0    0.022      376
      -7   0.0073        0        0   0.0304      202
    -6.8  0.00939        0        0    0.037      134
    -6.6    0.012        0        0   0.0421      102
    -6.4   0.0152        0        0   0.0476     77.4
    -6.2   0.0191        0        0    0.054     59.9
      -6   0.0239        0        0     0.06     46.1
    -5.8   0.0295        0        0   0.0656     35.4
    -5.6   0.0361        0        0    0.072     27.7
    -5.4   0.0438        0        0   0.0774     21.6
    -5.2   0.0525        0        0   0.0818     16.9
      -5   0.0622        0        0   0.0877     13.6
    -4.8   0.0734        0        0   0.0931       11
    -4.6   0.0856        0        0   0.0953      8.7
    -4.4   0.0986        0        0   0.0988     7.08
    -4.2    0.113        0        0    0.101     5.82
      -4    0.128        0        0    0.106     4.88
    -3.8    0.145        0        0    0.111     4.19
    -3.6    0.163        0        0     0.11     3.43
    -3.4    0.181        0        0    0.112      2.9
    -3.2    0.201        0        0    0.117     2.55
      -3    0.222        0        0    0.116     2.15
    -2.8    0.243        0        0    0.117     1.86
    -2.6    0.266        0        0    0.122     1.67
    -2.4     0.29        0        0    0.121     1.44
    -2.2    0.314        0        0     0.12     1.25
      -2    0.339        0        0    0.122     1.11
    -1.8    0.365        0        0    0.121    0.981
    -1.6    0.391        0        0    0.121    0.868
    -1.4    0.418        0        0    0.123    0.788
    -1.2    0.446        0        0     0.12    0.695
      -1    0.473        0        0    0.118    0.615
    -0.8    0.501        0        0    0.115    0.551
    -0.6    0.528        0        0    0.113    0.494
    -0.4    0.556        0        0    0.112    0.447
    -0.2    0.583        0        0     0.11    0.405
       0    0.611        0        0    0.106    0.364
     0.2    0.637        0        0    0.103    0.327
     0.4    0.664        0        0   0.0994    0.296
     0.6    0.689        0        0   0.0962    0.269
     0.8    0.715        0        0   0.0932    0.245
       1    0.739        0        0   0.0885     0.22
     1.2    0.763        0        0   0.0857    0.202
     1.4    0.786        0        0   0.0813    0.182
     1.6    0.808        0        0   0.0787    0.169
     1.8     0.83        0        0   0.0745    0.153
       2     0.85        0        0   0.0686    0.135
     2.2    0.869        0        0   0.0646    0.123
     2.4    0.887        0        0    0.059    0.108
     2.6    0.903        0        0   0.0535   0.0952
     2.8    0.918        0        0   0.0497   0.0861
       3    0.932        0        0   0.0444    0.075
     3.2    0.944        0        0   0.0391   0.0646
     3.4    0.955        0        0   0.0339   0.0549
     3.6    0.964        0        0   0.0287   0.0458
     3.8    0.972        0        0   0.0236   0.0371
       4    0.978        0        0   0.0201   0.0314
     4.2    0.984        0        0   0.0184   0.0284
     4.4    0.989        0        0   0.0151    0.023
     4.6    0.993        0        0   0.0117   0.0178
     4.8    0.996        0        0   0.0117   0.0176
       5        1        0        0  0.00667     0.01
     5.2        1        0        0   0.0166   0.0248
     5.4     1.01        0        0   0.0166   0.0248
     5.6     1.01        0        0   0.0166   0.0243
     5.8     1.02        0        0   0.0166   0.0243
       6     1.02        0        0   0.0165   0.0238
     6.2     1.03        0        0    0.033   0.0471
     6.4     1.04        0        0   0.0329   0.0462
     6.6     1.05        0        0   0.0328   0.0454
     6.8     1.06        0        0   0.0327   0.0445
       7     1.07        0        0   0.0326   0.0437
     7.2     1.08        0        0   0.0487   0.0637
     7.4      1.1        0        0   0.0485   0.0626
     7.6     1.11        0        0   0.0482   0.0603
     7.8     1.13        0        0    0.064   0.0783
       8     1.15        0        0   0.0636   0.0756
     8.2     1.17        0        0   0.0633   0.0731
     8.4     1.19        0        0   0.0629   0.0706
     8.6     1.21        0        0   0.0781   0.0847
     8.8     1.24        0        0   0.0777    0.082
       9     1.26        0        0   0.0771   0.0781
     9.2     1.29        0        0   0.0767   0.0757
     9.4     1.31        0        0   0.0761   0.0723
     9.6     1.34        0        0   0.0757   0.0702
     9.8     1.36        0        0   0.0751   0.0671
      10     1.39        0        0   0.0896   0.0777
    10.2     1.42        0        0   0.0742   0.0625
    10.4     1.44        0        0   0.0737   0.0599
    10.6     1.47        0        0    0.088   0.0694
    10.8      1.5        0        0   0.0874   0.0667
      11     1.53        0        0   0.0724   0.0538
    11.2     1.55        0        0   0.0719   0.0517
    11.4     1.58        0        0   0.0859   0.0601
    11.6     1.61        0        0   0.0853   0.0579
    11.8     1.64        0        0   0.0707   0.0468
      12     1.66        0        0   0.0703   0.0451
    12.2     1.69        0        0     0.07    0.044
    12.4     1.71        0        0   0.0558   0.0342
    12.6     1.73        0        0   0.0694   0.0415
    12.8     1.76        0        0   0.0691   0.0406
      13     1.78        0        0    0.055   0.0316
    13.2      1.8        0        0   0.0548   0.0309
    13.4     1.82        0        0   0.0546   0.0302
    13.6     1.84        0        0   0.0408   0.0223
    13.8     1.85        0        0   0.0407   0.0218
      14     1.87        0        0   0.0541   0.0286
    14.2     1.89        0        0   0.0405   0.0211
    14.4      1.9        0        0   0.0269   0.0139
    14.6     1.91        0        0   0.0403   0.0205
    14.8     1.93        0        0   0.0402   0.0202
      15     1.94        0        0   0.0267   0.0133
    15.2     1.95        0        0   0.0267   0.0131
    15.4     1.96        0        0   0.0133  0.00654
    15.6     1.96        0        0   0.0133  0.00647
    15.8     1.97        0        0   0.0266   0.0129
      16     1.98        0        0   0.0133  0.00641
    16.2     1.98        0        0        0        0
    16.4     1.98        0        0   0.0133  0.00634
    16.6     1.99        0        0   0.0133  0.00634
    16.8     1.99        0        0        0        0
      17     1.99        0        0   0.0053  0.00251
    17.5        2        0        0   0.0053  0.00251
      18        2        0        0        0        0
    18.5        2        0        0        0        0
      19        2        0        0        0        0
    19.5        2        0        0        0        0
      20        2        0        0        0        0
