     -15    0.243    0.718        1   0.0119    0.184
   -14.6    0.252    0.735        1   0.0238    0.355
   -14.2    0.261    0.752        1   0.0248    0.348
   -13.8    0.271    0.769        1   0.0258    0.341
   -13.4    0.281    0.786        1   0.0254    0.317
     -13    0.291    0.803        1   0.0264    0.309
   -12.6    0.302    0.819        1   0.0273    0.302
   -12.2    0.313    0.836        1    0.027    0.281
   -11.8    0.324    0.852        1   0.0267    0.262
   -11.4    0.335    0.868        1   0.0264    0.245
     -11    0.346    0.884        1   0.0273     0.24
   -10.6    0.358      0.9        1    0.027    0.225
   -10.2    0.369    0.915        1   0.0267    0.211
    -9.8    0.381    0.931        1   0.0276    0.207
    -9.4    0.393    0.945        1   0.0273    0.194
      -9    0.405     0.96        1   0.0281     0.19
    -8.6    0.418    0.974        1   0.0279    0.179
    -8.2     0.43    0.988        1   0.0276    0.169
    -7.8    0.443        1        1   0.0284    0.166
    -7.4    0.456     1.01        1   0.0271    0.151
      -7    0.468     1.03        1   0.0268    0.142
    -6.6    0.481     1.04        1   0.0277    0.141
    -6.2    0.494     1.05        1   0.0274    0.133
    -5.8    0.507     1.06        1   0.0272    0.127
    -5.4     0.52     1.07        1    0.028    0.125
      -5    0.534     1.08        1   0.0277    0.119
    -4.6    0.547     1.09        1   0.0265    0.109
    -4.2     0.56      1.1        1   0.0263    0.104
    -3.8    0.573     1.11        1   0.0261    0.099
    -3.4    0.586     1.12        1   0.0259   0.0947
      -3    0.599     1.12        1   0.0257   0.0906
    -2.6    0.612     1.13        1   0.0255   0.0868
    -2.2    0.625     1.14        1   0.0253   0.0832
    -1.8    0.638     1.14        1   0.0252   0.0799
    -1.4    0.651     1.15        1    0.025   0.0767
      -1    0.664     1.15        1   0.0248   0.0737
    -0.6    0.677     1.16        1   0.0237   0.0683
    -0.2    0.689     1.16        1   0.0236   0.0658
     0.2    0.702     1.17        1   0.0234   0.0635
     0.6    0.714     1.17        1   0.0233   0.0612
       1    0.727     1.17        1   0.0232   0.0592
     1.4    0.739     1.18        1   0.0221   0.0549
     1.8    0.751     1.18    0.934    0.022   0.0532
     2.2    0.763     1.18    0.931   0.0219   0.0515
     2.6    0.775     1.18    0.927   0.0218     0.05
       3    0.787     1.18    0.923   0.0208   0.0465
     3.4    0.798     1.19     0.92   0.0207   0.0451
     3.8     0.81     1.19    0.915   0.0206   0.0439
     4.2    0.821     1.19    0.911   0.0196   0.0408
     4.6    0.832     1.19    0.907   0.0195   0.0397
       5    0.843     1.19    0.902   0.0194   0.0387
     5.4    0.854     1.19    0.897   0.0193   0.0377
     5.8    0.865     1.19    0.892   0.0192   0.0368
     6.2    0.876     1.19    0.887   0.0192   0.0358
     6.6    0.887     1.19    0.881   0.0182   0.0334
       7    0.897     1.19    0.876   0.0181   0.0326
     7.4    0.908     1.19     0.87   0.0181   0.0319
     7.8    0.918     1.19    0.863    0.018   0.0311
     8.2    0.929     1.19    0.857   0.0179   0.0305
     8.6    0.939     1.19     0.85    0.017   0.0284
       9    0.949     1.19    0.844   0.0178   0.0291
     9.4     0.96     1.19    0.836   0.0177   0.0285
     9.8     0.97     1.19    0.829   0.0168   0.0266
    10.2     0.98     1.19    0.821   0.0168    0.026
    10.6     0.99     1.19    0.814   0.0167   0.0255
      11        1     1.19    0.806   0.0167    0.025
    11.4     1.01     1.19    0.797   0.0166   0.0245
    11.8     1.02     1.19    0.789   0.0166    0.024
    12.2     1.03     1.19     0.78   0.0165   0.0236
    12.6     1.04     1.19    0.771   0.0165   0.0231
      13     1.05     1.19    0.762   0.0164   0.0227
    13.4     1.06     1.19    0.752   0.0163   0.0223
    13.8     1.07     1.19    0.743   0.0163   0.0218
    14.2     1.08     1.19    0.733   0.0162   0.0214
    14.6     1.09     1.19    0.723   0.0162    0.021
      15      1.1     1.19    0.713   0.0161   0.0207
    15.4     1.11     1.19    0.702   0.0161   0.0203
    15.8     1.12     1.19    0.691    0.016   0.0199
    16.2     1.13     1.19     0.68    0.024   0.0291
    16.6     1.15     1.19    0.669   0.0239   0.0286
      17     1.16     1.19    0.658   0.0159   0.0186
    17.4     1.17     1.19    0.646   0.0158   0.0183
    17.8     1.18     1.19    0.635   0.0158    0.018
    18.2     1.19     1.19    0.623   0.0157   0.0177
    18.6      1.2     1.19    0.611   0.0157   0.0174
      19     1.21     1.18    0.599   0.0156   0.0171
    19.4     1.22     1.18    0.587   0.0234    0.025
    19.8     1.24     1.18    0.574   0.0233   0.0246
    20.2     1.25     1.18    0.562   0.0155    0.016
    20.6     1.26     1.18     0.55   0.0154   0.0157
      21     1.27     1.17    0.537   0.0231   0.0231
    21.4     1.29     1.17    0.525    0.023   0.0227
    21.8      1.3     1.17    0.512   0.0153   0.0148
    22.2     1.31     1.16      0.5   0.0152   0.0146
    22.6     1.32     1.16    0.487   0.0228   0.0214
      23     1.34     1.15    0.475   0.0227    0.021
    23.4     1.35     1.15    0.462   0.0151   0.0137
    23.8     1.36     1.14     0.45    0.015   0.0135
    24.2     1.37     1.14    0.437   0.0225   0.0198
    24.6     1.39     1.13    0.425   0.0224   0.0196
      25      1.4     1.12    0.413   0.0149   0.0128
    25.4     1.41     1.12    0.401   0.0223   0.0187
    25.8     1.43     1.11    0.389   0.0222   0.0185
    26.2     1.44      1.1    0.377   0.0148   0.0121
    26.6     1.45     1.09    0.366   0.0221   0.0177
      27     1.47     1.08    0.355    0.022   0.0175
    27.4     1.48     1.07    0.343   0.0146   0.0114
    27.8     1.49     1.06    0.332   0.0219   0.0168
    28.2     1.51     1.05    0.321   0.0218   0.0166
    28.6     1.52     1.04     0.31   0.0145   0.0108
      29     1.53     1.03      0.3   0.0145   0.0107
    29.4     1.54     1.01    0.289   0.0216   0.0157
    29.8     1.56        1    0.279   0.0216   0.0155
    30.2     1.57    0.988    0.269   0.0143   0.0101
    30.6     1.58    0.974     0.26   0.0143     0.01
      31     1.59     0.96     0.25   0.0214   0.0147
    31.4     1.61    0.945    0.241   0.0214   0.0146
    31.8     1.62    0.931    0.232   0.0142  0.00953
    32.2     1.63    0.915    0.224   0.0142  0.00941
    32.6     1.64      0.9    0.215   0.0141   0.0093
      33     1.65    0.884    0.207   0.0211   0.0137
    33.4     1.67    0.868    0.199   0.0211   0.0135
    33.8     1.68    0.852    0.191    0.014  0.00886
    34.2     1.69    0.836    0.183    0.014  0.00875
    34.6      1.7    0.819    0.176    0.014  0.00865
      35     1.71    0.802    0.169   0.0139  0.00855
    35.4     1.72    0.786    0.162   0.0139  0.00845
    35.8     1.73    0.769    0.156   0.0139  0.00835
    36.2     1.74    0.752    0.149   0.0139  0.00826
    36.6     1.75    0.735    0.143   0.0138  0.00816
      37     1.76    0.718    0.137   0.0138  0.00807
    37.4     1.77    0.701    0.131   0.0138  0.00798
    37.8     1.78    0.684    0.126  0.00688  0.00397
    38.2     1.78    0.667    0.121  0.00687  0.00392
    38.6     1.79     0.65    0.115   0.0137   0.0078
      39      1.8    0.633     0.11   0.0137  0.00772
    39.4     1.81    0.617    0.106   0.0137  0.00763
    39.8     1.82      0.6    0.101  0.00683  0.00379
    40.2     1.82    0.584   0.0965  0.00682  0.00375
    40.6     1.83    0.568   0.0922   0.0136  0.00747
      41     1.84    0.552   0.0881  0.00681  0.00371
    41.4     1.84    0.536   0.0843  0.00679  0.00367
    41.8     1.85    0.521   0.0805   0.0136   0.0073
    42.2     1.86    0.506   0.0769  0.00678  0.00363
    42.6     1.86    0.491   0.0734  0.00677  0.00359
      43     1.87    0.476   0.0701  0.00677  0.00359
    43.4     1.87    0.462   0.0669  0.00676  0.00356
    43.8     1.88    0.447   0.0639  0.00676  0.00356
    44.2     1.88    0.433    0.061  0.00675  0.00352
    44.6     1.89     0.42   0.0582  0.00675  0.00352
      45     1.89    0.406   0.0555  0.00673  0.00348
    45.4      1.9    0.393    0.053  0.00673  0.00348
    45.8      1.9     0.38   0.0506  0.00672  0.00344
    46.2     1.91    0.368   0.0482  0.00672  0.00344
    46.6     1.91    0.356    0.046  0.00671  0.00341
      47     1.92    0.344   0.0438  0.00671  0.00341
    47.4     1.92    0.332   0.0418        0        0
    47.8     1.92    0.321   0.0398   0.0067  0.00337
    48.2     1.93     0.31    0.038   0.0067  0.00337
    48.6     1.93    0.299   0.0362        0        0
      49     1.93    0.289   0.0345  0.00669  0.00334
    49.4     1.94    0.279   0.0329  0.00669  0.00334
    49.8     1.94    0.269   0.0313        0        0
    50.2     1.94    0.259   0.0299        0        0
    50.6     1.94     0.25   0.0284  0.00668   0.0033
      51     1.95    0.241   0.0271  0.00668   0.0033
    51.4     1.95    0.232   0.0258        0        0
    51.8     1.95    0.224   0.0246        0        0
    52.2     1.95    0.216   0.0234  0.00666  0.00327
    52.6     1.96    0.208   0.0223  0.00666  0.00327
      53     1.96      0.2   0.0212        0        0
    53.4     1.96    0.193   0.0202        0        0
    53.8     1.96    0.186   0.0193        0        0
    54.2     1.96    0.179   0.0183  0.00665  0.00324
    54.6     1.97    0.172   0.0175  0.00665  0.00324
      55     1.97    0.165   0.0166        0        0
    55.4     1.97    0.159   0.0158        0        0
    55.8     1.97    0.153   0.0151        0        0
    56.2     1.97    0.147   0.0143        0        0
    56.6     1.97    0.142   0.0137        0        0
      57     1.97    0.136    0.013        0        0
    57.4     1.97    0.131   0.0124  0.00664   0.0032
    57.8     1.98    0.126   0.0118  0.00664   0.0032
    58.2     1.98    0.121   0.0112        0        0
    58.6     1.98    0.116   0.0107        0        0
      59     1.98    0.112   0.0102        0        0
    59.4     1.98    0.107  0.00967        0        0
    59.8     1.98    0.103   0.0092        0        0
    60.2     1.98   0.0988  0.00875        0        0
    60.6     1.98   0.0949  0.00832  0.00663  0.00317
      61     1.99   0.0911  0.00792  0.00663  0.00317
    61.4     1.99   0.0875  0.00754        0        0
    61.8     1.99    0.084  0.00718        0        0
    62.2     1.99   0.0806  0.00683        0        0
    62.6     1.99   0.0774   0.0065        0        0
      63     1.99   0.0743  0.00619        0        0
    63.4     1.99   0.0713  0.00589        0        0
    63.8     1.99   0.0684   0.0056        0        0
    64.2     1.99   0.0656  0.00532        0        0
    64.6     1.99    0.063  0.00507        0        0
      65     1.99   0.0604  0.00482        0        0
    65.4     1.99   0.0579  0.00459        0        0
    65.8     1.99   0.0556  0.00437        0        0
    66.2     1.99   0.0533  0.00416        0        0
    66.6     1.99   0.0511  0.00396        0        0
      67     1.99    0.049  0.00377        0        0
    67.4     1.99    0.047  0.00359        0        0
    67.8     1.99   0.0451  0.00341        0        0
    68.2     1.99   0.0432  0.00324        0        0
    68.6     1.99   0.0414  0.00309        0        0
      69     1.99   0.0397  0.00294        0        0
    69.4     1.99   0.0381  0.00279        0        0
    69.8     1.99   0.0365  0.00266        0        0
    70.2     1.99   0.0349  0.00253  0.00662  0.00314
    70.6        2   0.0335   0.0024  0.00662  0.00314
      71        2   0.0321  0.00229        0        0
    71.4        2   0.0308  0.00217        0        0
    71.8        2   0.0295  0.00207        0        0
    72.2        2   0.0282  0.00197        0        0
    72.6        2    0.027  0.00187        0        0
      73        2   0.0259  0.00178        0        0
    73.4        2   0.0248  0.00169        0        0
    73.8        2   0.0238  0.00161        0        0
    74.2        2   0.0228  0.00153        0        0
    74.6        2   0.0218  0.00146        0        0
      75        2   0.0209  0.00139        0        0
    75.4        2     0.02  0.00132        0        0
    75.8        2   0.0191  0.00125        0        0
    76.2        2   0.0183  0.00119        0        0
    76.6        2   0.0176  0.00114        0        0
      77        2   0.0168  0.00108        0        0
    77.4        2   0.0161  0.00103        0        0
    77.8        2   0.0154 0.000977        0        0
    78.2        2   0.0148  0.00093        0        0
    78.6        2   0.0141 0.000885        0        0
      79        2   0.0135 0.000841        0        0
    79.4        2   0.0129   0.0008        0        0
    79.8        2   0.0124 0.000761        0        0
    80.2        2   0.0119 0.000724        0        0
    80.6        2   0.0114 0.000689        0        0
      81        2   0.0109 0.000656        0        0
    81.4        2   0.0104 0.000624        0        0
    81.8        2  0.00995 0.000594        0        0
    82.2        2  0.00952 0.000565        0        0
    82.6        2  0.00911 0.000537        0        0
      83        2  0.00872 0.000511        0        0
    83.4        2  0.00834 0.000486        0        0
    83.8        2  0.00798 0.000462        0        0
    84.2        2  0.00764  0.00044        0        0
    84.6        2   0.0073 0.000418        0        0
      85        2  0.00699 0.000398        0        0
    85.4        2  0.00669 0.000379        0        0
    85.8        2   0.0064  0.00036        0        0
    86.2        2  0.00612 0.000343        0        0
    86.6        2  0.00585 0.000326        0        0
      87        2   0.0056  0.00031        0        0
    87.4        2  0.00536 0.000295        0        0
    87.8        2  0.00512  0.00028        0        0
    88.2        2   0.0049 0.000267        0        0
    88.6        2  0.00469 0.000254        0        0
      89        2  0.00448 0.000241        0        0
    89.4        2  0.00429  0.00023        0        0
    89.8        2   0.0041 0.000218        0        0
    90.2        2  0.00392 0.000208        0        0
    90.6        2  0.00375 0.000198        0        0
      91        2  0.00358 0.000188        0        0
    91.4        2  0.00343 0.000179        0        0
    91.8        2  0.00328  0.00017        0        0
    92.2        2  0.00313 0.000162        0        0
    92.6        2    0.003 0.000154        0        0
      93        2  0.00286 0.000146        0        0
    93.4        2  0.00274 0.000139        0        0
    93.8        2  0.00262 0.000133        0        0
    94.2        2   0.0025 0.000126        0        0
    94.6        2  0.00239  0.00012        0        0
      95        2  0.00229 0.000114        0        0
    95.4        2  0.00218 0.000108        0        0
    95.8        2  0.00208 0.000103        0        0
    96.2        2  0.00198 9.82e-05        0        0
    96.6        2  0.00188 9.34e-05        0        0
      97        2  0.00179 8.89e-05        0        0
    97.4        2  0.00171 8.46e-05        0        0
    97.8        2  0.00164 8.04e-05        0        0
    98.2        2  0.00158 7.65e-05        0        0
    98.6        2  0.00153 7.28e-05        0        0
      99        2  0.00149 6.91e-05        0        0
    99.4        2  0.00147 6.54e-05        0        0
    99.8        2  0.00146 6.34e-05        0        0
