     -19   0.0012        0        0  0.00169      158
   -18.5  0.00148        0        0  0.00361      284
     -18  0.00182        0        0  0.00413      229
   -17.5  0.00224        0        0  0.00472      186
     -17  0.00275        0        0  0.00545      151
   -16.5  0.00339        0        0  0.00628      124
     -16  0.00417        0        0  0.00718      100
   -15.5  0.00513        0        0  0.00824     81.3
     -15  0.00631        0        0  0.00942     65.9
   -14.5  0.00775        0        0   0.0108     53.4
     -14  0.00952        0        0   0.0124     43.6
   -13.5   0.0117        0        0   0.0143     35.6
     -13   0.0144        0        0   0.0161     28.7
   -12.5   0.0176        0        0   0.0184     23.1
     -12   0.0216        0        0    0.021     18.9
   -11.5   0.0264        0        0   0.0237     15.2
     -11   0.0322        0        0   0.0269     12.4
   -10.5   0.0393        0        0   0.0305     10.1
     -10   0.0478        0        0   0.0333     8.38
    -9.8   0.0516        0        0   0.0358      7.5
    -9.6   0.0558        0        0   0.0375     6.92
    -9.4   0.0602        0        0   0.0391     6.34
    -9.2    0.065        0        0    0.041     5.86
      -9   0.0701        0        0   0.0432     5.44
    -8.8   0.0757        0        0   0.0449     4.99
    -8.6   0.0815        0        0   0.0461     4.52
    -8.4   0.0877        0        0   0.0487     4.22
    -8.2   0.0945        0        0   0.0523        4
      -8    0.102        0        0   0.0518     3.52
    -7.8    0.109        0        0   0.0523     3.14
    -7.6    0.117        0        0   0.0579     3.09
    -7.4    0.126        0        0   0.0599     2.85
    -7.2    0.135        0        0   0.0617      2.6
      -7    0.145        0        0   0.0635     2.39
    -6.8    0.155        0        0   0.0651     2.18
    -6.6    0.166        0        0   0.0667        2
    -6.4    0.177        0        0   0.0711      1.9
    -6.2     0.19        0        0   0.0726     1.75
      -6    0.202        0        0   0.0738     1.58
    -5.8    0.216        0        0   0.0778     1.51
    -5.6     0.23        0        0   0.0762     1.33
    -5.4    0.244        0        0   0.0799     1.25
    -5.2     0.26        0        0   0.0836     1.19
      -5    0.276        0        0   0.0819     1.05
    -4.8    0.292        0        0   0.0853    0.993
    -4.6     0.31        0        0   0.0887     0.94
    -4.4    0.328        0        0    0.087    0.839
    -4.2    0.346        0        0   0.0901    0.791
      -4    0.366        0        0   0.0932    0.749
    -3.8    0.386        0        0   0.0923    0.665
    -3.4    0.427        0        0   0.0944    0.598
    -3.2    0.449        0        0   0.0979    0.558
      -3    0.472        0        0   0.0964    0.507
    -2.8    0.494        0        0   0.0969     0.47
    -2.6    0.518        0        0   0.0996    0.448
    -2.4    0.542        0        0   0.0981    0.409
    -2.2    0.566        0        0   0.0987    0.382
      -2    0.591        0        0    0.101    0.365
    -1.8    0.617        0        0   0.0999    0.336
    -1.6    0.642        0        0   0.0985    0.309
    -1.4    0.668        0        0    0.101    0.297
    -1.2    0.695        0        0    0.102     0.28
      -1    0.722        0        0      0.1    0.259
    -0.8    0.749        0        0   0.0991    0.241
    -0.6    0.776        0        0   0.0997    0.228
    -0.4    0.804        0        0   0.0986    0.213
    -0.2    0.831        0        0   0.0975    0.199
       0    0.859        0        0   0.0982     0.19
     0.2    0.887        0        0   0.0971    0.178
     0.4    0.915        0        0   0.0961    0.167
     0.6    0.943        0        0   0.0969     0.16
     0.8    0.972        0        0   0.0959    0.151
       1        1        0        0   0.0966    0.145
     1.2     1.03        0        0    0.099    0.142
     1.4     1.06        0        0   0.0819    0.112
     1.6     1.08        0        0   0.0811    0.106
     1.8     1.11        0        0   0.0966    0.122
       2     1.14        0        0   0.0957    0.116
     2.2     1.17        0        0   0.0949     0.11
     2.4      1.2        0        0   0.0785   0.0876
     2.6     1.22        0        0   0.0779   0.0833
     2.8     1.25        0        0   0.0928   0.0961
       3     1.28        0        0   0.0921   0.0916
     3.2     1.31        0        0   0.0763   0.0734
     3.4     1.33        0        0   0.0757   0.0702
     3.6     1.36        0        0   0.0753   0.0681
     3.8     1.38        0        0   0.0748   0.0652
       4     1.41        0        0   0.0744   0.0633
     4.2     1.43        0        0   0.0739   0.0607
     4.4     1.46        0        0   0.0735   0.0591
     4.6     1.48        0        0    0.073   0.0567
     4.8     1.51        0        0   0.0727   0.0552
       5     1.53        0        0   0.0579   0.0427
     5.2     1.55        0        0   0.0576   0.0416
     5.4     1.57        0        0   0.0573   0.0403
     5.8     1.61        0        0   0.0569   0.0388
       6     1.63        0        0   0.0566   0.0376
     6.2     1.65        0        0   0.0564   0.0367
     6.4     1.67        0        0   0.0562   0.0359
     6.6     1.69        0        0    0.056    0.035
     6.8     1.71        0        0   0.0419   0.0258
       7     1.72        0        0   0.0417   0.0252
     7.2     1.74        0        0   0.0554    0.033
     7.4     1.76        0        0   0.0415   0.0244
     7.6     1.77        0        0   0.0276    0.016
     7.8     1.78        0        0   0.0412   0.0235
       8      1.8        0        0   0.0411   0.0233
     8.2     1.81        0        0   0.0274   0.0153
     8.4     1.82        0        0   0.0273   0.0151
     8.6     1.83        0        0   0.0273   0.0149
     8.8     1.84        0        0   0.0408    0.022
       9     1.86        0        0   0.0272   0.0146
     9.2     1.86        0        0   0.0135  0.00719
     9.4     1.87        0        0   0.0271   0.0143
     9.6     1.88        0        0    0.027   0.0141
     9.8     1.89        0        0    0.027    0.014
      10      1.9        0        0   0.0269   0.0139
    10.2     1.91        0        0   0.0134  0.00689
    10.4     1.91        0        0   0.0134  0.00682
    10.6     1.92        0        0   0.0134  0.00682
    10.8     1.92        0        0   0.0134  0.00675
      11     1.93        0        0   0.0268   0.0134
    11.2     1.94        0        0   0.0134  0.00668
    11.4     1.94        0        0        0        0
    11.6     1.94        0        0   0.0134  0.00661
    11.8     1.95        0        0   0.0134  0.00661
      12     1.95        0        0  0.00533  0.00262
    12.5     1.96        0        0   0.0107  0.00521
      13     1.97        0        0  0.00532  0.00259
    13.5     1.97        0        0  0.00531  0.00256
      14     1.98        0        0  0.00531  0.00256
    14.5     1.98        0        0   0.0053  0.00254
      15     1.99        0        0   0.0053  0.00254
    15.5     1.99        0        0        0        0
      16     1.99        0        0        0        0
    16.5     1.99        0        0        0        0
      17     1.99        0        0        0        0
    17.5     1.99        0        0   0.0053  0.00251
      18        2        0        0   0.0053  0.00251
    18.5        2        0        0        0        0
      19        2        0        0        0        0
    19.5        2        0        0        0        0
      20        2        0        0        0        0
    20.5        2        0        0        0        0
      21        2        0        0        0        0
