     -25        0        0        0        0        0        0  0.00462
   -24.8        0        0        0        0        0        0  0.00485
   -24.6        0        0        0        0        0        0   0.0051
   -24.4        0        0        0        0        0        0  0.00536
   -24.2        0        0        0        0        0        0  0.00563
     -24        0        0        0        0        0        0  0.00592
   -23.8        0        0        0        0        0        0  0.00622
   -23.6        0        0        0        0        0        0  0.00653
   -23.4        0        0        0        0        0        0  0.00687
   -23.2        0        0        0        0        0        0  0.00721
     -23        0        0        0        0        0        0  0.00758
   -22.8        0        0        0        0        0        0  0.00797
   -22.6        0        0        0        0        0        0  0.00837
   -22.4        0        0        0        0        0        0  0.00879
   -22.2        0        0        0        0        0        0  0.00924
     -22        0        0        0        0        0        0  0.00971
   -21.8        0        0        0        0        0        0   0.0102
   -21.6        0        0        0        0        0        0   0.0107
   -21.4        0        0        0        0        0        0   0.0113
   -21.2        0        0        0        0        0        0   0.0118
     -21        0        0        0        0        0        0   0.0124
   -20.8        0        0        0        0        0        0    0.013
   -20.6        0        0        0        0        0        0   0.0137
   -20.4        0        0        0        0        0        0   0.0144
   -20.2        0        0        0        0        0        0   0.0151
     -20        0        0        0        0        0        0   0.0159
   -19.8        0        0        0        0        0        0   0.0167
   -19.6        0        0        0        0        0        0   0.0175
   -19.4        0        0        0        0        0        0   0.0184
   -19.2        0        0        0        0        0        0   0.0193
     -19        0        0        0        0        0        0   0.0203
   -18.8        0        0        0        0        0        0   0.0213
   -18.6        0        0        0        0        0        0   0.0223
   -18.4        0        0        0        0        0        0   0.0234
   -18.2        0        0        0        0        0        0   0.0246
     -18        0        0        0        0        0        0   0.0258
   -17.8        0        0        0        0        0        0   0.0271
   -17.6        0        0        0        0        0        0   0.0284
   -17.4        0        0        0        0        0        0   0.0299
   -17.2        0        0        0        0        0        0   0.0313
     -17        0        0        0        0        0        0   0.0329
   -16.8        0        0        0        0        0        0   0.0345
   -16.6        0        0        0        0        0        0   0.0362
   -16.4        0        0        0        0        0        0   0.0379
   -16.2        0        0        0        0        0        0   0.0398
     -16        0        0        0        0        0        0   0.0417
   -15.8        0        0        0        0        0        0   0.0437
   -15.6        0        0        0        0        0        0   0.0458
   -15.4        0        0        0        0        0        0    0.048
   -15.2        0        0        0        0        0        0   0.0503
     -15        0        0        0        0        0        0   0.0527
   -14.8        0        0        0        0        0        0   0.0552
   -14.6        0        0        0        0        0        0   0.0579
   -14.4        0        0        0        0        0        0   0.0606
   -14.2        0        0        0        0        0        0   0.0635
     -14        0        0        0        0        0        0   0.0664
   -13.8        0        0        0        0        0        0   0.0696
   -13.6        0        0        0        0        0        0   0.0728
   -13.4        0        0        0        0        0        0   0.0762
   -13.2        0        0        0        0        0        0   0.0797
     -13        0        0        0        0        0        0   0.0833
   -12.8        0        0        0        0        0        0   0.0871
   -12.6        0        0        0        0        0        0   0.0911
   -12.4        0        0        0        0        0        0   0.0952
   -12.2        0        0        0        0        0        0   0.0995
     -12        0        0        0        0        0        0    0.104
   -11.8        0        0        0        0        0        0    0.108
   -11.6        0        0        0        0        0        0    0.113
   -11.4        0        0        0        0        0        0    0.118
   -11.2        0        0        0        0        0        0    0.123
     -11        0        0        0        0        0        0    0.129
   -10.8        0        0        0        0        0        0    0.134
   -10.6        0        0        0        0        0        0     0.14
   -10.4        0        0        0        0        0        0    0.146
   -10.2        0        0        0        0        0        0    0.152
     -10        0        0        0        0        0        0    0.158
    -9.8        0        0        0        0        0        0    0.164
    -9.6        0        0        0        0        0        0    0.171
    -9.4        0        0        0        0        0        0    0.178
    -9.2        0        0        0        0        0        0    0.185
      -9        0        0        0        0        0        0    0.192
    -8.8        0        0        0        0        0        0      0.2
    -8.6        0        0        0        0        0        0    0.207
    -8.4        0        0        0        0        0        0    0.215
    -8.2        0        0        0        0        0        0    0.223
      -8        0        0        0        0        0        0    0.231
    -7.8        0        0        0        0        0        0    0.239
    -7.6        0        0        0        0        0        0    0.248
    -7.4        0        0        0        0        0        0    0.257
    -7.2        0        0        0        0        0        0    0.266
      -7        0        0        0        0        0        0    0.275
    -6.8        0        0        0        0        0        0    0.284
    -6.6        0        0        0        0        0        0    0.293
    -6.4        0        0        0        0        0        0    0.303
    -6.2        0        0        0        0        0        0    0.312
      -6        0        0        0        0        0        0    0.322
    -5.8        0        0        0        0        0        0    0.332
    -5.6        0        0        0        0        0        0    0.342
    -5.4        0        0        0        0        0        0    0.352
    -5.2        0        0        0        0        0        0    0.362
      -5        0        0        0        0        0        0    0.372
    -4.8        0        0        0        0        0        0    0.382
    -4.6        0        0        0        0        0        0    0.392
    -4.4        0        0        0        0        0        0    0.402
    -4.2        0        0        0        0        0        0    0.413
      -4        0        0        0        0        0        0    0.423
    -3.8        0        0        0        0        0        0    0.433
    -3.6        0        0        0        0        0        0    0.443
    -3.4        0        0        0        0        0        0    0.453
    -3.2        0        0        0        0        0        0    0.463
      -3        0        0        0        0        0        0    0.473
    -2.8        0        0        0        0        0        0    0.483
    -2.6        0        0        0        0        0        0    0.492
    -2.4        0        0        0        0        0        0    0.502
    -2.2        0        0        0        0        0        0    0.511
      -2        0        0        0        0        0        0     0.52
    -1.8        0        0        0        0        0        0    0.529
    -1.6        0        0        0        0        0        0    0.538
    -1.4        0        0        0        0        0        0    0.546
    -1.2        0        0        0        0        0        0    0.554
      -1        0        0        0        0        0        0    0.562
    -0.8        0        0        0        0        0        0     0.57
    -0.6        0        0        0        0        0        0    0.577
    -0.4        0        0        0        0        0        0    0.584
    -0.2        0        0        0        0        0        0    0.591
-1.33e-15        0        0        0        0        0        0    0.598
     0.2        0        0        0        0        0        0    0.604
     0.4        0        0        0        0        0        0    0.609
     0.6        0        0        0        0        0        0    0.615
     0.8        0        0        0        0        0        0    0.619
       1        0        0        0        0        0        0    0.624
     1.2        0        0        0        0        0        0    0.628
     1.4        0        0        0        0        0        0    0.632
     1.6        0        0        0        0        0        0    0.635
     1.8        0        0        0        0        0        0    0.638
       2        0        0        0        0        0        0     0.64
     2.2        0        0        0        0        0        0    0.642
     2.4        0        0        0        0        0        0    0.644
     2.6        0        0        0        0        0        0    0.645
     2.8        0        0        0        0        0        0    0.646
       3        0        0        0        0        0        0    0.646
     3.2        0        0        0        0        0        0    0.646
     3.4        0        0        0        0        0        0    0.645
     3.6        0        0        0        0        0        0    0.644
     3.8        0        0        0        0        0        0    0.642
       4        0        0        0        0        0        0     0.64
     4.2        0        0        0        0        0        0    0.638
     4.4        0        0        0        0        0        0    0.635
     4.6        0        0        0        0        0        0    0.632
     4.8        0        0        0        0        0        0    0.628
       5        0        0        0        0        0        0    0.624
     5.2        0        0        0        0        0        0    0.619
     5.4        0        0        0        0        0        0    0.615
     5.6        0        0        0        0        0        0    0.609
     5.8        0        0        0        0        0        0    0.604
       6        0        0        0        0        0        0    0.598
     6.2        0        0        0        0        0        0    0.591
     6.4        0        0        0        0        0        0    0.584
     6.6        0        0        0        0        0        0    0.577
     6.8        0        0        0        0        0        0     0.57
       7        0        0        0        0        0        0    0.562
     7.2        0        0        0        0        0        0    0.554
     7.4        0        0        0        0        0        0    0.546
     7.6        0        0        0        0        0        0    0.538
     7.8        0        0        0        0        0        0    0.529
       8        0        0        0        0        0        0     0.52
     8.2        0        0        0        0        0        0    0.511
     8.4        0        0        0        0        0        0    0.502
     8.6        0        0        0        0        0        0    0.492
     8.8        0        0        0        0        0        0    0.483
       9        0        0        0        0        0        0    0.473
     9.2        0        0        0        0        0        0    0.463
     9.4        0        0        0        0        0        0    0.453
     9.6        0        0        0        0        0        0    0.443
     9.8        0        0        0        0        0        0    0.433
      10        0        0        0        0        0        0    0.423
    10.2        0        0        0        0        0        0    0.413
    10.4        0        0        0        0        0        0    0.402
    10.6        0        0        0        0        0        0    0.392
    10.8        0        0        0        0        0        0    0.382
      11        0        0        0        0        0        0    0.372
    11.2        0        0        0        0        0        0    0.362
    11.4        0        0        0        0        0        0    0.352
    11.6        0        0        0        0        0        0    0.342
    11.8        0        0        0        0        0        0    0.332
      12        0        0        0        0        0        0    0.322
    12.2        0        0        0        0        0        0    0.312
    12.4        0        0        0        0        0        0    0.303
    12.6        0        0        0        0        0        0    0.293
    12.8        0        0        0        0        0        0    0.284
      13        0        0        0        0        0        0    0.275
    13.2        0        0        0        0        0        0    0.266
    13.4        0        0        0        0        0        0    0.257
    13.6        0        0        0        0        0        0    0.248
    13.8        0        0        0        0        0        0    0.239
      14        0        0        0        0        0        0    0.231
    14.2        0        0        0        0        0        0    0.223
    14.4        0        0        0        0        0        0    0.215
    14.6        0        0        0        0        0        0    0.207
    14.8        0        0        0        0        0        0      0.2
      15        0        0        0        0        0        0    0.192
    15.2        0        0        0        0        0        0    0.185
    15.4        0        0        0        0        0        0    0.178
    15.6        0        0        0        0        0        0    0.171
    15.8        0        0        0        0        0        0    0.164
      16        0        0        0        0        0        0    0.158
    16.2        0        0        0        0        0        0    0.152
    16.4        0        0        0        0        0        0    0.146
    16.6        0        0        0        0        0        0     0.14
    16.8        0        0        0        0        0        0    0.134
      17        0        0        0        0        0        0    0.129
    17.2        0        0        0        0        0        0    0.123
    17.4        0        0        0        0        0        0    0.118
    17.6        0        0        0        0        0        0    0.113
    17.8        0        0        0        0        0        0    0.108
      18        0        0        0        0        0        0    0.104
    18.2        0        0        0        0        0        0   0.0995
    18.4        0        0        0        0        0        0   0.0952
    18.6        0        0        0        0        0        0   0.0911
    18.8        0        0        0        0        0        0   0.0871
      19        0        0        0        0        0        0   0.0833
    19.2        0        0        0        0        0        0   0.0797
    19.4        0        0        0        0        0        0   0.0762
    19.6        0        0        0        0        0        0   0.0728
    19.8        0        0        0        0        0        0   0.0696
      20        0        0        0        0        0        0   0.0664
    20.2        0        0        0        0        0        0   0.0635
    20.4        0        0        0        0        0        0   0.0606
    20.6        0        0        0        0        0        0   0.0579
    20.8        0        0        0        0        0        0   0.0552
      21        0        0        0        0        0        0   0.0527
    21.2        0        0        0        0        0        0   0.0503
    21.4        0        0        0        0        0        0    0.048
    21.6        0        0        0        0        0        0   0.0458
    21.8        0        0        0        0        0        0   0.0437
      22        0        0        0        0        0        0   0.0417
    22.2        0        0        0        0        0        0   0.0398
    22.4        0        0        0        0        0        0   0.0379
    22.6        0        0        0        0        0        0   0.0362
    22.8        0        0        0        0        0        0   0.0345
      23        0        0        0        0        0        0   0.0329
    23.2        0        0        0        0        0        0   0.0313
    23.4        0        0        0        0        0        0   0.0299
    23.6        0        0        0        0        0        0   0.0284
    23.8        0        0        0        0        0        0   0.0271
      24        0        0        0        0        0        0   0.0258
    24.2        0        0        0        0        0        0   0.0246
    24.4        0        0        0        0        0        0   0.0234
    24.6        0        0        0        0        0        0   0.0223
    24.8        0        0        0        0        0        0   0.0213
      25        0        0        0        0        0        0   0.0203
    25.2        0        0        0        0        0        0   0.0193
    25.4        0        0        0        0        0        0   0.0184
    25.6        0        0        0        0        0        0   0.0175
    25.8        0        0        0        0        0        0   0.0167
      26        0        0        0        0        0        0   0.0159
    26.2        0        0        0        0        0        0   0.0151
    26.4        0        0        0        0        0        0   0.0144
    26.6        0        0        0        0        0        0   0.0137
    26.8        0        0        0        0        0        0    0.013
      27        0        0        0        0        0        0   0.0124
    27.2        0        0        0        0        0        0   0.0118
    27.4        0        0        0        0        0        0   0.0113
    27.6        0        0        0        0        0        0   0.0107
    27.8        0        0        0        0        0        0   0.0102
      28        0        0        0        0        0        0  0.00971
    28.2        0        0        0        0        0        0  0.00924
    28.4        0        0        0        0        0        0  0.00879
    28.6        0        0        0        0        0        0  0.00837
    28.8        0        0        0        0        0        0  0.00797
      29        0        0        0        0        0        0  0.00758
    29.2        0        0        0        0        0        0  0.00721
    29.4        0        0        0        0        0        0  0.00687
    29.6        0        0        0        0        0        0  0.00653
    29.8        0        0        0        0        0        0  0.00622
      30        0        0        0        0        0        0  0.00592
    30.2        0        0        0        0        0        0  0.00563
    30.4        0        0        0        0        0        0  0.00536
    30.6        0        0        0        0        0        0   0.0051
    30.8        0        0        0        0        0        0  0.00485
      31        0        0        0        0        0        0  0.00462
    31.2        0        0        0        0        0        0  0.00439
    31.4        0        0        0        0        0        0  0.00418
    31.6        0        0        0        0        0        0  0.00398
    31.8        0        0        0        0        0        0  0.00378
      32        0        0        0        0        0        0   0.0036
    32.2        0        0        0        0        0        0  0.00342
    32.4        0        0        0        0        0        0  0.00326
    32.6        0        0        0        0        0        0   0.0031
    32.8        0        0        0        0        0        0  0.00295
      33        0        0        0        0        0        0  0.00281
    33.2        0        0        0        0        0        0  0.00267
    33.4        0        0        0        0        0        0  0.00254
    33.6        0        0        0        0        0        0  0.00242
    33.8        0        0        0        0        0        0   0.0023
      34        0        0        0        0        0        0  0.00219
    34.2        0        0        0        0        0        0  0.00208
    34.4        0        0        0        0        0        0  0.00198
    34.6        0        0        0        0        0        0  0.00188
    34.8        0        0        0        0        0        0  0.00179
      35        0        0        0        0        0        0   0.0017
    35.2        0        0        0        0        0        0  0.00162
    35.4        0        0        0        0        0        0  0.00154
    35.6        0        0        0        0        0        0  0.00147
    35.8        0        0        0        0        0        0   0.0014
      36        0        0        0        0        0        0  0.00133
    36.2        0        0        0        0        0        0  0.00126
    36.4        0        0        0        0        0        0   0.0012
    36.6        0        0        0        0        0        0  0.00114
    36.8        0        0        0        0        0        0  0.00109
      37        0        0        0        0        0        0  0.00103
    37.2        0        0        0        0        0        0 0.000985
    37.4        0        0        0        0        0        0 0.000936
    37.6        0        0        0        0        0        0 0.000891
    37.8        0        0        0        0        0        0 0.000847
      38        0        0        0        0        0        0 0.000806
    38.2        0        0        0        0        0        0 0.000767
    38.4        0        0        0        0        0        0 0.000729
    38.6        0        0        0        0        0        0 0.000694
    38.8        0        0        0        0        0        0  0.00066
      39        0        0        0        0        0        0 0.000628
    39.2        0        0        0        0        0        0 0.000597
    39.4        0        0        0        0        0        0 0.000568
    39.6        0        0        0        0        0        0 0.000541
    39.8        0        0        0        0        0        0 0.000514
      40        0        0        0        0        0        0 0.000489
    40.2        0        0        0        0        0        0 0.000465
    40.4        0        0        0        0        0        0 0.000443
    40.6        0        0        0        0        0        0 0.000421
    40.8        0        0        0        0        0        0 0.000401
      41        0        0        0        0        0        0 0.000381
    41.2        0        0        0        0        0        0 0.000362
    41.4        0        0        0        0        0        0 0.000345
    41.6        0        0        0        0        0        0 0.000328
    41.8        0        0        0        0        0        0 0.000312
      42        0        0        0        0        0        0 0.000297
    42.2        0        0        0        0        0        0 0.000282
    42.4        0        0        0        0        0        0 0.000269
    42.6        0        0        0        0        0        0 0.000255
    42.8        0        0        0        0        0        0 0.000243
      43        0        0        0        0        0        0 0.000231
    43.2        0        0        0        0        0        0  0.00022
    43.4        0        0        0        0        0        0 0.000209
    43.6        0        0        0        0        0        0 0.000199
    43.8        0        0        0        0        0        0 0.000189
      44        0        0        0        0        0        0  0.00018
    44.2        0        0        0        0        0        0 0.000171
    44.4        0        0        0        0        0        0 0.000163
    44.6        0        0        0        0        0        0 0.000155
    44.8        0        0        0        0        0        0 0.000147
      45        0        0        0        0        0        0  0.00014
    45.2        0        0        0        0        0        0 0.000133
    45.4        0        0        0        0        0        0 0.000127
    45.6        0        0        0        0        0        0 0.000121
    45.8        0        0        0        0        0        0 0.000115
      46        0        0        0        0        0        0 0.000109
    46.2        0        0        0        0        0        0 0.000104
    46.4        0        0        0        0        0        0 9.87e-05
    46.6        0        0        0        0        0        0  9.4e-05
    46.8        0        0        0        0        0        0 8.94e-05
      47        0        0        0        0        0        0  8.5e-05
    47.2        0        0        0        0        0        0 8.09e-05
    47.4        0        0        0        0        0        0  7.7e-05
    47.6        0        0        0        0        0        0 7.32e-05
    47.8        0        0        0        0        0        0 6.96e-05
      48        0        0        0        0        0        0 6.62e-05
    48.2        0        0        0        0        0        0  6.3e-05
    48.4        0        0        0        0        0        0 5.99e-05
    48.6        0        0        0        0        0        0  5.7e-05
    48.8        0        0        0        0        0        0 5.42e-05
      49        0        0        0        0        0        0 5.16e-05
    49.2        0        0        0        0        0        0 4.91e-05
    49.4        0        0        0        0        0        0 4.67e-05
    49.6        0        0        0        0        0        0 4.44e-05
    49.8        0        0        0        0        0        0 4.22e-05
      50        0        0        0        0        0        0 4.02e-05
    50.2        0        0        0        0        0        0 3.82e-05
    50.4        0        0        0        0        0        0 3.64e-05
    50.6        0        0        0        0        0        0 3.46e-05
    50.8        0        0        0        0        0        0 3.29e-05
      51        0        0        0        0        0        0 3.13e-05
    51.2        0        0        0        0        0        0 2.98e-05
    51.4        0        0        0        0        0        0 2.83e-05
    51.6        0        0        0        0        0        0 2.69e-05
    51.8        0        0        0        0        0        0 2.56e-05
      52        0        0        0        0        0        0 2.44e-05
    52.2        0        0        0        0        0        0 2.32e-05
    52.4        0        0        0        0        0        0  2.2e-05
    52.6        0        0        0        0        0        0  2.1e-05
    52.8        0        0        0        0        0        0    2e-05
      53        0        0        0        0        0        0  1.9e-05
    53.2        0        0        0        0        0        0 1.81e-05
    53.4        0        0        0        0        0        0 1.72e-05
    53.6        0        0        0        0        0        0 1.63e-05
    53.8        0        0        0        0        0        0 1.55e-05
      54        0        0        0        0        0        0 1.48e-05
    54.2        0        0        0        0        0        0 1.41e-05
    54.4        0        0        0        0        0        0 1.34e-05
    54.6        0        0        0        0        0        0 1.27e-05
    54.8        0        0        0        0        0        0 1.21e-05
      55        0        0        0        0        0        0 1.15e-05
    55.2        0        0        0        0        0        0 1.09e-05
    55.4        0        0        0        0        0        0 1.04e-05
    55.6        0        0        0        0        0        0 9.92e-06
    55.8        0        0        0        0        0        0 9.42e-06
      56        0        0        0        0        0        0 8.96e-06
    56.2        0        0        0        0        0        0 6.45e-06
    69.6        0        0        0        0        0        0        0
    69.8        0        0        0        0        0        0 2.85e-07
      70        0        0        0        0        0        0 2.71e-07
    70.2        0        0        0        0        0        0 2.58e-07
    70.4        0        0        0        0        0        0 2.45e-07
    70.6        0        0        0        0        0        0 2.33e-07
    70.8        0        0        0        0        0        0 2.22e-07
      71        0        0        0        0        0        0 2.11e-07
    71.2        0        0        0        0        0        0 2.01e-07
    71.4        0        0        0        0        0        0 1.91e-07
    71.6        0        0        0        0        0        0 1.81e-07
    71.8        0        0        0        0        0        0 1.73e-07
      72        0        0        0        0        0        0 1.64e-07
    72.2        0        0        0        0        0        0 1.56e-07
    72.4        0        0        0        0        0        0 1.49e-07
    72.6        0        0        0        0        0        0 1.41e-07
    72.8        0        0        0        0        0        0 1.34e-07
      73        0        0        0        0        0        0 1.28e-07
    73.2        0        0        0        0        0        0 1.22e-07
    73.4        0        0        0        0        0        0 1.16e-07
    73.6        0        0        0        0        0        0  1.1e-07
    73.8        0        0        0        0        0        0 1.05e-07
      74        0        0        0        0        0        0 9.95e-08
    74.2        0        0        0        0        0        0 9.47e-08
    74.4        0        0        0        0        0        0 9.01e-08
    74.6        0        0        0        0        0        0 8.57e-08
    74.8        0        0        0        0        0        0 8.15e-08
      75        0        0        0        0        0        0 7.76e-08
    75.2        0        0        0        0        0        0 7.38e-08
    75.4        0        0        0        0        0        0 7.02e-08
    75.6        0        0        0        0        0        0 6.68e-08
    75.8        0        0        0        0        0        0 6.35e-08
      76        0        0        0        0        0        0 6.04e-08
    76.2        0        0        0        0        0        0 5.75e-08
    76.4        0        0        0        0        0        0 5.47e-08
    76.6        0        0        0        0        0        0  5.2e-08
    76.8        0        0        0        0        0        0 4.95e-08
      77        0        0        0        0        0        0  4.7e-08
    77.2        0        0        0        0        0        0 4.47e-08
    77.4        0        0        0        0        0        0 4.26e-08
    77.6        0        0        0        0        0        0 4.05e-08
    77.8        0        0        0        0        0        0 3.85e-08
      78        0        0        0        0        0        0 3.66e-08
    78.2        0        0        0        0        0        0 3.48e-08
    78.4        0        0        0        0        0        0 3.32e-08
    78.6        0        0        0        0        0        0 3.15e-08
    78.8        0        0        0        0        0        0    3e-08
      79        0        0        0        0        0        0 2.85e-08
    79.2        0        0        0        0        0        0 2.71e-08
    79.4        0        0        0        0        0        0 2.58e-08
    79.6        0        0        0        0        0        0 2.46e-08
    79.8        0        0        0        0        0        0 2.34e-08
      80        0        0        0        0        0        0 2.22e-08
    80.2        0        0        0        0        0        0 2.11e-08
    80.4        0        0        0        0        0        0 2.01e-08
    80.6        0        0        0        0        0        0 1.91e-08
    80.8        0        0        0        0        0        0 1.82e-08
      81        0        0        0        0        0        0 1.73e-08
    81.2        0        0        0        0        0        0 1.65e-08
    81.4        0        0        0        0        0        0 1.57e-08
    81.6        0        0        0        0        0        0 1.49e-08
    81.8        0        0        0        0        0        0 1.42e-08
      82        0        0        0        0        0        0 1.35e-08
    82.2        0        0        0        0        0        0 1.28e-08
    82.4        0        0        0        0        0        0 1.22e-08
    82.6        0        0        0        0        0        0 1.16e-08
    82.8        0        0        0        0        0        0  1.1e-08
      83        0        0        0        0        0        0 1.05e-08
    83.2        0        0        0        0        0        0 9.97e-09
    83.4        0        0        0        0        0        0  9.5e-09
    83.6        0        0        0        0        0        0 9.03e-09
    83.8        0        0        0        0        0        0 8.59e-09
      84        0        0        0        0        0        0 8.17e-09
    84.2        0        0        0        0        0        0 7.78e-09
    84.4        0        0        0        0        0        0 7.39e-09
    84.6        0        0        0        0        0        0 7.04e-09
    84.8        0        0        0        0        0        0 6.69e-09
      85        0        0        0        0        0        0 6.37e-09
    85.2        0        0        0        0        0        0 6.06e-09
    85.4        0        0        0        0        0        0 5.76e-09
    85.6        0        0        0        0        0        0 5.48e-09
    85.8        0        0        0        0        0        0 5.21e-09
      86        0        0        0        0        0        0 4.96e-09
    86.2        0        0        0        0        0        0 4.72e-09
    86.4        0        0        0        0        0        0 4.49e-09
    86.6        0        0        0        0        0        0 4.27e-09
    86.8        0        0        0        0        0        0 4.06e-09
      87        0        0        0        0        0        0 3.86e-09
    87.2        0        0        0        0        0        0 3.67e-09
    87.4        0        0        0        0        0        0 3.49e-09
    87.6        0        0        0        0        0        0 3.32e-09
    87.8        0        0        0        0        0        0 3.16e-09
      88        0        0        0        0        0        0 3.01e-09
    88.2        0        0        0        0        0        0 2.86e-09
    88.4        0        0        0        0        0        0 2.72e-09
    88.6        0        0        0        0        0        0 2.59e-09
    88.8        0        0        0        0        0        0 2.46e-09
      89        0        0        0        0        0        0 2.34e-09
    89.2        0        0        0        0        0        0 2.23e-09
    89.4        0        0        0        0        0        0 2.12e-09
    89.6        0        0        0        0        0        0 2.02e-09
    89.8        0        0        0        0        0        0 1.92e-09
      90        0        0        0        0        0        0 1.82e-09
    90.2        0        0        0        0        0        0 1.74e-09
    90.4        0        0        0        0        0        0 1.65e-09
    90.6        0        0        0        0        0        0 1.57e-09
    90.8        0        0        0        0        0        0 1.49e-09
      91        0        0        0        0        0        0 1.42e-09
    91.2        0        0        0        0        0        0 1.35e-09
    91.4        0        0        0        0        0        0 1.29e-09
    91.6        0        0        0        0        0        0 1.22e-09
    91.8        0        0        0        0        0        0 1.16e-09
      92        0        0        0        0        0        0 1.11e-09
    92.2        0        0        0        0        0        0 1.05e-09
    92.4        0        0        0        0        0        0    1e-09
    92.6        0        0        0        0        0        0 9.52e-10
    92.8        0        0        0        0        0        0 9.06e-10
      93        0        0        0        0        0        0 8.61e-10
    93.2        0        0        0        0        0        0 8.19e-10
    93.4        0        0        0        0        0        0 7.79e-10
    93.6        0        0        0        0        0        0 7.42e-10
    93.8        0        0        0        0        0        0 7.05e-10
      94        0        0        0        0        0        0 6.71e-10
    94.2        0        0        0        0        0        0 6.38e-10
    94.4        0        0        0        0        0        0 6.07e-10
    94.6        0        0        0        0        0        0 5.78e-10
    94.8        0        0        0        0        0        0 5.49e-10
      95        0        0        0        0        0        0 5.23e-10
    95.2        0        0        0        0        0        0 4.97e-10
    95.4        0        0        0        0        0        0 4.73e-10
    95.6        0        0        0        0        0        0  4.5e-10
    95.8        0        0        0        0        0        0 4.28e-10
      96        0        0        0        0        0        0 4.07e-10
    96.2        0        0        0        0        0        0 3.87e-10
    96.4        0        0        0        0        0        0 3.68e-10
    96.6        0        0        0        0        0        0  3.5e-10
    96.8        0        0        0        0        0        0 3.33e-10
      97        0        0        0        0        0        0 3.17e-10
    97.2        0        0        0        0        0        0 3.02e-10
    97.4        0        0        0        0        0        0 2.87e-10
    97.6        0        0        0        0        0        0 2.73e-10
    97.8        0        0        0        0        0        0  2.6e-10
      98        0        0        0        0        0        0 2.47e-10
    98.2        0        0        0        0        0        0 2.35e-10
    98.4        0        0        0        0        0        0 2.23e-10
    98.6        0        0        0        0        0        0 2.12e-10
    98.8        0        0        0        0        0        0 2.02e-10
      99        0        0        0        0        0        0 1.92e-10
    99.2        0        0        0        0        0        0 1.83e-10
    99.4        0        0        0        0        0        0 1.74e-10
    99.6        0        0        0        0        0        0 1.65e-10
    99.8        0        0        0        0        0        0 1.57e-10
