     -15    0.199    0.632        1   0.0142    0.301
   -14.6    0.209    0.651        1   0.0267    0.547
   -14.2    0.218    0.671        1   0.0263    0.498
   -13.8    0.228     0.69        1   0.0286    0.504
   -13.4    0.239     0.71        1   0.0282    0.462
     -13    0.249    0.729        1   0.0278    0.422
   -12.6     0.26    0.749        1   0.0287    0.408
   -12.2    0.271    0.768        1   0.0296    0.391
   -11.8    0.283    0.788        1   0.0305    0.375
   -11.4    0.295    0.807        1     0.03    0.345
     -11    0.307    0.826        1   0.0297    0.319
   -10.6    0.319    0.845        1   0.0305    0.307
   -10.2    0.332    0.864        1   0.0313    0.295
    -9.8    0.345    0.883        1   0.0309    0.273
    -9.4    0.358    0.901        1   0.0317    0.263
      -9    0.372     0.92        1   0.0324    0.253
    -8.6    0.386    0.937        1    0.032    0.235
    -8.2      0.4    0.955        1   0.0317    0.219
    -7.8    0.414    0.972        1   0.0324    0.211
    -7.4    0.429    0.988        1   0.0321    0.198
      -7    0.443        1        1   0.0317    0.184
    -6.6    0.458     1.02        1   0.0324    0.179
    -6.2    0.473     1.03        1   0.0321    0.168
    -5.8    0.488     1.05        1   0.0318    0.158
    -5.4    0.503     1.06        1   0.0325    0.153
      -5    0.519     1.08        1   0.0322    0.144
    -4.6    0.534     1.09        1   0.0318    0.136
    -4.2     0.55      1.1        1   0.0315    0.128
    -3.8    0.565     1.11        1   0.0312    0.121
    -3.4    0.581     1.12        1    0.032    0.119
      -3    0.597     1.13        1   0.0307    0.109
    -2.6    0.612     1.14        1   0.0304    0.103
    -2.2    0.628     1.15        1   0.0302   0.0985
    -1.8    0.643     1.16        1   0.0299   0.0936
    -1.4    0.659     1.17        1   0.0297   0.0894
      -1    0.674     1.17        1   0.0295   0.0852
    -0.6     0.69     1.18        1   0.0292   0.0815
    -0.2    0.705     1.19        1   0.0281   0.0755
     0.2     0.72     1.19        1   0.0279   0.0724
     0.6    0.735      1.2        1   0.0286   0.0717
       1    0.751      1.2    0.906   0.0284   0.0688
     1.4    0.766     1.21    0.901   0.0264   0.0619
     1.8     0.78     1.21    0.895   0.0262   0.0595
     2.2    0.795     1.21    0.889    0.027   0.0594
     2.6     0.81     1.22    0.883   0.0268   0.0572
       3    0.825     1.22    0.876   0.0258   0.0533
     3.4    0.839     1.22    0.869   0.0247   0.0497
     3.8    0.853     1.22    0.862   0.0255   0.0498
     4.2    0.868     1.22    0.855   0.0253   0.0482
     4.6    0.882     1.23    0.847   0.0243    0.045
       5    0.896     1.23    0.839   0.0242   0.0436
     5.4     0.91     1.23    0.831   0.0241   0.0423
     5.8    0.924     1.23    0.822    0.024    0.041
     6.2    0.938     1.23    0.813   0.0238   0.0398
     6.6    0.952     1.23    0.804   0.0229   0.0373
       7    0.965     1.23    0.794   0.0228   0.0362
     7.4    0.979     1.23    0.784   0.0235   0.0365
     7.8    0.993     1.23    0.774   0.0259   0.0392
     8.2     1.01     1.23    0.763   0.0225   0.0333
     8.6     1.02     1.23    0.752   0.0166    0.024
       9     1.03     1.23    0.741   0.0247    0.035
     9.4     1.05     1.23     0.73   0.0246   0.0343
     9.8     1.06     1.23    0.718   0.0245   0.0331
    10.2     1.08     1.23    0.706   0.0244   0.0325
    10.6     1.09     1.23    0.693   0.0162    0.021
      11      1.1     1.23    0.681   0.0242   0.0307
    11.4     1.12     1.23    0.668   0.0241   0.0302
    11.8     1.13     1.22    0.655    0.024   0.0291
    12.2     1.15     1.22    0.642   0.0239   0.0286
    12.6     1.16     1.22    0.628   0.0238   0.0276
      13     1.18     1.22    0.614   0.0237   0.0272
    13.4     1.19     1.22    0.601   0.0157   0.0177
    13.8      1.2     1.21    0.587   0.0235   0.0258
    14.2     1.22     1.21    0.573   0.0234   0.0254
    14.6     1.23     1.21    0.559   0.0233   0.0246
      15     1.25      1.2    0.544   0.0232   0.0242
    15.4     1.26      1.2     0.53   0.0231   0.0234
    15.8     1.28     1.19    0.516   0.0231   0.0231
    16.2     1.29     1.19    0.501   0.0229   0.0224
    16.6     1.31     1.18    0.487   0.0305   0.0291
      17     1.33     1.17    0.473   0.0228   0.0214
    17.4     1.34     1.17    0.459   0.0226   0.0207
    17.8     1.36     1.16    0.445   0.0226   0.0204
    18.2     1.37     1.15     0.43   0.0225   0.0198
    18.6     1.39     1.14    0.416   0.0224   0.0196
      19      1.4     1.13    0.403   0.0223    0.019
    19.4     1.42     1.12    0.389   0.0223   0.0187
    19.8     1.43     1.11    0.376   0.0222   0.0182
    20.2     1.45      1.1    0.362   0.0295   0.0238
    20.6     1.47     1.09    0.349    0.022   0.0175
      21     1.48     1.08    0.337   0.0219    0.017
    21.4      1.5     1.06    0.324   0.0219   0.0168
    21.8     1.51     1.05    0.312   0.0218   0.0163
    22.2     1.53     1.03      0.3   0.0217   0.0161
    22.6     1.54     1.02    0.288   0.0216   0.0157
      23     1.56        1    0.277   0.0216   0.0155
    23.4     1.57    0.988    0.265   0.0215   0.0151
    23.8     1.59    0.972    0.255   0.0214   0.0149
    24.2      1.6    0.955    0.244   0.0142  0.00977
    24.6     1.61    0.937    0.234   0.0213   0.0144
      25     1.63     0.92    0.224   0.0213   0.0142
    25.4     1.64    0.901    0.214   0.0141   0.0093
    25.8     1.65    0.883    0.205   0.0211   0.0137
    26.2     1.67    0.864    0.196   0.0211   0.0135
    26.6     1.68    0.845    0.187    0.014  0.00886
      27     1.69    0.826    0.178    0.021   0.0131
    27.4     1.71    0.807     0.17   0.0209   0.0129
    27.8     1.72    0.788    0.162   0.0139  0.00845
    28.2     1.73    0.768    0.155   0.0139  0.00835
    28.6     1.74    0.748    0.148   0.0139  0.00826
      29     1.75    0.729    0.141   0.0138  0.00816
    29.4     1.76    0.709    0.134   0.0138  0.00807
    29.8     1.77     0.69    0.127   0.0138  0.00798
    30.2     1.78     0.67    0.121   0.0138  0.00789
    30.6     1.79    0.651    0.115   0.0137   0.0078
      31      1.8    0.632     0.11   0.0137  0.00772
    31.4     1.81    0.613    0.104   0.0137  0.00763
    31.8     1.82    0.594   0.0991   0.0137  0.00755
    32.2     1.83    0.575   0.0941  0.00682  0.00375
    32.6     1.83    0.557   0.0894  0.00681  0.00371
      33     1.84    0.539   0.0849   0.0136  0.00738
    33.4     1.85    0.521   0.0807   0.0136   0.0073
    33.8     1.86    0.504   0.0765  0.00678  0.00363
    34.2     1.86    0.487   0.0726  0.00677  0.00359
    34.6     1.87     0.47   0.0689   0.0135  0.00715
      35     1.88    0.453   0.0653  0.00676  0.00356
    35.4     1.88    0.437    0.062  0.00675  0.00352
    35.8     1.89    0.422   0.0587  0.00675  0.00352
    36.2     1.89    0.406   0.0556  0.00673  0.00348
    36.6      1.9    0.392   0.0527  0.00673  0.00348
      37      1.9    0.377     0.05  0.00672  0.00344
    37.4     1.91    0.363   0.0473  0.00672  0.00344
    37.8     1.91    0.349   0.0449  0.00671  0.00341
    38.2     1.92    0.336   0.0425  0.00671  0.00341
    38.6     1.92    0.323   0.0402   0.0067  0.00337
      39     1.93     0.31   0.0381   0.0067  0.00337
    39.4     1.93    0.298   0.0361        0        0
    39.8     1.93    0.286   0.0341  0.00669  0.00334
    40.2     1.94    0.275   0.0323  0.00669  0.00334
    40.6     1.94    0.264   0.0306        0        0
      41     1.94    0.253   0.0289  0.00668   0.0033
    41.4     1.95    0.243   0.0274  0.00668   0.0033
    41.8     1.95    0.233   0.0259        0        0
    42.2     1.95    0.223   0.0245        0        0
    42.6     1.95    0.214   0.0232  0.00666  0.00327
      43     1.96    0.205   0.0219  0.00666  0.00327
    43.4     1.96    0.196   0.0207        0        0
    43.8     1.96    0.188   0.0196        0        0
    44.2     1.96     0.18   0.0185  0.00665  0.00324
    44.6     1.97    0.172   0.0175  0.00665  0.00324
      45     1.97    0.165   0.0166        0        0
    45.4     1.97    0.157   0.0157        0        0
    45.8     1.97    0.151   0.0148        0        0
    46.2     1.97    0.144    0.014        0        0
    46.6     1.97    0.138   0.0132        0        0
      47     1.97    0.132   0.0125  0.00664   0.0032
    47.4     1.98    0.126   0.0118  0.00664   0.0032
    47.8     1.98     0.12   0.0112        0        0
    48.2     1.98    0.115   0.0106        0        0
    48.6     1.98     0.11  0.00998        0        0
      49     1.98    0.105  0.00943        0        0
    49.4     1.98      0.1  0.00891        0        0
    49.8     1.98   0.0955  0.00842        0        0
    50.2     1.98   0.0912  0.00795  0.00663  0.00317
    50.6     1.99   0.0871  0.00751  0.00663  0.00317
      51     1.99   0.0831  0.00709        0        0
    51.4     1.99   0.0793   0.0067        0        0
    51.8     1.99   0.0757  0.00634        0        0
    52.2     1.99   0.0722  0.00599        0        0
    52.6     1.99   0.0689  0.00566        0        0
      53     1.99   0.0657  0.00534        0        0
    53.4     1.99   0.0627  0.00505        0        0
    53.8     1.99   0.0597  0.00478        0        0
    54.2     1.99    0.057  0.00451        0        0
    54.6     1.99   0.0543  0.00426        0        0
      55     1.99   0.0518  0.00403        0        0
    55.4     1.99   0.0493  0.00381        0        0
    55.8     1.99    0.047   0.0036        0        0
    56.2     1.99   0.0448   0.0034        0        0
    56.6     1.99   0.0427  0.00321        0        0
      57     1.99   0.0407  0.00303        0        0
    57.4     1.99   0.0388  0.00286        0        0
    57.8     1.99   0.0369   0.0027        0        0
    58.2     1.99   0.0352  0.00255  0.00662  0.00314
    58.6        2   0.0335  0.00241  0.00662  0.00314
      59        2   0.0319  0.00228        0        0
    59.4        2   0.0304  0.00215        0        0
    59.8        2   0.0289  0.00203        0        0
    60.2        2   0.0276  0.00192        0        0
    60.6        2   0.0262  0.00181        0        0
      61        2    0.025  0.00171        0        0
    61.4        2   0.0238  0.00162        0        0
    61.8        2   0.0226  0.00153        0        0
    62.2        2   0.0216  0.00144        0        0
    62.6        2   0.0205  0.00136        0        0
      63        2   0.0195  0.00129        0        0
    63.4        2   0.0186  0.00122        0        0
    63.8        2   0.0177  0.00115        0        0
    64.2        2   0.0168  0.00108        0        0
    64.6        2    0.016  0.00102        0        0
      65        2   0.0152 0.000967        0        0
    65.4        2   0.0145 0.000914        0        0
    65.8        2   0.0138 0.000863        0        0
    66.2        2   0.0131 0.000815        0        0
    66.6        2   0.0125  0.00077        0        0
      67        2   0.0119 0.000727        0        0
    67.4        2   0.0113 0.000687        0        0
    67.8        2   0.0107 0.000649        0        0
    68.2        2   0.0102 0.000613        0        0
    68.6        2  0.00971 0.000578        0        0
      69        2  0.00924 0.000546        0        0
    69.4        2  0.00878 0.000516        0        0
    69.8        2  0.00835 0.000488        0        0
    70.2        2  0.00794 0.000461        0        0
    70.6        2  0.00755 0.000435        0        0
      71        2  0.00718 0.000411        0        0
    71.4        2  0.00682 0.000388        0        0
    71.8        2  0.00649 0.000367        0        0
    72.2        2  0.00617 0.000346        0        0
    72.6        2  0.00586 0.000327        0        0
      73        2  0.00557 0.000309        0        0
    73.4        2  0.00529 0.000292        0        0
    73.8        2  0.00503 0.000275        0        0
    74.2        2  0.00478  0.00026        0        0
    74.6        2  0.00454 0.000246        0        0
      75        2  0.00432 0.000232        0        0
    75.4        2   0.0041 0.000219        0        0
    75.8        2   0.0039 0.000207        0        0
    76.2        2  0.00371 0.000196        0        0
    76.6        2  0.00352 0.000185        0        0
      77        2  0.00335 0.000174        0        0
    77.4        2  0.00318 0.000165        0        0
    77.8        2  0.00302 0.000156        0        0
    78.2        2  0.00287 0.000147        0        0
    78.6        2  0.00273 0.000139        0        0
      79        2  0.00259 0.000131        0        0
    79.4        2  0.00246 0.000124        0        0
    79.8        2  0.00234 0.000117        0        0
    80.2        2  0.00222 0.000111        0        0
    80.6        2  0.00211 0.000104        0        0
      81        2    0.002 9.86e-05        0        0
    81.4        2   0.0019 9.31e-05        0        0
    81.8        2  0.00181 8.79e-05        0        0
    82.2        2  0.00172  8.3e-05        0        0
    82.6        2  0.00163 7.84e-05        0        0
      83        2  0.00155 7.41e-05        0        0
    83.4        2  0.00147 6.99e-05        0        0
    83.8        2  0.00139 6.61e-05        0        0
    84.2        2  0.00132 6.24e-05        0        0
    84.6        2  0.00126  5.9e-05        0        0
      85        2  0.00119 5.57e-05        0        0
    85.4        2  0.00113 5.26e-05        0        0
    85.8        2  0.00108 4.97e-05        0        0
    86.2        2  0.00102 4.69e-05        0        0
    86.6        2 0.000971 4.43e-05        0        0
      87        2 0.000921 4.18e-05        0        0
    87.4        2 0.000875 3.95e-05        0        0
    87.8        2  0.00083 3.73e-05        0        0
    88.2        2 0.000788 3.52e-05        0        0
    88.6        2 0.000748 3.33e-05        0        0
      89        2  0.00071 3.14e-05        0        0
    89.4        2 0.000674 2.97e-05        0        0
    89.8        2  0.00064  2.8e-05        0        0
    90.2        2 0.000608 2.65e-05        0        0
    90.6        2 0.000577  2.5e-05        0        0
      91        2 0.000547 2.36e-05        0        0
    91.4        2  0.00052 2.23e-05        0        0
    91.8        2 0.000493 2.11e-05        0        0
    92.2        2 0.000468 1.99e-05        0        0
    92.6        2 0.000444 1.88e-05        0        0
      93        2 0.000421 1.77e-05        0        0
    93.4        2   0.0004 1.68e-05        0        0
    93.8        2  0.00038 1.58e-05        0        0
    94.2        2  0.00036  1.5e-05        0        0
    94.6        2 0.000342 1.41e-05        0        0
      95        2 0.000324 1.33e-05        0        0
    95.4        2 0.000307 1.26e-05        0        0
    95.8        2  0.00029 1.19e-05        0        0
    96.2        2 0.000274 1.12e-05        0        0
    96.6        2 0.000258 1.06e-05        0        0
      97        2 0.000244    1e-05        0        0
    97.4        2 0.000231 9.46e-06        0        0
    97.8        2 0.000219 8.94e-06        0        0
    98.2        2  0.00021 8.45e-06        0        0
    98.6        2 0.000202 7.98e-06        0        0
      99        2 0.000196 7.52e-06        0        0
    99.4        2 0.000193 7.05e-06        0        0
    99.8        2 0.000191  6.8e-06        0        0
