     -25        0        0        0        0        0        0   0.0178
   -24.8        0        0        0        0        0        0   0.0185
   -24.6        0        0        0        0        0        0   0.0192
   -24.4        0        0        0        0        0        0     0.02
   -24.2        0        0        0        0        0        0   0.0207
     -24        0        0        0        0        0        0   0.0215
   -23.8        0        0        0        0        0        0   0.0223
   -23.6        0        0        0        0        0        0   0.0232
   -23.4        0        0        0        0        0        0   0.0241
   -23.2        0        0        0        0        0        0    0.025
     -23        0        0        0        0        0        0    0.026
   -22.8        0        0        0        0        0        0   0.0269
   -22.6        0        0        0        0        0        0    0.028
   -22.4        0        0        0        0        0        0    0.029
   -22.2        0        0        0        0        0        0   0.0301
     -22        0        0        0        0        0        0   0.0313
   -21.8        0        0        0        0        0        0   0.0324
   -21.6        0        0        0        0        0        0   0.0336
   -21.4        0        0        0        0        0        0   0.0349
   -21.2        0        0        0        0        0        0   0.0362
     -21        0        0        0        0        0        0   0.0376
   -20.8        0        0        0        0        0        0    0.039
   -20.6        0        0        0        0        0        0   0.0404
   -20.4        0        0        0        0        0        0   0.0419
   -20.2        0        0        0        0        0        0   0.0435
     -20        0        0        0        0        0        0   0.0451
   -19.8        0        0        0        0        0        0   0.0468
   -19.6        0        0        0        0        0        0   0.0485
   -19.4        0        0        0        0        0        0   0.0503
   -19.2        0        0        0        0        0        0   0.0522
     -19        0        0        0        0        0        0   0.0541
   -18.8        0        0        0        0        0        0   0.0561
   -18.6        0        0        0        0        0        0   0.0581
   -18.4        0        0        0        0        0        0   0.0602
   -18.2        0        0        0        0        0        0   0.0624
     -18        0        0        0        0        0        0   0.0647
   -17.8        0        0        0        0        0        0    0.067
   -17.6        0        0        0        0        0        0   0.0694
   -17.4        0        0        0        0        0        0   0.0719
   -17.2        0        0        0        0        0        0   0.0745
     -17        0        0        0        0        0        0   0.0771
   -16.8        0        0        0        0        0        0   0.0799
   -16.6        0        0        0        0        0        0   0.0827
   -16.4        0        0        0        0        0        0   0.0856
   -16.2        0        0        0        0        0        0   0.0886
     -16        0        0        0        0        0        0   0.0918
   -15.8        0        0        0        0        0        0    0.095
   -15.6        0        0        0        0        0        0   0.0982
   -15.4        0        0        0        0        0        0    0.102
   -15.2        0        0        0        0        0        0    0.105
     -15        0        0        0        0        0        0    0.109
   -14.8        0        0        0        0        0        0    0.112
   -14.6        0        0        0        0        0        0    0.116
   -14.4        0        0        0        0        0        0     0.12
   -14.2        0        0        0        0        0        0    0.124
     -14        0        0        0        0        0        0    0.128
   -13.8        0        0        0        0        0        0    0.133
   -13.6        0        0        0        0        0        0    0.137
   -13.4        0        0        0        0        0        0    0.142
   -13.2        0        0        0        0        0        0    0.146
     -13        0        0        0        0        0        0    0.151
   -12.8        0        0        0        0        0        0    0.156
   -12.6        0        0        0        0        0        0    0.161
   -12.4        0        0        0        0        0        0    0.166
   -12.2        0        0        0        0        0        0    0.171
     -12        0        0        0        0        0        0    0.176
   -11.8        0        0        0        0        0        0    0.182
   -11.6        0        0        0        0        0        0    0.188
   -11.4        0        0        0        0        0        0    0.193
   -11.2        0        0        0        0        0        0    0.199
     -11        0        0        0        0        0        0    0.205
   -10.8        0        0        0        0        0        0    0.211
   -10.6        0        0        0        0        0        0    0.218
   -10.4        0        0        0        0        0        0    0.224
   -10.2        0        0        0        0        0        0     0.23
     -10        0        0        0        0        0        0    0.237
    -9.8        0        0        0        0        0        0    0.244
    -9.6        0        0        0        0        0        0    0.251
    -9.4        0        0        0        0        0        0    0.258
    -9.2        0        0        0        0        0        0    0.265
      -9        0        0        0        0        0        0    0.272
    -8.8        0        0        0        0        0        0    0.279
    -8.6        0        0        0        0        0        0    0.287
    -8.4        0        0        0        0        0        0    0.295
    -8.2        0        0        0        0        0        0    0.302
      -8        0        0        0        0        0        0     0.31
    -7.8        0        0        0        0        0        0    0.318
    -7.6        0        0        0        0        0        0    0.326
    -7.4        0        0        0        0        0        0    0.334
    -7.2        0        0        0        0        0        0    0.342
      -7        0        0        0        0        0        0    0.351
    -6.8        0        0        0        0        0        0    0.359
    -6.6        0        0        0        0        0        0    0.367
    -6.4        0        0        0        0        0        0    0.376
    -6.2        0        0        0        0        0        0    0.385
      -6        0        0        0        0        0        0    0.393
    -5.8        0        0        0        0        0        0    0.402
    -5.6        0        0        0        0        0        0    0.411
    -5.4        0        0        0        0        0        0    0.419
    -5.2        0        0        0        0        0        0    0.428
      -5        0        0        0        0        0        0    0.437
    -4.8        0        0        0        0        0        0    0.446
    -4.6        0        0        0        0        0        0    0.455
    -4.4        0        0        0        0        0        0    0.464
    -4.2        0        0        0        0        0        0    0.473
      -4        0        0        0        0        0        0    0.482
    -3.8        0        0        0        0        0        0    0.491
    -3.6        0        0        0        0        0        0      0.5
    -3.4        0        0        0        0        0        0    0.509
    -3.2        0        0        0        0        0        0    0.518
      -3        0        0        0        0        0        0    0.527
    -2.8        0        0        0        0        0        0    0.536
    -2.6        0        0        0        0        0        0    0.545
    -2.4        0        0        0        0        0        0    0.554
    -2.2        0        0        0        0        0        0    0.563
      -2        0        0        0        0        0        0    0.572
    -1.8        0        0        0        0        0        0     0.58
    -1.6        0        0        0        0        0        0    0.589
    -1.4        0        0        0        0        0        0    0.598
    -1.2        0        0        0        0        0        0    0.606
      -1        0        0        0        0        0        0    0.615
    -0.8        0        0        0        0        0        0    0.623
    -0.6        0        0        0        0        0        0    0.632
    -0.4        0        0        0        0        0        0     0.64
    -0.2        0        0        0        0        0        0    0.648
3.38e-14        0        0        0        0        0        0    0.656
     0.2        0        0        0        0        0        0    0.664
     0.4        0        0        0        0        0        0    0.672
     0.6        0        0        0        0        0        0    0.679
     0.8        0        0        0        0        0        0    0.687
       1        0        0        0        0        0        0    0.695
     1.2        0        0        0        0        0        0    0.702
     1.4        0        0        0        0        0        0    0.709
     1.6        0        0        0        0        0        0    0.716
     1.8        0        0        0        0        0        0    0.723
       2        0        0        0        0        0        0     0.73
     2.2        0        0        0        0        0        0    0.737
     2.4        0        0        0        0        0        0    0.744
     2.6        0        0        0        0        0        0     0.75
     2.8        0        0        0        0        0        0    0.756
       3        0        0        0        0        0        0    0.763
     3.2        0        0        0        0        0        0    0.769
     3.4        0        0        0        0        0        0    0.775
     3.6        0        0        0        0        0        0    0.781
     3.8        0        0        0        0        0        0    0.786
       4        0        0        0        0        0        0    0.792
     4.2        0        0        0        0        0        0    0.797
     4.4        0        0        0        0        0        0    0.803
     4.6        0        0        0        0        0        0    0.808
     4.8        0        0        0        0        0        0    0.813
       5        0        0        0        0        0        0    0.818
     5.2        0        0        0        0        0        0    0.822
     5.4        0        0        0        0        0        0    0.827
     5.6        0        0        0        0        0        0    0.832
     5.8        0        0        0        0        0        0    0.836
       6        0        0        0        0        0        0     0.84
     6.2        0        0        0        0        0        0    0.844
     6.4        0        0        0        0        0        0    0.848
     6.6        0        0        0        0        0        0    0.852
     6.8        0        0        0        0        0        0    0.856
       7        0        0        0        0        0        0    0.859
     7.2        0        0        0        0        0        0    0.863
     7.4        0        0        0        0        0        0    0.866
     7.6        0        0        0        0        0        0    0.869
     7.8        0        0        0        0        0        0    0.873
       8        0        0        0        0        0        0    0.876
     8.2        0        0        0        0        0        0    0.878
     8.4        0        0        0        0        0        0    0.881
     8.6        0        0        0        0        0        0    0.884
     8.8        0        0        0        0        0        0    0.886
       9        0        0        0        0        0        0    0.889
     9.2        0        0        0        0        0        0    0.891
     9.4        0        0        0        0        0        0    0.893
     9.6        0        0        0        0        0        0    0.895
     9.8        0        0        0        0        0        0    0.897
      10        0        0        0        0        0        0    0.899
    10.2        0        0        0        0        0        0    0.901
    10.4        0        0        0        0        0        0    0.903
    10.6        0        0        0        0        0        0    0.904
    10.8        0        0        0        0        0        0    0.906
      11        0        0        0        0        0        0    0.907
    11.2        0        0        0        0        0        0    0.909
    11.4        0        0        0        0        0        0     0.91
    11.6        0        0        0        0        0        0    0.911
    11.8        0        0        0        0        0        0    0.912
      12        0        0        0        0        0        0    0.913
    12.2        0        0        0        0        0        0    0.914
    12.4        0        0        0        0        0        0    0.915
    12.6        0        0        0        0        0        0    0.915
    12.8        0        0        0        0        0        0    0.916
      13        0        0        0        0        0        0    0.916
    13.2        0        0        0        0        0        0    0.917
    13.4        0        0        0        0        0        0    0.917
    13.6        0        0        0        0        0        0    0.917
    13.8        0        0        0        0        0        0    0.917
      14        0        0        0        0        0        0    0.917
    14.2        0        0        0        0        0        0    0.917
    14.4        0        0        0        0        0        0    0.917
    14.6        0        0        0        0        0        0    0.917
    14.8        0        0        0        0        0        0    0.917
      15        0        0        0        0        0        0    0.916
    15.2        0        0        0        0        0        0    0.916
    15.4        0        0        0        0        0        0    0.915
    15.6        0        0        0        0        0        0    0.915
    15.8        0        0        0        0        0        0    0.914
      16        0        0        0        0        0        0    0.913
    16.2        0        0        0        0        0        0    0.912
    16.4        0        0        0        0        0        0    0.911
    16.6        0        0        0        0        0        0     0.91
    16.8        0        0        0        0        0        0    0.909
      17        0        0        0        0        0        0    0.907
    17.2        0        0        0        0        0        0    0.906
    17.4        0        0        0        0        0        0    0.904
    17.6        0        0        0        0        0        0    0.903
    17.8        0        0        0        0        0        0    0.901
      18        0        0        0        0        0        0    0.899
    18.2        0        0        0        0        0        0    0.897
    18.4        0        0        0        0        0        0    0.895
    18.6        0        0        0        0        0        0    0.893
    18.8        0        0        0        0        0        0    0.891
      19        0        0        0        0        0        0    0.889
    19.2        0        0        0        0        0        0    0.886
    19.4        0        0        0        0        0        0    0.884
    19.6        0        0        0        0        0        0    0.881
    19.8        0        0        0        0        0        0    0.878
      20        0        0        0        0        0        0    0.876
    20.2        0        0        0        0        0        0    0.873
    20.4        0        0        0        0        0        0    0.869
    20.6        0        0        0        0        0        0    0.866
    20.8        0        0        0        0        0        0    0.863
      21        0        0        0        0        0        0    0.859
    21.2        0        0        0        0        0        0    0.856
    21.4        0        0        0        0        0        0    0.852
    21.6        0        0        0        0        0        0    0.848
    21.8        0        0        0        0        0        0    0.844
      22        0        0        0        0        0        0     0.84
    22.2        0        0        0        0        0        0    0.836
    22.4        0        0        0        0        0        0    0.832
    22.6        0        0        0        0        0        0    0.827
    22.8        0        0        0        0        0        0    0.822
      23        0        0        0        0        0        0    0.818
    23.2        0        0        0        0        0        0    0.813
    23.4        0        0        0        0        0        0    0.808
    23.6        0        0        0        0        0        0    0.803
    23.8        0        0        0        0        0        0    0.797
      24        0        0        0        0        0        0    0.792
    24.2        0        0        0        0        0        0    0.786
    24.4        0        0        0        0        0        0    0.781
    24.6        0        0        0        0        0        0    0.775
    24.8        0        0        0        0        0        0    0.769
      25        0        0        0        0        0        0    0.763
    25.2        0        0        0        0        0        0    0.756
    25.4        0        0        0        0        0        0     0.75
    25.6        0        0        0        0        0        0    0.744
    25.8        0        0        0        0        0        0    0.737
      26        0        0        0        0        0        0     0.73
    26.2        0        0        0        0        0        0    0.723
    26.4        0        0        0        0        0        0    0.716
    26.6        0        0        0        0        0        0    0.709
    26.8        0        0        0        0        0        0    0.702
      27        0        0        0        0        0        0    0.695
    27.2        0        0        0        0        0        0    0.687
    27.4        0        0        0        0        0        0    0.679
    27.6        0        0        0        0        0        0    0.672
    27.8        0        0        0        0        0        0    0.664
      28        0        0        0        0        0        0    0.656
    28.2        0        0        0        0        0        0    0.648
    28.4        0        0        0        0        0        0     0.64
    28.6        0        0        0        0        0        0    0.632
    28.8        0        0        0        0        0        0    0.623
      29        0        0        0        0        0        0    0.615
    29.2        0        0        0        0        0        0    0.606
    29.4        0        0        0        0        0        0    0.598
    29.6        0        0        0        0        0        0    0.589
    29.8        0        0        0        0        0        0     0.58
      30        0        0        0        0        0        0    0.572
    30.2        0        0        0        0        0        0    0.563
    30.4        0        0        0        0        0        0    0.554
    30.6        0        0        0        0        0        0    0.545
    30.8        0        0        0        0        0        0    0.536
      31        0        0        0        0        0        0    0.527
    31.2        0        0        0        0        0        0    0.518
    31.4        0        0        0        0        0        0    0.509
    31.6        0        0        0        0        0        0      0.5
    31.8        0        0        0        0        0        0    0.491
      32        0        0        0        0        0        0    0.482
    32.2        0        0        0        0        0        0    0.473
    32.4        0        0        0        0        0        0    0.464
    32.6        0        0        0        0        0        0    0.455
    32.8        0        0        0        0        0        0    0.446
      33        0        0        0        0        0        0    0.437
    33.2        0        0        0        0        0        0    0.428
    33.4        0        0        0        0        0        0    0.419
    33.6        0        0        0        0        0        0    0.411
    33.8        0        0        0        0        0        0    0.402
      34        0        0        0        0        0        0    0.393
    34.2        0        0        0        0        0        0    0.385
    34.4        0        0        0        0        0        0    0.376
    34.6        0        0        0        0        0        0    0.367
    34.8        0        0        0        0        0        0    0.359
      35        0        0        0        0        0        0    0.351
    35.2        0        0        0        0        0        0    0.342
    35.4        0        0        0        0        0        0    0.334
    35.6        0        0        0        0        0        0    0.326
    35.8        0        0        0        0        0        0    0.318
      36        0        0        0        0        0        0     0.31
    36.2        0        0        0        0        0        0    0.302
    36.4        0        0        0        0        0        0    0.295
    36.6        0        0        0        0        0        0    0.287
    36.8        0        0        0        0        0        0    0.279
      37        0        0        0        0        0        0    0.272
    37.2        0        0        0        0        0        0    0.265
    37.4        0        0        0        0        0        0    0.258
    37.6        0        0        0        0        0        0    0.251
    37.8        0        0        0        0        0        0    0.244
      38        0        0        0        0        0        0    0.237
    38.2        0        0        0        0        0        0     0.23
    38.4        0        0        0        0        0        0    0.224
    38.6        0        0        0        0        0        0    0.218
    38.8        0        0        0        0        0        0    0.211
      39        0        0        0        0        0        0    0.205
    39.2        0        0        0        0        0        0    0.199
    39.4        0        0        0        0        0        0    0.193
    39.6        0        0        0        0        0        0    0.188
    39.8        0        0        0        0        0        0    0.182
      40        0        0        0        0        0        0    0.176
    40.2        0        0        0        0        0        0    0.171
    40.4        0        0        0        0        0        0    0.166
    40.6        0        0        0        0        0        0    0.161
    40.8        0        0        0        0        0        0    0.156
      41        0        0        0        0        0        0    0.151
    41.2        0        0        0        0        0        0    0.146
    41.4        0        0        0        0        0        0    0.142
    41.6        0        0        0        0        0        0    0.137
    41.8        0        0        0        0        0        0    0.133
      42        0        0        0        0        0        0    0.128
    42.2        0        0        0        0        0        0    0.124
    42.4        0        0        0        0        0        0     0.12
    42.6        0        0        0        0        0        0    0.116
    42.8        0        0        0        0        0        0    0.112
      43        0        0        0        0        0        0    0.109
    43.2        0        0        0        0        0        0    0.105
    43.4        0        0        0        0        0        0    0.102
    43.6        0        0        0        0        0        0   0.0982
    43.8        0        0        0        0        0        0    0.095
      44        0        0        0        0        0        0   0.0918
    44.2        0        0        0        0        0        0   0.0886
    44.4        0        0        0        0        0        0   0.0856
    44.6        0        0        0        0        0        0   0.0827
    44.8        0        0        0        0        0        0   0.0799
      45        0        0        0        0        0        0   0.0771
    45.2        0        0        0        0        0        0   0.0745
    45.4        0        0        0        0        0        0   0.0719
    45.6        0        0        0        0        0        0   0.0694
    45.8        0        0        0        0        0        0    0.067
      46        0        0        0        0        0        0   0.0647
    46.2        0        0        0        0        0        0   0.0624
    46.4        0        0        0        0        0        0   0.0602
    46.6        0        0        0        0        0        0   0.0581
    46.8        0        0        0        0        0        0   0.0561
      47        0        0        0        0        0        0   0.0541
    47.2        0        0        0        0        0        0   0.0522
    47.4        0        0        0        0        0        0   0.0503
    47.6        0        0        0        0        0        0   0.0485
    47.8        0        0        0        0        0        0   0.0468
      48        0        0        0        0        0        0   0.0451
    48.2        0        0        0        0        0        0   0.0435
    48.4        0        0        0        0        0        0   0.0419
    48.6        0        0        0        0        0        0   0.0404
    48.8        0        0        0        0        0        0    0.039
      49        0        0        0        0        0        0   0.0376
    49.2        0        0        0        0        0        0   0.0362
    49.4        0        0        0        0        0        0   0.0349
    49.6        0        0        0        0        0        0   0.0336
    49.8        0        0        0        0        0        0   0.0324
      50        0        0        0        0        0        0   0.0313
    50.2        0        0        0        0        0        0   0.0301
    50.4        0        0        0        0        0        0    0.029
    50.6        0        0        0        0        0        0    0.028
    50.8        0        0        0        0        0        0   0.0269
      51        0        0        0        0        0        0    0.026
    51.2        0        0        0        0        0        0    0.025
    51.4        0        0        0        0        0        0   0.0241
    51.6        0        0        0        0        0        0   0.0232
    51.8        0        0        0        0        0        0   0.0223
      52        0        0        0        0        0        0   0.0215
    52.2        0        0        0        0        0        0   0.0207
    52.4        0        0        0        0        0        0     0.02
    52.6        0        0        0        0        0        0   0.0192
    52.8        0        0        0        0        0        0   0.0185
      53        0        0        0        0        0        0   0.0178
    53.2        0        0        0        0        0        0   0.0172
    53.4        0        0        0        0        0        0   0.0165
    53.6        0        0        0        0        0        0   0.0159
    53.8        0        0        0        0        0        0   0.0153
      54        0        0        0        0        0        0   0.0148
    54.2        0        0        0        0        0        0   0.0142
    54.4        0        0        0        0        0        0   0.0137
    54.6        0        0        0        0        0        0   0.0132
    54.8        0        0        0        0        0        0   0.0127
      55        0        0        0        0        0        0   0.0122
    55.2        0        0        0        0        0        0   0.0118
    55.4        0        0        0        0        0        0   0.0113
    55.6        0        0        0        0        0        0   0.0109
    55.8        0        0        0        0        0        0   0.0105
      56        0        0        0        0        0        0   0.0101
    56.2        0        0        0        0        0        0  0.00974
    56.4        0        0        0        0        0        0  0.00937
    56.6        0        0        0        0        0        0  0.00902
    56.8        0        0        0        0        0        0  0.00869
      57        0        0        0        0        0        0  0.00836
    57.2        0        0        0        0        0        0  0.00805
    57.4        0        0        0        0        0        0  0.00775
    57.6        0        0        0        0        0        0  0.00746
    57.8        0        0        0        0        0        0  0.00718
      58        0        0        0        0        0        0  0.00691
    58.2        0        0        0        0        0        0  0.00665
    58.4        0        0        0        0        0        0   0.0064
    58.6        0        0        0        0        0        0  0.00616
    58.8        0        0        0        0        0        0  0.00593
      59        0        0        0        0        0        0  0.00571
    59.2        0        0        0        0        0        0   0.0055
    59.4        0        0        0        0        0        0  0.00529
    59.6        0        0        0        0        0        0  0.00509
    59.8        0        0        0        0        0        0   0.0049
      60        0        0        0        0        0        0  0.00472
    60.2        0        0        0        0        0        0  0.00454
    60.4        0        0        0        0        0        0  0.00437
    60.6        0        0        0        0        0        0  0.00421
    60.8        0        0        0        0        0        0  0.00405
      61        0        0        0        0        0        0   0.0039
    61.2        0        0        0        0        0        0  0.00375
    61.4        0        0        0        0        0        0  0.00361
    61.6        0        0        0        0        0        0  0.00347
    61.8        0        0        0        0        0        0  0.00334
      62        0        0        0        0        0        0  0.00322
    62.2        0        0        0        0        0        0   0.0031
    62.4        0        0        0        0        0        0  0.00298
    62.6        0        0        0        0        0        0  0.00287
    62.8        0        0        0        0        0        0  0.00276
      63        0        0        0        0        0        0  0.00266
    63.2        0        0        0        0        0        0  0.00256
    63.4        0        0        0        0        0        0  0.00246
    63.6        0        0        0        0        0        0  0.00237
    63.8        0        0        0        0        0        0  0.00228
      64        0        0        0        0        0        0  0.00219
    64.2        0        0        0        0        0        0  0.00211
    64.4        0        0        0        0        0        0  0.00203
    64.6        0        0        0        0        0        0  0.00195
    64.8        0        0        0        0        0        0  0.00188
      65        0        0        0        0        0        0  0.00181
    65.2        0        0        0        0        0        0  0.00174
    65.4        0        0        0        0        0        0  0.00168
    65.6        0        0        0        0        0        0  0.00161
    65.8        0        0        0        0        0        0  0.00155
      66        0        0        0        0        0        0  0.00149
    66.2        0        0        0        0        0        0  0.00144
    66.4        0        0        0        0        0        0  0.00138
    66.6        0        0        0        0        0        0  0.00133
    66.8        0        0        0        0        0        0  0.00128
      67        0        0        0        0        0        0  0.00123
    67.2        0        0        0        0        0        0  0.00119
    67.4        0        0        0        0        0        0  0.00114
    67.6        0        0        0        0        0        0   0.0011
    67.8        0        0        0        0        0        0  0.00106
      68        0        0        0        0        0        0  0.00102
    68.2        0        0        0        0        0        0 0.000979
    68.4        0        0        0        0        0        0 0.000942
    68.6        0        0        0        0        0        0 0.000907
    68.8        0        0        0        0        0        0 0.000873
      69        0        0        0        0        0        0  0.00084
    69.2        0        0        0        0        0        0 0.000808
    69.4        0        0        0        0        0        0 0.000778
    69.6        0        0        0        0        0        0 0.000748
    69.8        0        0        0        0        0        0  0.00072
      70        0        0        0        0        0        0 0.000693
    70.2        0        0        0        0        0        0 0.000667
    70.4        0        0        0        0        0        0 0.000642
    70.6        0        0        0        0        0        0 0.000617
    70.8        0        0        0        0        0        0 0.000594
      71        0        0        0        0        0        0 0.000572
    71.2        0        0        0        0        0        0  0.00055
    71.4        0        0        0        0        0        0 0.000529
    71.6        0        0        0        0        0        0 0.000509
    71.8        0        0        0        0        0        0  0.00049
      72        0        0        0        0        0        0 0.000472
    72.2        0        0        0        0        0        0 0.000454
    72.4        0        0        0        0        0        0 0.000437
    72.6        0        0        0        0        0        0  0.00042
    72.8        0        0        0        0        0        0 0.000405
      73        0        0        0        0        0        0 0.000389
    73.2        0        0        0        0        0        0 0.000375
    73.4        0        0        0        0        0        0  0.00036
    73.6        0        0        0        0        0        0 0.000347
    73.8        0        0        0        0        0        0 0.000334
      74        0        0        0        0        0        0 0.000321
    74.2        0        0        0        0        0        0 0.000309
    74.4        0        0        0        0        0        0 0.000297
    74.6        0        0        0        0        0        0 0.000286
    74.8        0        0        0        0        0        0 0.000275
      75        0        0        0        0        0        0 0.000265
    75.2        0        0        0        0        0        0 0.000255
    75.4        0        0        0        0        0        0 0.000245
    75.6        0        0        0        0        0        0 0.000236
    75.8        0        0        0        0        0        0 0.000227
      76        0        0        0        0        0        0 0.000219
    76.2        0        0        0        0        0        0  0.00021
    76.4        0        0        0        0        0        0 0.000202
    76.6        0        0        0        0        0        0 0.000195
    76.8        0        0        0        0        0        0 0.000187
      77        0        0        0        0        0        0  0.00018
    77.2        0        0        0        0        0        0 0.000174
    77.4        0        0        0        0        0        0 0.000167
    77.6        0        0        0        0        0        0 0.000161
    77.8        0        0        0        0        0        0 0.000155
      78        0        0        0        0        0        0 0.000149
    78.2        0        0        0        0        0        0 0.000143
    78.4        0        0        0        0        0        0 0.000138
    78.6        0        0        0        0        0        0 0.000133
    78.8        0        0        0        0        0        0 0.000128
      79        0        0        0        0        0        0 0.000123
    79.2        0        0        0        0        0        0 0.000118
    79.4        0        0        0        0        0        0 0.000114
    79.6        0        0        0        0        0        0 0.000109
    79.8        0        0        0        0        0        0 0.000105
      80        0        0        0        0        0        0 0.000101
    80.2        0        0        0        0        0        0 9.76e-05
    80.4        0        0        0        0        0        0 9.38e-05
    80.6        0        0        0        0        0        0 9.03e-05
    80.8        0        0        0        0        0        0 8.69e-05
      81        0        0        0        0        0        0 8.36e-05
    81.2        0        0        0        0        0        0 8.05e-05
    81.4        0        0        0        0        0        0 7.74e-05
    81.6        0        0        0        0        0        0 7.45e-05
    81.8        0        0        0        0        0        0 7.17e-05
      82        0        0        0        0        0        0  6.9e-05
    82.2        0        0        0        0        0        0 6.64e-05
    82.4        0        0        0        0        0        0 6.39e-05
    82.6        0        0        0        0        0        0 6.15e-05
    82.8        0        0        0        0        0        0 5.91e-05
      83        0        0        0        0        0        0 5.69e-05
    83.2        0        0        0        0        0        0 5.48e-05
    83.4        0        0        0        0        0        0 5.27e-05
    83.6        0        0        0        0        0        0 5.07e-05
    83.8        0        0        0        0        0        0 4.88e-05
      84        0        0        0        0        0        0  4.7e-05
    84.2        0        0        0        0        0        0 4.52e-05
    84.4        0        0        0        0        0        0 4.35e-05
    84.6        0        0        0        0        0        0 4.21e-05
