     -25        0        0        0        0        0        0   0.0324
   -24.8        0        0        0        0        0        0   0.0335
   -24.6        0        0        0        0        0        0   0.0346
   -24.4        0        0        0        0        0        0   0.0357
   -24.2        0        0        0        0        0        0   0.0369
     -24        0        0        0        0        0        0   0.0381
   -23.8        0        0        0        0        0        0   0.0393
   -23.6        0        0        0        0        0        0   0.0406
   -23.4        0        0        0        0        0        0   0.0419
   -23.2        0        0        0        0        0        0   0.0432
     -23        0        0        0        0        0        0   0.0446
   -22.8        0        0        0        0        0        0    0.046
   -22.6        0        0        0        0        0        0   0.0475
   -22.4        0        0        0        0        0        0    0.049
   -22.2        0        0        0        0        0        0   0.0506
     -22        0        0        0        0        0        0   0.0522
   -21.8        0        0        0        0        0        0   0.0539
   -21.6        0        0        0        0        0        0   0.0556
   -21.4        0        0        0        0        0        0   0.0574
   -21.2        0        0        0        0        0        0   0.0592
     -21        0        0        0        0        0        0    0.061
   -20.8        0        0        0        0        0        0    0.063
   -20.6        0        0        0        0        0        0   0.0649
   -20.4        0        0        0        0        0        0    0.067
   -20.2        0        0        0        0        0        0   0.0691
     -20        0        0        0        0        0        0   0.0712
   -19.8        0        0        0        0        0        0   0.0734
   -19.6        0        0        0        0        0        0   0.0757
   -19.4        0        0        0        0        0        0   0.0781
   -19.2        0        0        0        0        0        0   0.0805
     -19        0        0        0        0        0        0   0.0829
   -18.8        0        0        0        0        0        0   0.0855
   -18.6        0        0        0        0        0        0   0.0881
   -18.4        0        0        0        0        0        0   0.0908
   -18.2        0        0        0        0        0        0   0.0935
     -18        0        0        0        0        0        0   0.0963
   -17.8        0        0        0        0        0        0   0.0993
   -17.6        0        0        0        0        0        0    0.102
   -17.4        0        0        0        0        0        0    0.105
   -17.2        0        0        0        0        0        0    0.108
     -17        0        0        0        0        0        0    0.112
   -16.8        0        0        0        0        0        0    0.115
   -16.6        0        0        0        0        0        0    0.118
   -16.4        0        0        0        0        0        0    0.122
   -16.2        0        0        0        0        0        0    0.125
     -16        0        0        0        0        0        0    0.129
   -15.8        0        0        0        0        0        0    0.133
   -15.6        0        0        0        0        0        0    0.136
   -15.4        0        0        0        0        0        0     0.14
   -15.2        0        0        0        0        0        0    0.144
     -15        0        0        0        0        0        0    0.148
   -14.8        0        0        0        0        0        0    0.153
   -14.6        0        0        0        0        0        0    0.157
   -14.4        0        0        0        0        0        0    0.161
   -14.2        0        0        0        0        0        0    0.166
     -14        0        0        0        0        0        0     0.17
   -13.8        0        0        0        0        0        0    0.175
   -13.6        0        0        0        0        0        0     0.18
   -13.4        0        0        0        0        0        0    0.185
   -13.2        0        0        0        0        0        0     0.19
     -13        0        0        0        0        0        0    0.195
   -12.8        0        0        0        0        0        0      0.2
   -12.6        0        0        0        0        0        0    0.205
   -12.4        0        0        0        0        0        0     0.21
   -12.2        0        0        0        0        0        0    0.216
     -12        0        0        0        0        0        0    0.221
   -11.8        0        0        0        0        0        0    0.227
   -11.6        0        0        0        0        0        0    0.233
   -11.4        0        0        0        0        0        0    0.239
   -11.2        0        0        0        0        0        0    0.244
     -11        0        0        0        0        0        0     0.25
   -10.8        0        0        0        0        0        0    0.257
   -10.6        0        0        0        0        0        0    0.263
   -10.4        0        0        0        0        0        0    0.269
   -10.2        0        0        0        0        0        0    0.276
     -10        0        0        0        0        0        0    0.282
    -9.8        0        0        0        0        0        0    0.289
    -9.6        0        0        0        0        0        0    0.295
    -9.4        0        0        0        0        0        0    0.302
    -9.2        0        0        0        0        0        0    0.309
      -9        0        0        0        0        0        0    0.316
    -8.8        0        0        0        0        0        0    0.323
    -8.6        0        0        0        0        0        0     0.33
    -8.4        0        0        0        0        0        0    0.337
    -8.2        0        0        0        0        0        0    0.344
      -8        0        0        0        0        0        0    0.351
    -7.8        0        0        0        0        0        0    0.359
    -7.6        0        0        0        0        0        0    0.366
    -7.4        0        0        0        0        0        0    0.374
    -7.2        0        0        0        0        0        0    0.381
      -7        0        0        0        0        0        0    0.389
    -6.8        0        0        0        0        0        0    0.396
    -6.6        0        0        0        0        0        0    0.404
    -6.4        0        0        0        0        0        0    0.412
    -6.2        0        0        0        0        0        0    0.419
      -6        0        0        0        0        0        0    0.427
    -5.8        0        0        0        0        0        0    0.435
    -5.6        0        0        0        0        0        0    0.443
    -5.4        0        0        0        0        0        0    0.451
    -5.2        0        0        0        0        0        0    0.459
      -5        0        0        0        0        0        0    0.466
    -4.8        0        0        0        0        0        0    0.474
    -4.6        0        0        0        0        0        0    0.482
    -4.4        0        0        0        0        0        0     0.49
    -4.2        0        0        0        0        0        0    0.498
      -4        0        0        0        0        0        0    0.506
    -3.8        0        0        0        0        0        0    0.514
    -3.6        0        0        0        0        0        0    0.522
    -3.4        0        0        0        0        0        0     0.53
    -3.2        0        0        0        0        0        0    0.537
      -3        0        0        0        0        0        0    0.545
    -2.8        0        0        0        0        0        0    0.553
    -2.6        0        0        0        0        0        0    0.561
    -2.4        0        0        0        0        0        0    0.568
    -2.2        0        0        0        0        0        0    0.576
      -2        0        0        0        0        0        0    0.584
    -1.8        0        0        0        0        0        0    0.591
    -1.6        0        0        0        0        0        0    0.599
    -1.4        0        0        0        0        0        0    0.606
    -1.2        0        0        0        0        0        0    0.614
      -1        0        0        0        0        0        0    0.621
    -0.8        0        0        0        0        0        0    0.628
    -0.6        0        0        0        0        0        0    0.636
    -0.4        0        0        0        0        0        0    0.643
    -0.2        0        0        0        0        0        0     0.65
3.38e-14        0        0        0        0        0        0    0.657
     0.2        0        0        0        0        0        0    0.664
     0.4        0        0        0        0        0        0    0.671
     0.6        0        0        0        0        0        0    0.677
     0.8        0        0        0        0        0        0    0.684
       1        0        0        0        0        0        0     0.69
     1.2        0        0        0        0        0        0    0.697
     1.4        0        0        0        0        0        0    0.703
     1.6        0        0        0        0        0        0     0.71
     1.8        0        0        0        0        0        0    0.716
       2        0        0        0        0        0        0    0.722
     2.2        0        0        0        0        0        0    0.728
     2.4        0        0        0        0        0        0    0.734
     2.6        0        0        0        0        0        0    0.739
     2.8        0        0        0        0        0        0    0.745
       3        0        0        0        0        0        0    0.751
     3.2        0        0        0        0        0        0    0.756
     3.4        0        0        0        0        0        0    0.761
     3.6        0        0        0        0        0        0    0.767
     3.8        0        0        0        0        0        0    0.772
       4        0        0        0        0        0        0    0.777
     4.2        0        0        0        0        0        0    0.782
     4.4        0        0        0        0        0        0    0.787
     4.6        0        0        0        0        0        0    0.791
     4.8        0        0        0        0        0        0    0.796
       5        0        0        0        0        0        0      0.8
     5.2        0        0        0        0        0        0    0.805
     5.4        0        0        0        0        0        0    0.809
     5.6        0        0        0        0        0        0    0.813
     5.8        0        0        0        0        0        0    0.817
       6        0        0        0        0        0        0    0.821
     6.2        0        0        0        0        0        0    0.825
     6.4        0        0        0        0        0        0    0.829
     6.6        0        0        0        0        0        0    0.832
     6.8        0        0        0        0        0        0    0.836
       7        0        0        0        0        0        0    0.839
     7.2        0        0        0        0        0        0    0.842
     7.4        0        0        0        0        0        0    0.845
     7.6        0        0        0        0        0        0    0.849
     7.8        0        0        0        0        0        0    0.852
       8        0        0        0        0        0        0    0.854
     8.2        0        0        0        0        0        0    0.857
     8.4        0        0        0        0        0        0     0.86
     8.6        0        0        0        0        0        0    0.862
     8.8        0        0        0        0        0        0    0.865
       9        0        0        0        0        0        0    0.867
     9.2        0        0        0        0        0        0    0.869
     9.4        0        0        0        0        0        0    0.872
     9.6        0        0        0        0        0        0    0.874
     9.8        0        0        0        0        0        0    0.876
      10        0        0        0        0        0        0    0.877
    10.2        0        0        0        0        0        0    0.879
    10.4        0        0        0        0        0        0    0.881
    10.6        0        0        0        0        0        0    0.883
    10.8        0        0        0        0        0        0    0.884
      11        0        0        0        0        0        0    0.885
    11.2        0        0        0        0        0        0    0.887
    11.4        0        0        0        0        0        0    0.888
    11.6        0        0        0        0        0        0    0.889
    11.8        0        0        0        0        0        0     0.89
      12        0        0        0        0        0        0    0.891
    12.2        0        0        0        0        0        0    0.892
    12.4        0        0        0        0        0        0    0.893
    12.6        0        0        0        0        0        0    0.893
    12.8        0        0        0        0        0        0    0.894
      13        0        0        0        0        0        0    0.894
    13.2        0        0        0        0        0        0    0.895
    13.4        0        0        0        0        0        0    0.895
    13.6        0        0        0        0        0        0    0.895
    13.8        0        0        0        0        0        0    0.895
      14        0        0        0        0        0        0    0.895
    14.2        0        0        0        0        0        0    0.895
    14.4        0        0        0        0        0        0    0.895
    14.6        0        0        0        0        0        0    0.895
    14.8        0        0        0        0        0        0    0.895
      15        0        0        0        0        0        0    0.894
    15.2        0        0        0        0        0        0    0.894
    15.4        0        0        0        0        0        0    0.893
    15.6        0        0        0        0        0        0    0.893
    15.8        0        0        0        0        0        0    0.892
      16        0        0        0        0        0        0    0.891
    16.2        0        0        0        0        0        0     0.89
    16.4        0        0        0        0        0        0    0.889
    16.6        0        0        0        0        0        0    0.888
    16.8        0        0        0        0        0        0    0.887
      17        0        0        0        0        0        0    0.885
    17.2        0        0        0        0        0        0    0.884
    17.4        0        0        0        0        0        0    0.883
    17.6        0        0        0        0        0        0    0.881
    17.8        0        0        0        0        0        0    0.879
      18        0        0        0        0        0        0    0.877
    18.2        0        0        0        0        0        0    0.876
    18.4        0        0        0        0        0        0    0.874
    18.6        0        0        0        0        0        0    0.872
    18.8        0        0        0        0        0        0    0.869
      19        0        0        0        0        0        0    0.867
    19.2        0        0        0        0        0        0    0.865
    19.4        0        0        0        0        0        0    0.862
    19.6        0        0        0        0        0        0     0.86
    19.8        0        0        0        0        0        0    0.857
      20        0        0        0        0        0        0    0.854
    20.2        0        0        0        0        0        0    0.852
    20.4        0        0        0        0        0        0    0.849
    20.6        0        0        0        0        0        0    0.845
    20.8        0        0        0        0        0        0    0.842
      21        0        0        0        0        0        0    0.839
    21.2        0        0        0        0        0        0    0.836
    21.4        0        0        0        0        0        0    0.832
    21.6        0        0        0        0        0        0    0.829
    21.8        0        0        0        0        0        0    0.825
      22        0        0        0        0        0        0    0.821
    22.2        0        0        0        0        0        0    0.817
    22.4        0        0        0        0        0        0    0.813
    22.6        0        0        0        0        0        0    0.809
    22.8        0        0        0        0        0        0    0.805
      23        0        0        0        0        0        0      0.8
    23.2        0        0        0        0        0        0    0.796
    23.4        0        0        0        0        0        0    0.791
    23.6        0        0        0        0        0        0    0.787
    23.8        0        0        0        0        0        0    0.782
      24        0        0        0        0        0        0    0.777
    24.2        0        0        0        0        0        0    0.772
    24.4        0        0        0        0        0        0    0.767
    24.6        0        0        0        0        0        0    0.761
    24.8        0        0        0        0        0        0    0.756
      25        0        0        0        0        0        0    0.751
    25.2        0        0        0        0        0        0    0.745
    25.4        0        0        0        0        0        0    0.739
    25.6        0        0        0        0        0        0    0.734
    25.8        0        0        0        0        0        0    0.728
      26        0        0        0        0        0        0    0.722
    26.2        0        0        0        0        0        0    0.716
    26.4        0        0        0        0        0        0     0.71
    26.6        0        0        0        0        0        0    0.703
    26.8        0        0        0        0        0        0    0.697
      27        0        0        0        0        0        0     0.69
    27.2        0        0        0        0        0        0    0.684
    27.4        0        0        0        0        0        0    0.677
    27.6        0        0        0        0        0        0    0.671
    27.8        0        0        0        0        0        0    0.664
      28        0        0        0        0        0        0    0.657
    28.2        0        0        0        0        0        0     0.65
    28.4        0        0        0        0        0        0    0.643
    28.6        0        0        0        0        0        0    0.636
    28.8        0        0        0        0        0        0    0.628
      29        0        0        0        0        0        0    0.621
    29.2        0        0        0        0        0        0    0.614
    29.4        0        0        0        0        0        0    0.606
    29.6        0        0        0        0        0        0    0.599
    29.8        0        0        0        0        0        0    0.591
      30        0        0        0        0        0        0    0.584
    30.2        0        0        0        0        0        0    0.576
    30.4        0        0        0        0        0        0    0.568
    30.6        0        0        0        0        0        0    0.561
    30.8        0        0        0        0        0        0    0.553
      31        0        0        0        0        0        0    0.545
    31.2        0        0        0        0        0        0    0.537
    31.4        0        0        0        0        0        0     0.53
    31.6        0        0        0        0        0        0    0.522
    31.8        0        0        0        0        0        0    0.514
      32        0        0        0        0        0        0    0.506
    32.2        0        0        0        0        0        0    0.498
    32.4        0        0        0        0        0        0     0.49
    32.6        0        0        0        0        0        0    0.482
    32.8        0        0        0        0        0        0    0.474
      33        0        0        0        0        0        0    0.466
    33.2        0        0        0        0        0        0    0.459
    33.4        0        0        0        0        0        0    0.451
    33.6        0        0        0        0        0        0    0.443
    33.8        0        0        0        0        0        0    0.435
      34        0        0        0        0        0        0    0.427
    34.2        0        0        0        0        0        0    0.419
    34.4        0        0        0        0        0        0    0.412
    34.6        0        0        0        0        0        0    0.404
    34.8        0        0        0        0        0        0    0.396
      35        0        0        0        0        0        0    0.389
    35.2        0        0        0        0        0        0    0.381
    35.4        0        0        0        0        0        0    0.374
    35.6        0        0        0        0        0        0    0.366
    35.8        0        0        0        0        0        0    0.359
      36        0        0        0        0        0        0    0.351
    36.2        0        0        0        0        0        0    0.344
    36.4        0        0        0        0        0        0    0.337
    36.6        0        0        0        0        0        0     0.33
    36.8        0        0        0        0        0        0    0.323
      37        0        0        0        0        0        0    0.316
    37.2        0        0        0        0        0        0    0.309
    37.4        0        0        0        0        0        0    0.302
    37.6        0        0        0        0        0        0    0.295
    37.8        0        0        0        0        0        0    0.289
      38        0        0        0        0        0        0    0.282
    38.2        0        0        0        0        0        0    0.276
    38.4        0        0        0        0        0        0    0.269
    38.6        0        0        0        0        0        0    0.263
    38.8        0        0        0        0        0        0    0.257
      39        0        0        0        0        0        0     0.25
    39.2        0        0        0        0        0        0    0.244
    39.4        0        0        0        0        0        0    0.239
    39.6        0        0        0        0        0        0    0.233
    39.8        0        0        0        0        0        0    0.227
      40        0        0        0        0        0        0    0.221
    40.2        0        0        0        0        0        0    0.216
    40.4        0        0        0        0        0        0     0.21
    40.6        0        0        0        0        0        0    0.205
    40.8        0        0        0        0        0        0      0.2
      41        0        0        0        0        0        0    0.195
    41.2        0        0        0        0        0        0     0.19
    41.4        0        0        0        0        0        0    0.185
    41.6        0        0        0        0        0        0     0.18
    41.8        0        0        0        0        0        0    0.175
      42        0        0        0        0        0        0     0.17
    42.2        0        0        0        0        0        0    0.166
    42.4        0        0        0        0        0        0    0.161
    42.6        0        0        0        0        0        0    0.157
    42.8        0        0        0        0        0        0    0.153
      43        0        0        0        0        0        0    0.148
    43.2        0        0        0        0        0        0    0.144
    43.4        0        0        0        0        0        0     0.14
    43.6        0        0        0        0        0        0    0.136
    43.8        0        0        0        0        0        0    0.133
      44        0        0        0        0        0        0    0.129
    44.2        0        0        0        0        0        0    0.125
    44.4        0        0        0        0        0        0    0.122
    44.6        0        0        0        0        0        0    0.118
    44.8        0        0        0        0        0        0    0.115
      45        0        0        0        0        0        0    0.112
    45.2        0        0        0        0        0        0    0.108
    45.4        0        0        0        0        0        0    0.105
    45.6        0        0        0        0        0        0    0.102
    45.8        0        0        0        0        0        0   0.0993
      46        0        0        0        0        0        0   0.0963
    46.2        0        0        0        0        0        0   0.0935
    46.4        0        0        0        0        0        0   0.0908
    46.6        0        0        0        0        0        0   0.0881
    46.8        0        0        0        0        0        0   0.0855
      47        0        0        0        0        0        0   0.0829
    47.2        0        0        0        0        0        0   0.0805
    47.4        0        0        0        0        0        0   0.0781
    47.6        0        0        0        0        0        0   0.0757
    47.8        0        0        0        0        0        0   0.0734
      48        0        0        0        0        0        0   0.0712
    48.2        0        0        0        0        0        0   0.0691
    48.4        0        0        0        0        0        0    0.067
    48.6        0        0        0        0        0        0   0.0649
    48.8        0        0        0        0        0        0    0.063
      49        0        0        0        0        0        0    0.061
    49.2        0        0        0        0        0        0   0.0592
    49.4        0        0        0        0        0        0   0.0574
    49.6        0        0        0        0        0        0   0.0556
    49.8        0        0        0        0        0        0   0.0539
      50        0        0        0        0        0        0   0.0522
    50.2        0        0        0        0        0        0   0.0506
    50.4        0        0        0        0        0        0    0.049
    50.6        0        0        0        0        0        0   0.0475
    50.8        0        0        0        0        0        0    0.046
      51        0        0        0        0        0        0   0.0446
    51.2        0        0        0        0        0        0   0.0432
    51.4        0        0        0        0        0        0   0.0419
    51.6        0        0        0        0        0        0   0.0406
    51.8        0        0        0        0        0        0   0.0393
      52        0        0        0        0        0        0   0.0381
    52.2        0        0        0        0        0        0   0.0369
    52.4        0        0        0        0        0        0   0.0357
    52.6        0        0        0        0        0        0   0.0346
    52.8        0        0        0        0        0        0   0.0335
      53        0        0        0        0        0        0   0.0324
    53.2        0        0        0        0        0        0   0.0314
    53.4        0        0        0        0        0        0   0.0304
    53.6        0        0        0        0        0        0   0.0295
    53.8        0        0        0        0        0        0   0.0285
      54        0        0        0        0        0        0   0.0276
    54.2        0        0        0        0        0        0   0.0267
    54.4        0        0        0        0        0        0   0.0259
    54.6        0        0        0        0        0        0   0.0251
    54.8        0        0        0        0        0        0   0.0243
      55        0        0        0        0        0        0   0.0235
    55.2        0        0        0        0        0        0   0.0227
    55.4        0        0        0        0        0        0    0.022
    55.6        0        0        0        0        0        0   0.0213
    55.8        0        0        0        0        0        0   0.0206
      56        0        0        0        0        0        0     0.02
    56.2        0        0        0        0        0        0   0.0193
    56.4        0        0        0        0        0        0   0.0187
    56.6        0        0        0        0        0        0   0.0181
    56.8        0        0        0        0        0        0   0.0175
      57        0        0        0        0        0        0    0.017
    57.2        0        0        0        0        0        0   0.0164
    57.4        0        0        0        0        0        0   0.0159
    57.6        0        0        0        0        0        0   0.0154
    57.8        0        0        0        0        0        0   0.0149
      58        0        0        0        0        0        0   0.0144
    58.2        0        0        0        0        0        0   0.0139
    58.4        0        0        0        0        0        0   0.0135
    58.6        0        0        0        0        0        0    0.013
    58.8        0        0        0        0        0        0   0.0126
      59        0        0        0        0        0        0   0.0122
    59.2        0        0        0        0        0        0   0.0118
    59.4        0        0        0        0        0        0   0.0114
    59.6        0        0        0        0        0        0   0.0111
    59.8        0        0        0        0        0        0   0.0107
      60        0        0        0        0        0        0   0.0104
    60.2        0        0        0        0        0        0     0.01
    60.4        0        0        0        0        0        0   0.0097
    60.6        0        0        0        0        0        0  0.00939
    60.8        0        0        0        0        0        0  0.00909
      61        0        0        0        0        0        0  0.00879
    61.2        0        0        0        0        0        0   0.0085
    61.4        0        0        0        0        0        0  0.00823
    61.6        0        0        0        0        0        0  0.00796
    61.8        0        0        0        0        0        0   0.0077
      62        0        0        0        0        0        0  0.00745
    62.2        0        0        0        0        0        0  0.00721
    62.4        0        0        0        0        0        0  0.00697
    62.6        0        0        0        0        0        0  0.00675
    62.8        0        0        0        0        0        0  0.00653
      63        0        0        0        0        0        0  0.00632
    63.2        0        0        0        0        0        0  0.00611
    63.4        0        0        0        0        0        0  0.00591
    63.6        0        0        0        0        0        0  0.00572
    63.8        0        0        0        0        0        0  0.00553
      64        0        0        0        0        0        0  0.00535
    64.2        0        0        0        0        0        0  0.00518
    64.4        0        0        0        0        0        0  0.00501
    64.6        0        0        0        0        0        0  0.00485
    64.8        0        0        0        0        0        0  0.00469
      65        0        0        0        0        0        0  0.00453
    65.2        0        0        0        0        0        0  0.00439
    65.4        0        0        0        0        0        0  0.00424
    65.6        0        0        0        0        0        0  0.00411
    65.8        0        0        0        0        0        0  0.00397
      66        0        0        0        0        0        0  0.00384
    66.2        0        0        0        0        0        0  0.00372
    66.4        0        0        0        0        0        0   0.0036
    66.6        0        0        0        0        0        0  0.00348
    66.8        0        0        0        0        0        0  0.00336
      67        0        0        0        0        0        0  0.00325
    67.2        0        0        0        0        0        0  0.00315
    67.4        0        0        0        0        0        0  0.00304
    67.6        0        0        0        0        0        0  0.00295
    67.8        0        0        0        0        0        0  0.00285
      68        0        0        0        0        0        0  0.00276
    68.2        0        0        0        0        0        0  0.00267
    68.4        0        0        0        0        0        0  0.00258
    68.6        0        0        0        0        0        0  0.00249
    68.8        0        0        0        0        0        0  0.00241
      69        0        0        0        0        0        0  0.00233
    69.2        0        0        0        0        0        0  0.00226
    69.4        0        0        0        0        0        0  0.00218
    69.6        0        0        0        0        0        0  0.00211
    69.8        0        0        0        0        0        0  0.00204
      70        0        0        0        0        0        0  0.00198
    70.2        0        0        0        0        0        0  0.00191
    70.4        0        0        0        0        0        0  0.00185
    70.6        0        0        0        0        0        0  0.00179
    70.8        0        0        0        0        0        0  0.00173
      71        0        0        0        0        0        0  0.00167
    71.2        0        0        0        0        0        0  0.00162
    71.4        0        0        0        0        0        0  0.00157
    71.6        0        0        0        0        0        0  0.00151
    71.8        0        0        0        0        0        0  0.00147
      72        0        0        0        0        0        0  0.00142
    72.2        0        0        0        0        0        0  0.00137
    72.4        0        0        0        0        0        0  0.00133
    72.6        0        0        0        0        0        0  0.00128
    72.8        0        0        0        0        0        0  0.00124
      73        0        0        0        0        0        0   0.0012
    73.2        0        0        0        0        0        0  0.00116
    73.4        0        0        0        0        0        0  0.00112
    73.6        0        0        0        0        0        0  0.00109
    73.8        0        0        0        0        0        0  0.00105
      74        0        0        0        0        0        0  0.00102
    74.2        0        0        0        0        0        0 0.000982
    74.4        0        0        0        0        0        0 0.000951
    74.6        0        0        0        0        0        0 0.000919
    74.8        0        0        0        0        0        0 0.000889
      75        0        0        0        0        0        0  0.00086
    75.2        0        0        0        0        0        0 0.000832
    75.4        0        0        0        0        0        0 0.000805
    75.6        0        0        0        0        0        0 0.000778
    75.8        0        0        0        0        0        0 0.000753
      76        0        0        0        0        0        0 0.000728
    76.2        0        0        0        0        0        0 0.000704
    76.4        0        0        0        0        0        0 0.000681
    76.6        0        0        0        0        0        0 0.000659
    76.8        0        0        0        0        0        0 0.000637
      77        0        0        0        0        0        0 0.000616
    77.2        0        0        0        0        0        0 0.000596
    77.4        0        0        0        0        0        0 0.000577
    77.6        0        0        0        0        0        0 0.000558
    77.8        0        0        0        0        0        0  0.00054
      78        0        0        0        0        0        0 0.000522
    78.2        0        0        0        0        0        0 0.000505
    78.4        0        0        0        0        0        0 0.000488
    78.6        0        0        0        0        0        0 0.000472
    78.8        0        0        0        0        0        0 0.000457
      79        0        0        0        0        0        0 0.000442
    79.2        0        0        0        0        0        0 0.000427
    79.4        0        0        0        0        0        0 0.000413
    79.6        0        0        0        0        0        0   0.0004
    79.8        0        0        0        0        0        0 0.000387
      80        0        0        0        0        0        0 0.000374
    80.2        0        0        0        0        0        0 0.000362
    80.4        0        0        0        0        0        0  0.00035
    80.6        0        0        0        0        0        0 0.000338
    80.8        0        0        0        0        0        0 0.000327
      81        0        0        0        0        0        0 0.000317
    81.2        0        0        0        0        0        0 0.000306
    81.4        0        0        0        0        0        0 0.000296
    81.6        0        0        0        0        0        0 0.000287
    81.8        0        0        0        0        0        0 0.000277
      82        0        0        0        0        0        0 0.000268
    82.2        0        0        0        0        0        0 0.000259
    82.4        0        0        0        0        0        0 0.000251
    82.6        0        0        0        0        0        0 0.000243
    82.8        0        0        0        0        0        0 0.000235
      83        0        0        0        0        0        0 0.000227
    83.2        0        0        0        0        0        0 0.000219
    83.4        0        0        0        0        0        0 0.000212
    83.6        0        0        0        0        0        0 0.000205
    83.8        0        0        0        0        0        0 0.000199
      84        0        0        0        0        0        0 0.000192
    84.2        0        0        0        0        0        0 0.000186
    84.4        0        0        0        0        0        0  0.00018
    84.6        0        0        0        0        0        0 0.000174
    84.8        0        0        0        0        0        0 0.000168
      85        0        0        0        0        0        0 0.000163
    85.2        0        0        0        0        0        0 0.000157
    85.4        0        0        0        0        0        0 0.000152
    85.6        0        0        0        0        0        0 0.000147
    85.8        0        0        0        0        0        0 0.000142
      86        0        0        0        0        0        0 0.000138
    86.2        0        0        0        0        0        0 0.000133
    86.4        0        0        0        0        0        0 0.000129
    86.6        0        0        0        0        0        0 0.000125
    86.8        0        0        0        0        0        0  0.00012
      87        0        0        0        0        0        0 0.000117
    87.2        0        0        0        0        0        0 0.000113
    87.4        0        0        0        0        0        0 0.000109
    87.6        0        0        0        0        0        0 0.000105
    87.8        0        0        0        0        0        0 0.000102
