   -10.6  0.00592    0.042        1   0.0088     53.5
   -10.2  0.00793   0.0522        1   0.0194     93.2
    -9.8   0.0106   0.0645        1   0.0229     68.3
    -9.4    0.014   0.0792        1   0.0268       50
      -9   0.0184   0.0966        1   0.0314     37.2
    -8.6    0.024    0.117        1   0.0362     27.6
    -8.2    0.031     0.14        1   0.0415     20.6
    -7.8   0.0397    0.167        1   0.0467     15.4
    -7.4   0.0502    0.197        1   0.0522     11.6
      -7   0.0629    0.231        1   0.0581     8.87
    -6.6    0.078    0.268        1   0.0636      6.8
    -6.2   0.0956    0.308        1   0.0691     5.25
    -5.8    0.116     0.35        1   0.0741     4.08
    -5.4    0.139    0.395        1   0.0787      3.2
      -5    0.165    0.442        1   0.0835     2.55
    -4.6    0.194     0.49        1   0.0877     2.04
    -4.2    0.226    0.538        1   0.0916     1.65
    -3.8    0.261    0.586        1   0.0939     1.34
    -3.4    0.298    0.634        1   0.0948     1.08
      -3    0.337    0.679        1   0.0958    0.888
    -2.6    0.378    0.723        1   0.0968     0.74
    -2.2    0.421    0.763        1   0.0968    0.619
    -1.8    0.465    0.799        1   0.0947    0.513
    -1.4    0.509    0.832     1.08   0.0929    0.432
      -1    0.554     0.86     1.09   0.0904    0.365
    -0.6    0.598    0.883      1.1   0.0861    0.306
    -0.2    0.641    0.902     1.12   0.0822     0.26
     0.2    0.683    0.916     1.13   0.0786    0.224
     0.6    0.724    0.927     1.14   0.0734     0.19
       1    0.762    0.934     1.15   0.0685    0.162
     1.4    0.799    0.938     1.15   0.0647    0.142
     1.8    0.834     0.94     1.16   0.0602    0.123
     2.2    0.867    0.941     1.16   0.0568    0.108
     2.6    0.899     0.94     1.15   0.0536   0.0962
       3    0.929     0.94     1.14   0.0504   0.0856
     3.4    0.958    0.939     1.12   0.0482   0.0778
     3.8    0.986    0.938      1.1   0.0436   0.0672
     4.2     1.01    0.938     1.07   0.0448   0.0658
     4.6     1.04    0.939     1.03   0.0494   0.0694
       5     1.07     0.94    0.987   0.0489   0.0656
     5.4      1.1     0.94    0.938   0.0484    0.062
     5.8     1.13    0.941    0.885   0.0559    0.068
     6.2     1.17     0.94    0.827   0.0554   0.0645
     6.6      1.2    0.938    0.768   0.0548   0.0603
       7     1.24    0.934    0.707   0.0621   0.0651
     7.4     1.28    0.927    0.645   0.0614   0.0611
     7.8     1.32    0.916    0.585   0.0608   0.0574
     8.2     1.36    0.902    0.526   0.0602   0.0541
     8.6      1.4    0.883     0.47    0.067    0.057
       9     1.45     0.86    0.417   0.0663   0.0539
     9.4     1.49    0.832    0.368   0.0656   0.0504
     9.8     1.54    0.799    0.322    0.065   0.0478
    10.2     1.58    0.763    0.281   0.0572   0.0401
    10.6     1.62    0.723    0.243   0.0568   0.0381
      11     1.66    0.679    0.209   0.0563   0.0363
    11.4      1.7    0.634    0.178   0.0559   0.0346
    11.8     1.74    0.586    0.151   0.0485   0.0291
    12.2     1.77    0.538    0.127   0.0482   0.0278
    12.6     1.81     0.49    0.106   0.0411   0.0232
      13     1.83    0.442   0.0884    0.034   0.0186
    13.4     1.86    0.395    0.073   0.0339   0.0182
    13.8     1.88     0.35   0.0598    0.027   0.0141
    14.2      1.9    0.308   0.0487   0.0269   0.0139
    14.6     1.92    0.268   0.0395   0.0268   0.0136
      15     1.94    0.231   0.0318   0.0201     0.01
    15.4     1.95    0.197   0.0255   0.0133  0.00657
    15.8     1.96    0.167   0.0203   0.0133  0.00651
    16.2     1.97     0.14   0.0161   0.0133  0.00644
    16.6     1.98    0.117   0.0127  0.00664   0.0032
      17     1.98   0.0966   0.0101  0.00663  0.00317
    17.4     1.99   0.0792   0.0079  0.00663  0.00317
    17.8     1.99   0.0645   0.0062        0        0
    18.2     1.99   0.0522  0.00486        0        0
    18.6     1.99    0.042  0.00381  0.00662  0.00314
      19        2   0.0337  0.00298  0.00662  0.00314
    19.4        2   0.0269  0.00233        0        0
    19.8        2   0.0214  0.00181        0        0
    20.2        2    0.017  0.00142        0        0
    20.6        2   0.0135   0.0011        0        0
      21        2   0.0106 0.000861        0        0
    21.4        2  0.00843 0.000671        0        0
    21.8        2  0.00666 0.000524        0        0
    22.2        2  0.00527 0.000408        0        0
    22.6        2  0.00417 0.000318        0        0
      23        2   0.0033 0.000248        0        0
    23.4        2  0.00261 0.000193        0        0
    23.8        2  0.00206  0.00015        0        0
    24.2        2  0.00163 0.000117        0        0
    24.6        2  0.00129 9.12e-05        0        0
      25        2  0.00102  7.1e-05        0        0
    25.4        2 0.000808 5.53e-05        0        0
    25.8        2  0.00064 4.31e-05        0        0
    26.2        2 0.000506 3.36e-05        0        0
    26.6        2   0.0004 2.61e-05        0        0
      27        2 0.000317 2.04e-05        0        0
    27.4        2  0.00025 1.59e-05        0        0
    27.8        2 0.000198 1.23e-05        0        0
    28.2        2 0.000156 9.61e-06        0        0
    28.6        2 0.000124 7.49e-06        0        0
      29        2 9.76e-05 5.84e-06        0        0
    29.4        2 7.71e-05 4.54e-06        0        0
    29.8        2 6.09e-05 3.54e-06        0        0
    30.2        2  4.8e-05 2.75e-06        0        0
    30.6        2  3.8e-05 2.14e-06        0        0
      31        2    3e-05 1.67e-06        0        0
    31.4        2 2.37e-05  1.3e-06        0        0
    31.8        2 1.87e-05 1.01e-06        0        0
    32.2        2 1.48e-05  7.9e-07        0        0
    32.6        2 1.16e-05 6.15e-07        0        0
      33        2  9.2e-06 4.79e-07        0        0
    33.4        2 7.25e-06 3.73e-07        0        0
    33.8        2 5.72e-06  2.9e-07        0        0
    34.2        2 4.52e-06 2.26e-07        0        0
    34.6        2 3.56e-06 1.76e-07        0        0
      35        2  2.8e-06 1.37e-07        0        0
    35.4        2 2.21e-06 1.07e-07        0        0
    35.8        2 1.74e-06 8.33e-08        0        0
    36.2        2 1.37e-06 6.48e-08        0        0
    36.6        2 1.08e-06 5.05e-08        0        0
      37        2 8.53e-07 3.93e-08        0        0
    37.4        2 6.72e-07 3.06e-08        0        0
    37.8        2  5.3e-07 2.38e-08        0        0
    38.2        2 4.17e-07 1.86e-08        0        0
    38.6        2 3.29e-07 1.45e-08        0        0
      39        2 2.59e-07 1.13e-08        0        0
    39.4        2 2.04e-07 8.78e-09        0        0
    39.8        2 1.61e-07 6.84e-09        0        0
    40.2        2 1.27e-07 5.32e-09        0        0
    40.6        2 9.99e-08 4.14e-09        0        0
      41        2 7.84e-08 3.23e-09        0        0
    41.4        2 6.16e-08 2.51e-09        0        0
    41.8        2 4.84e-08 1.96e-09        0        0
    42.2        2 3.81e-08 1.53e-09        0        0
    42.6        2 3.01e-08 1.19e-09        0        0
      43        2 2.37e-08 9.24e-10        0        0
    43.4        2 1.87e-08 7.19e-10        0        0
    43.8        2 1.47e-08  5.6e-10        0        0
    44.2        2 1.17e-08 4.36e-10        0        0
    44.6        2 9.28e-09  3.4e-10        0        0
      45        2 7.38e-09 2.65e-10        0        0
    45.4        2 5.92e-09 2.06e-10        0        0
    45.8        2 4.78e-09 1.61e-10        0        0
    46.2        2 3.91e-09 1.25e-10        0        0
    46.6        2 3.16e-09 9.75e-11        0        0
      47        2 2.56e-09 7.59e-11        0        0
    47.4        2 2.15e-09 5.91e-11        0        0
    47.8        2 1.82e-09 4.62e-11        0        0
    48.2        2 1.51e-09 3.54e-11        0        0
    48.8        2 1.31e-09 2.62e-11        0        0
    49.2        2 1.19e-09  1.9e-11        0        0
    49.7        2 1.17e-09 1.38e-11        0        0
    50.1        2 1.04e-09 1.01e-11        0        0
    50.8        2 1.02e-09 7.21e-12        0        0
    51.3        2 1.01e-09 5.04e-12        0        0
    51.8        2 1.03e-09  3.8e-12        0        0
    52.3        2 9.26e-10 2.76e-12        0        0
    52.9        2 8.34e-10 1.93e-12        0        0
    53.5        2 8.52e-10 1.35e-12        0        0
    54.1        2 8.75e-10 9.19e-13        0        0
    54.7        2 9.04e-10 6.22e-13        0        0
    55.2        2  8.9e-10 4.47e-13        0        0
    55.7        2 9.06e-10 3.22e-13        0        0
    56.3        2 9.02e-10 2.23e-13        0        0
      57        2  9.1e-10  1.5e-13        0        0
    57.7        2 9.72e-10 1.01e-13        0        0
    58.2        2 9.44e-10 6.52e-14        0        0
      59        2 9.98e-10 4.16e-14        0        0
    59.6        2 1.01e-09 2.81e-14        0        0
    60.2        2 1.07e-09 2.01e-14        0        0
    60.7        2 1.08e-09 1.44e-14        0        0
    61.1        2 1.12e-09 1.08e-14        0        0
    61.6        2 1.07e-09 8.39e-15        0        0
      62        2 1.08e-09  6.3e-15        0        0
    62.6        2 1.08e-09 4.52e-15        0        0
    63.4        2 1.08e-09 2.97e-15        0        0
    63.9        2 1.11e-09 1.87e-15        0        0
    64.6        2 1.15e-09 1.28e-15        0        0
    65.1        2 1.21e-09 9.32e-16        0        0
    65.6        2 1.23e-09 6.81e-16        0        0
    66.1        2 1.25e-09 5.17e-16        0        0
    66.5        2 1.21e-09 3.71e-16        0        0
    67.1        2 1.21e-09 2.59e-16        0        0
    67.8        2 1.18e-09 1.79e-16        0        0
    68.2        2 1.11e-09 1.31e-16        0        0
    68.6        2 9.97e-10 1.04e-16        0        0
      69        2 8.87e-10 8.12e-17        0        0
    69.4        2 8.12e-10 6.26e-17        0        0
    69.9        2 7.22e-10 4.76e-17        0        0
    70.3        2 6.36e-10 3.62e-17        0        0
    70.7        2 5.05e-10 2.76e-17        0        0
    71.1        2 4.28e-10 2.13e-17        0        0
    71.6        2 3.22e-10 1.61e-17        0        0
      72        2 2.23e-10 1.23e-17        0        0
    72.4        2  1.3e-10 9.68e-18        0        0
    72.8        2 5.65e-11 7.54e-18        0        0
    73.2        2        0 5.87e-18        0        0
    73.6        2        0 4.57e-18        0        0
      74        2        0 3.56e-18        0        0
    74.4        2        0 2.77e-18        0        0
    74.8        2        0 2.16e-18        0        0
    75.2        2        0 1.68e-18        0        0
    75.6        2        0 1.31e-18        0        0
      76        2        0 1.02e-18        0        0
    76.4        2 2.26e-17 7.94e-19        0        0
    76.8        2        0 6.18e-19        0        0
    77.2        2        0 4.82e-19        0        0
    77.6        2        0 3.75e-19        0        0
      78        2        0 2.92e-19        0        0
    78.4        2        0 2.28e-19        0        0
    78.8        2        0 1.77e-19        0        0
    79.2        2        0 1.38e-19        0        0
    79.6        2        0 1.07e-19        0        0
      80        2        0 8.37e-20        0        0
    80.4        2        0 6.52e-20        0        0
    80.8        2        0 5.08e-20        0        0
    81.2        2        0 3.95e-20        0        0
    81.6        2        0 3.08e-20        0        0
      82        2        0  2.4e-20        0        0
    82.4        2        0 1.87e-20        0        0
    82.8        2        0 1.46e-20        0        0
    83.2        2        0 1.13e-20        0        0
    83.6        2        0 8.83e-21        0        0
      84        2        0 6.87e-21        0        0
    84.4        2        0 5.35e-21        0        0
    84.8        2        0 4.17e-21        0        0
    85.2        2        0 3.25e-21        0        0
    85.6        2        0 2.53e-21        0        0
      86        2        0 1.97e-21        0        0
    86.4        2        0 1.53e-21        0        0
    86.8        2        0 1.19e-21        0        0
    87.2        2        0  9.3e-22        0        0
    87.6        2        0 7.24e-22        0        0
      88        2        0 5.64e-22        0        0
    88.4        2        0 4.39e-22        0        0
    88.8        2        0 3.42e-22        0        0
    89.2        2        0 2.66e-22        0        0
    89.6        2        0 2.07e-22        0        0
      90        2        0 1.62e-22        0        0
    90.4        2        0 1.26e-22        0        0
    90.8        2        0 9.81e-23        0        0
    91.2        2        0 7.64e-23        0        0
    91.6        2        0 5.95e-23        0        0
      92        2        0 4.63e-23        0        0
    92.4        2        0 3.61e-23        0        0
    92.8        2        0 2.81e-23        0        0
    93.2        2        0 2.19e-23        0        0
    93.6        2        0  1.7e-23        0        0
      94        2        0 1.33e-23        0        0
    94.4        2        0 1.03e-23        0        0
    94.8        2        0 8.03e-24        0        0
    95.2        2        0 6.26e-24        0        0
    95.6        2        0 4.88e-24        0        0
      96        2        0  3.8e-24        0        0
    96.4        2        0 2.96e-24        0        0
    96.8        2        0  2.3e-24        0        0
    97.2        2        0 1.79e-24        0        0
    97.6        2        0  1.4e-24        0        0
      98        2        0 1.09e-24        0        0
    98.4        2        0 8.48e-25        0        0
    98.8        2        0 6.61e-25        0        0
    99.2        2        0 5.06e-25        0        0
    99.6        2        0 3.98e-25        0        0
