     -25        0        0        0        0        0        0 1.19e-14
   -24.8        0        0        0        0        0        0 1.64e-14
   -24.6        0        0        0        0        0        0 2.23e-14
   -24.4        0        0        0        0        0        0 3.04e-14
   -24.2        0        0        0        0        0        0 4.15e-14
     -24        0        0        0        0        0        0 5.68e-14
   -23.8        0        0        0        0        0        0 7.75e-14
   -23.6        0        0        0        0        0        0 1.06e-13
   -23.4        0        0        0        0        0        0 1.45e-13
   -23.2        0        0        0        0        0        0 1.98e-13
     -23        0        0        0        0        0        0 2.71e-13
   -22.8        0        0        0        0        0        0  3.7e-13
   -22.6        0        0        0        0        0        0 5.06e-13
   -22.4        0        0        0        0        0        0 6.92e-13
   -22.2        0        0        0        0        0        0 9.45e-13
     -22        0        0        0        0        0        0 1.29e-12
   -21.8        0        0        0        0        0        0 1.77e-12
   -21.6        0        0        0        0        0        0        0
   -21.4        0        0        0        0        0        0 2.72e-11
     -19        0        0        0        0        0        0 9.65e-11
   -18.8        0        0        0        0        0        0 1.85e-10
   -18.6        0        0        0        0        0        0 2.72e-10
   -18.4        0        0        0        0        0        0 3.59e-10
   -18.2        0        0        0        0        0        0  4.9e-10
     -18        0        0        0        0        0        0  6.7e-10
   -17.8        0        0        0        0        0        0 9.14e-10
   -17.6        0        0        0        0        0        0 1.25e-09
   -17.4        0        0        0        0        0        0 1.71e-09
   -17.2        0        0        0        0        0        0 2.34e-09
     -17        0        0        0        0        0        0 3.19e-09
   -16.8        0        0        0        0        0        0 4.37e-09
   -16.6        0        0        0        0        0        0 5.96e-09
   -16.4        0        0        0        0        0        0 8.17e-09
   -16.2        0        0        0        0        0        0 1.12e-08
     -16        0        0        0        0        0        0 1.53e-08
   -15.8        0        0        0        0        0        0 2.08e-08
   -15.6        0        0        0        0        0        0 2.85e-08
   -15.4        0        0        0        0        0        0 3.89e-08
   -15.2        0        0        0        0        0        0 5.32e-08
     -15        0        0        0        0        0        0 7.26e-08
   -14.8        0        0        0        0        0        0 9.93e-08
   -14.6        0        0        0        0        0        0 1.36e-07
   -14.4        0        0        0        0        0        0 1.85e-07
   -14.2        0        0        0        0        0        0 2.54e-07
     -14        0        0        0        0        0        0 3.47e-07
   -13.8        0        0        0        0        0        0 4.74e-07
   -13.6        0        0        0        0        0        0 6.48e-07
   -13.4        0        0        0        0        0        0 8.86e-07
   -13.2        0        0        0        0        0        0 1.21e-06
     -13        0        0        0        0        0        0 1.66e-06
   -12.8        0        0        0        0        0        0 2.26e-06
   -12.6        0        0        0        0        0        0 3.09e-06
   -12.4        0        0        0        0        0        0 4.22e-06
   -12.2        0        0        0        0        0        0 5.77e-06
     -12        0        0        0        0        0        0 7.88e-06
   -11.8        0        0        0        0        0        0 1.08e-05
   -11.6        0        0        0        0        0        0 1.48e-05
   -11.4        0        0        0        0        0        0 2.02e-05
   -11.2        0        0        0        0        0        0 2.75e-05
     -11        0        0        0        0        0        0 3.76e-05
   -10.8        0        0        0        0        0        0 5.15e-05
   -10.6        0        0        0        0        0        0 7.02e-05
   -10.4        0        0        0        0        0        0 9.59e-05
   -10.2        0        0        0        0        0        0 0.000131
     -10        0        0        0        0        0        0 0.000179
    -9.8        0        0        0        0        0        0 0.000245
    -9.6        0        0        0        0        0        0 0.000334
    -9.4        0        0        0        0        0        0 0.000456
    -9.2        0        0        0        0        0        0 0.000622
      -9        0        0        0        0        0        0 0.000849
    -8.8        0        0        0        0        0        0  0.00116
    -8.6        0        0        0        0        0        0  0.00157
    -8.4        0        0        0        0        0        0  0.00213
    -8.2        0        0        0        0        0        0  0.00288
      -8        0        0        0        0        0        0  0.00389
    -7.8        0        0        0        0        0        0  0.00522
    -7.6        0        0        0        0        0        0  0.00697
    -7.4        0        0        0        0        0        0  0.00924
    -7.2        0        0        0        0        0        0   0.0121
      -7        0        0        0        0        0        0   0.0158
    -6.8        0        0        0        0        0        0   0.0203
    -6.6        0        0        0        0        0        0   0.0257
    -6.4        0        0        0        0        0        0   0.0321
    -6.2        0        0        0        0        0        0   0.0396
      -6        0        0        0        0        0        0   0.0484
    -5.8        0        0        0        0        0        0   0.0589
    -5.6        0        0        0        0        0        0   0.0716
    -5.4        0        0        0        0        0        0   0.0775
    -5.2        0        0        0        0        0        0    0.161
      -5        0        0        0        0        0        0    0.155
    -4.7        0        0        0        0        0        0    0.113
    -4.5        0        0        0        0        0        0    0.064
    -4.3        0        0        0        0        0        0   0.0514
    -4.1        0        0        0        0        0        0    0.116
    -3.9        0        0        0        0        0        0    0.135
    -3.7        0        0        0        0        0        0    0.154
    -3.5        0        0        0        0        0        0    0.166
    -3.3        0        0        0        0        0        0    0.164
    -3.1        0        0        0        0        0        0    0.153
    -2.9        0        0        0        0        0        0    0.152
    -2.7        0        0        0        0        0        0    0.199
    -2.5        0        0        0        0        0        0    0.259
    -2.3        0        0        0        0        0        0    0.304
    -2.1        0        0        0        0        0        0    0.328
    -1.9        0        0        0        0        0        0    0.337
    -1.7        0        0        0        0        0        0    0.343
    -1.5        0        0        0        0        0        0    0.346
    -1.3        0        0        0        0        0        0    0.364
    -1.1        0        0        0        0        0        0    0.396
    -0.9        0        0        0        0        0        0    0.432
    -0.7        0        0        0        0        0        0    0.455
    -0.5        0        0        0        0        0        0    0.474
    -0.3        0        0        0        0        0        0    0.493
    -0.1        0        0        0        0        0        0    0.517
     0.1        0        0        0        0        0        0    0.548
     0.3        0        0        0        0        0        0    0.589
     0.5        0        0        0        0        0        0    0.615
     0.7        0        0        0        0        0        0    0.618
     0.9        0        0        0        0        0        0    0.611
     1.1        0        0        0        0        0        0    0.621
     1.3        0        0        0        0        0        0    0.637
     1.5        0        0        0        0        0        0    0.667
     1.7        0        0        0        0        0        0    0.707
     1.9        0        0        0        0        0        0    0.755
     2.1        0        0        0        0        0        0    0.799
     2.3        0        0        0        0        0        0    0.809
     2.5        0        0        0        0        0        0     0.81
     2.7        0        0        0        0        0        0     0.81
     2.9        0        0        0        0        0        0    0.812
     3.1        0        0        0        0        0        0    0.819
     3.3        0        0        0        0        0        0    0.826
     3.5        0        0        0        0        0        0    0.834
     3.7        0        0        0        0        0        0    0.841
     3.9        0        0        0        0        0        0    0.847
     4.1        0        0        0        0        0        0    0.852
     4.3        0        0        0        0        0        0    0.856
     4.5        0        0        0        0        0        0    0.859
     4.7        0        0        0        0        0        0    0.862
     4.9        0        0        0        0        0        0    0.864
     5.1        0        0        0        0        0        0    0.865
     5.3        0        0        0        0        0        0    0.868
     5.5        0        0        0        0        0        0     0.87
     5.7        0        0        0        0        0        0    0.872
     5.9        0        0        0        0        0        0    0.872
     6.1        0        0        0        0        0        0    0.871
     6.3        0        0        0        0        0        0    0.871
     6.5        0        0        0        0        0        0    0.872
     6.7        0        0        0        0        0        0    0.872
     6.9        0        0        0        0        0        0    0.872
     7.1        0        0        0        0        0        0    0.872
     7.3        0        0        0        0        0        0    0.872
     7.5        0        0        0        0        0        0    0.872
     7.7        0        0        0        0        0        0    0.872
     7.9        0        0        0        0        0        0    0.872
     8.1        0        0        0        0        0        0    0.872
     8.3        0        0        0        0        0        0    0.872
     8.5        0        0        0        0        0        0    0.872
     8.7        0        0        0        0        0        0    0.872
     8.9        0        0        0        0        0        0    0.872
     9.1        0        0        0        0        0        0    0.872
     9.3        0        0        0        0        0        0    0.872
     9.5        0        0        0        0        0        0    0.872
     9.7        0        0        0        0        0        0    0.872
     9.9        0        0        0        0        0        0    0.872
    10.1        0        0        0        0        0        0    0.872
    10.3        0        0        0        0        0        0    0.872
    10.5        0        0        0        0        0        0    0.872
    10.7        0        0        0        0        0        0    0.872
    10.9        0        0        0        0        0        0    0.872
    11.1        0        0        0        0        0        0    0.872
    11.3        0        0        0        0        0        0    0.872
    11.5        0        0        0        0        0        0    0.872
    11.7        0        0        0        0        0        0    0.872
    11.9        0        0        0        0        0        0    0.872
    12.1        0        0        0        0        0        0    0.872
    12.3        0        0        0        0        0        0    0.872
    12.5        0        0        0        0        0        0    0.872
    12.7        0        0        0        0        0        0    0.872
    12.9        0        0        0        0        0        0    0.872
    13.1        0        0        0        0        0        0    0.872
    13.3        0        0        0        0        0        0    0.872
    13.5        0        0        0        0        0        0    0.872
    13.7        0        0        0        0        0        0    0.872
    13.9        0        0        0        0        0        0    0.872
    14.1        0        0        0        0        0        0    0.872
    14.3        0        0        0        0        0        0    0.872
    14.5        0        0        0        0        0        0    0.872
    14.7        0        0        0        0        0        0    0.872
    14.9        0        0        0        0        0        0    0.872
    15.1        0        0        0        0        0        0    0.872
    15.3        0        0        0        0        0        0    0.872
    15.5        0        0        0        0        0        0    0.872
    15.7        0        0        0        0        0        0    0.872
    15.9        0        0        0        0        0        0    0.872
    16.1        0        0        0        0        0        0    0.872
    16.3        0        0        0        0        0        0    0.872
    16.5        0        0        0        0        0        0    0.872
    16.7        0        0        0        0        0        0    0.872
    16.9        0        0        0        0        0        0    0.872
    17.1        0        0        0        0        0        0    0.872
    17.3        0        0        0        0        0        0    0.872
    17.5        0        0        0        0        0        0    0.872
    17.7        0        0        0        0        0        0    0.872
    17.9        0        0        0        0        0        0    0.872
    18.1        0        0        0        0        0        0    0.872
    18.3        0        0        0        0        0        0    0.872
    18.5        0        0        0        0        0        0    0.872
    18.7        0        0        0        0        0        0    0.872
    18.9        0        0        0        0        0        0    0.872
    19.1        0        0        0        0        0        0    0.872
    19.3        0        0        0        0        0        0    0.872
    19.5        0        0        0        0        0        0    0.872
    19.7        0        0        0        0        0        0    0.871
    19.9        0        0        0        0        0        0    0.871
    20.1        0        0        0        0        0        0    0.872
    20.3        0        0        0        0        0        0    0.872
    20.5        0        0        0        0        0        0     0.87
    20.7        0        0        0        0        0        0    0.868
    20.9        0        0        0        0        0        0    0.865
    21.1        0        0        0        0        0        0    0.864
    21.3        0        0        0        0        0        0    0.862
    21.5        0        0        0        0        0        0    0.859
    21.7        0        0        0        0        0        0    0.856
    21.9        0        0        0        0        0        0    0.852
    22.1        0        0        0        0        0        0    0.847
    22.3        0        0        0        0        0        0    0.841
    22.5        0        0        0        0        0        0    0.834
    22.7        0        0        0        0        0        0    0.826
    22.9        0        0        0        0        0        0    0.819
    23.1        0        0        0        0        0        0    0.812
    23.3        0        0        0        0        0        0     0.81
    23.5        0        0        0        0        0        0     0.81
    23.7        0        0        0        0        0        0    0.809
    23.9        0        0        0        0        0        0    0.799
    24.1        0        0        0        0        0        0    0.755
    24.3        0        0        0        0        0        0    0.707
    24.5        0        0        0        0        0        0    0.667
    24.7        0        0        0        0        0        0    0.637
    24.9        0        0        0        0        0        0    0.621
    25.1        0        0        0        0        0        0    0.611
    25.3        0        0        0        0        0        0    0.618
    25.5        0        0        0        0        0        0    0.615
    25.7        0        0        0        0        0        0    0.589
    25.9        0        0        0        0        0        0    0.548
    26.1        0        0        0        0        0        0    0.517
    26.3        0        0        0        0        0        0    0.493
    26.5        0        0        0        0        0        0    0.474
    26.7        0        0        0        0        0        0    0.455
    26.9        0        0        0        0        0        0    0.432
    27.1        0        0        0        0        0        0    0.396
    27.3        0        0        0        0        0        0    0.364
    27.5        0        0        0        0        0        0    0.346
    27.7        0        0        0        0        0        0    0.343
    27.9        0        0        0        0        0        0    0.337
    28.1        0        0        0        0        0        0    0.328
    28.3        0        0        0        0        0        0    0.304
    28.5        0        0        0        0        0        0    0.259
    28.7        0        0        0        0        0        0    0.199
    28.9        0        0        0        0        0        0    0.152
    29.1        0        0        0        0        0        0    0.153
    29.3        0        0        0        0        0        0    0.164
    29.5        0        0        0        0        0        0    0.166
    29.7        0        0        0        0        0        0    0.154
    29.9        0        0        0        0        0        0    0.135
    30.1        0        0        0        0        0        0    0.116
    30.3        0        0        0        0        0        0   0.0514
    30.5        0        0        0        0        0        0    0.064
    30.7        0        0        0        0        0        0    0.113
      31        0        0        0        0        0        0    0.155
    31.2        0        0        0        0        0        0    0.161
    31.4        0        0        0        0        0        0   0.0775
    31.6        0        0        0        0        0        0   0.0716
    31.8        0        0        0        0        0        0   0.0589
      32        0        0        0        0        0        0   0.0484
    32.2        0        0        0        0        0        0   0.0396
    32.4        0        0        0        0        0        0   0.0321
    32.6        0        0        0        0        0        0   0.0257
    32.8        0        0        0        0        0        0   0.0203
      33        0        0        0        0        0        0   0.0158
    33.2        0        0        0        0        0        0   0.0121
    33.4        0        0        0        0        0        0  0.00924
    33.6        0        0        0        0        0        0  0.00697
    33.8        0        0        0        0        0        0  0.00522
      34        0        0        0        0        0        0  0.00389
    34.2        0        0        0        0        0        0  0.00288
    34.4        0        0        0        0        0        0  0.00213
    34.6        0        0        0        0        0        0  0.00157
    34.8        0        0        0        0        0        0  0.00116
      35        0        0        0        0        0        0 0.000849
    35.2        0        0        0        0        0        0 0.000622
    35.4        0        0        0        0        0        0 0.000456
    35.6        0        0        0        0        0        0 0.000334
    35.8        0        0        0        0        0        0 0.000245
      36        0        0        0        0        0        0 0.000179
    36.2        0        0        0        0        0        0 0.000131
    36.4        0        0        0        0        0        0 9.59e-05
    36.6        0        0        0        0        0        0 7.02e-05
    36.8        0        0        0        0        0        0 5.15e-05
      37        0        0        0        0        0        0 3.76e-05
    37.2        0        0        0        0        0        0 2.75e-05
    37.4        0        0        0        0        0        0 2.02e-05
    37.6        0        0        0        0        0        0 1.48e-05
    37.8        0        0        0        0        0        0 1.08e-05
      38        0        0        0        0        0        0 7.88e-06
    38.2        0        0        0        0        0        0 5.77e-06
    38.4        0        0        0        0        0        0 4.22e-06
    38.6        0        0        0        0        0        0 3.09e-06
    38.8        0        0        0        0        0        0 2.26e-06
      39        0        0        0        0        0        0 1.66e-06
    39.2        0        0        0        0        0        0 1.21e-06
    39.4        0        0        0        0        0        0 8.86e-07
    39.6        0        0        0        0        0        0 6.48e-07
    39.8        0        0        0        0        0        0 4.74e-07
      40        0        0        0        0        0        0 3.47e-07
    40.2        0        0        0        0        0        0 2.54e-07
    40.4        0        0        0        0        0        0 1.85e-07
    40.6        0        0        0        0        0        0 1.36e-07
    40.8        0        0        0        0        0        0 9.93e-08
      41        0        0        0        0        0        0 7.26e-08
    41.2        0        0        0        0        0        0 5.32e-08
    41.4        0        0        0        0        0        0 3.89e-08
    41.6        0        0        0        0        0        0 2.85e-08
    41.8        0        0        0        0        0        0 2.08e-08
      42        0        0        0        0        0        0 1.53e-08
    42.2        0        0        0        0        0        0 1.12e-08
    42.4        0        0        0        0        0        0 8.17e-09
    42.6        0        0        0        0        0        0 5.96e-09
    42.8        0        0        0        0        0        0 4.37e-09
      43        0        0        0        0        0        0 3.19e-09
    43.2        0        0        0        0        0        0 2.34e-09
    43.4        0        0        0        0        0        0 1.71e-09
    43.6        0        0        0        0        0        0 1.25e-09
    43.8        0        0        0        0        0        0 9.14e-10
      44        0        0        0        0        0        0  6.7e-10
    44.2        0        0        0        0        0        0  4.9e-10
    44.4        0        0        0        0        0        0 3.59e-10
    44.6        0        0        0        0        0        0 2.72e-10
    44.8        0        0        0        0        0        0 1.85e-10
      45        0        0        0        0        0        0 9.65e-11
    47.4        0        0        0        0        0        0 2.72e-11
    47.6        0        0        0        0        0        0        0
    47.8        0        0        0        0        0        0 1.77e-12
      48        0        0        0        0        0        0 1.29e-12
    48.2        0        0        0        0        0        0 9.45e-13
    48.4        0        0        0        0        0        0 6.92e-13
    48.6        0        0        0        0        0        0 5.06e-13
    48.8        0        0        0        0        0        0  3.7e-13
      49        0        0        0        0        0        0 2.71e-13
    49.2        0        0        0        0        0        0 1.98e-13
    49.4        0        0        0        0        0        0 1.45e-13
    49.6        0        0        0        0        0        0 1.06e-13
    49.8        0        0        0        0        0        0 7.75e-14
      50        0        0        0        0        0        0 5.68e-14
    50.2        0        0        0        0        0        0 4.15e-14
    50.4        0        0        0        0        0        0 3.04e-14
    50.6        0        0        0        0        0        0 2.22e-14
    50.8        0        0        0        0        0        0 1.63e-14
      51        0        0        0        0        0        0 1.19e-14
    51.2        0        0        0        0        0        0  8.7e-15
    51.4        0        0        0        0        0        0 6.37e-15
    51.6        0        0        0        0        0        0 4.66e-15
    51.8        0        0        0        0        0        0 3.41e-15
      52        0        0        0        0        0        0  2.5e-15
    52.2        0        0        0        0        0        0 1.83e-15
    52.4        0        0        0        0        0        0 1.33e-15
    52.6        0        0        0        0        0        0 9.76e-16
    52.8        0        0        0        0        0        0 7.15e-16
      53        0        0        0        0        0        0 5.23e-16
    53.2        0        0        0        0        0        0 3.82e-16
    53.4        0        0        0        0        0        0  2.8e-16
    53.6        0        0        0        0        0        0 2.05e-16
    53.8        0        0        0        0        0        0  1.5e-16
      54        0        0        0        0        0        0 1.09e-16
    54.2        0        0        0        0        0        0 8.02e-17
    54.4        0        0        0        0        0        0 5.87e-17
    54.6        0        0        0        0        0        0 4.29e-17
    54.8        0        0        0        0        0        0 3.14e-17
      55        0        0        0        0        0        0  2.3e-17
    55.2        0        0        0        0        0        0 1.68e-17
    55.4        0        0        0        0        0        0 1.23e-17
    55.6        0        0        0        0        0        0 8.98e-18
    55.8        0        0        0        0        0        0 6.58e-18
      56        0        0        0        0        0        0 4.82e-18
    56.2        0        0        0        0        0        0 3.52e-18
    56.4        0        0        0        0        0        0 2.58e-18
    56.6        0        0        0        0        0        0 1.89e-18
    56.8        0        0        0        0        0        0 1.38e-18
      57        0        0        0        0        0        0 1.01e-18
    57.2        0        0        0        0        0        0 7.38e-19
    57.4        0        0        0        0        0        0  5.4e-19
    57.6        0        0        0        0        0        0 3.95e-19
    57.8        0        0        0        0        0        0 2.89e-19
      58        0        0        0        0        0        0 2.12e-19
    58.2        0        0        0        0        0        0 1.55e-19
    58.4        0        0        0        0        0        0 1.13e-19
    58.6        0        0        0        0        0        0 8.28e-20
    58.8        0        0        0        0        0        0 6.06e-20
      59        0        0        0        0        0        0 4.43e-20
    59.2        0        0        0        0        0        0 3.24e-20
    59.4        0        0        0        0        0        0 2.37e-20
    59.6        0        0        0        0        0        0 1.74e-20
    59.8        0        0        0        0        0        0 1.27e-20
      60        0        0        0        0        0        0  9.3e-21
    60.2        0        0        0        0        0        0  6.8e-21
    60.4        0        0        0        0        0        0 4.97e-21
    60.6        0        0        0        0        0        0 3.64e-21
    60.8        0        0        0        0        0        0 2.66e-21
      61        0        0        0        0        0        0 1.95e-21
    61.2        0        0        0        0        0        0 1.42e-21
    61.4        0        0        0        0        0        0 1.04e-21
    61.6        0        0        0        0        0        0 7.62e-22
    61.8        0        0        0        0        0        0 5.58e-22
      62        0        0        0        0        0        0 4.08e-22
    62.2        0        0        0        0        0        0 2.99e-22
    62.4        0        0        0        0        0        0 2.18e-22
    62.6        0        0        0        0        0        0  1.6e-22
    62.8        0        0        0        0        0        0 1.17e-22
      63        0        0        0        0        0        0 8.55e-23
    63.2        0        0        0        0        0        0 6.26e-23
    63.4        0        0        0        0        0        0 4.59e-23
    63.6        0        0        0        0        0        0 3.35e-23
    63.8        0        0        0        0        0        0 2.45e-23
      64        0        0        0        0        0        0  1.8e-23
    64.2        0        0        0        0        0        0 1.32e-23
    64.4        0        0        0        0        0        0 9.63e-24
    64.6        0        0        0        0        0        0 7.03e-24
    64.8        0        0        0        0        0        0 5.14e-24
      65        0        0        0        0        0        0 3.76e-24
    65.2        0        0        0        0        0        0 2.75e-24
    65.4        0        0        0        0        0        0 2.02e-24
    65.6        0        0        0        0        0        0 1.48e-24
    65.8        0        0        0        0        0        0 1.08e-24
      66        0        0        0        0        0        0 7.88e-25
    66.2        0        0        0        0        0        0 5.77e-25
    66.4        0        0        0        0        0        0 4.22e-25
    66.6        0        0        0        0        0        0 3.09e-25
    66.8        0        0        0        0        0        0 2.26e-25
      67        0        0        0        0        0        0 1.65e-25
    67.2        0        0        0        0        0        0 1.21e-25
    67.4        0        0        0        0        0        0 8.85e-26
    67.6        0        0        0        0        0        0 6.47e-26
    67.8        0        0        0        0        0        0 4.73e-26
      68        0        0        0        0        0        0 3.46e-26
    68.2        0        0        0        0        0        0 2.54e-26
    68.4        0        0        0        0        0        0 1.85e-26
    68.6        0        0        0        0        0        0 1.36e-26
    68.8        0        0        0        0        0        0 9.92e-27
      69        0        0        0        0        0        0 7.25e-27
    69.2        0        0        0        0        0        0 5.31e-27
    69.4        0        0        0        0        0        0 3.89e-27
    69.6        0        0        0        0        0        0 2.84e-27
    69.8        0        0        0        0        0        0 2.08e-27
      70        0        0        0        0        0        0 1.52e-27
    70.2        0        0        0        0        0        0 1.11e-27
    70.4        0        0        0        0        0        0 8.15e-28
    70.6        0        0        0        0        0        0 5.97e-28
    70.8        0        0        0        0        0        0 4.36e-28
      71        0        0        0        0        0        0 3.19e-28
    71.2        0        0        0        0        0        0 2.33e-28
    71.4        0        0        0        0        0        0 1.71e-28
    71.6        0        0        0        0        0        0 1.25e-28
    71.8        0        0        0        0        0        0 9.13e-29
      72        0        0        0        0        0        0 6.69e-29
    72.2        0        0        0        0        0        0 4.89e-29
    72.4        0        0        0        0        0        0 3.58e-29
    72.6        0        0        0        0        0        0 2.62e-29
    72.8        0        0        0        0        0        0 1.91e-29
      73        0        0        0        0        0        0  1.4e-29
    73.2        0        0        0        0        0        0 1.03e-29
    73.4        0        0        0        0        0        0 7.51e-30
    73.6        0        0        0        0        0        0 5.49e-30
    73.8        0        0        0        0        0        0 4.01e-30
      74        0        0        0        0        0        0 2.94e-30
    74.2        0        0        0        0        0        0 2.15e-30
    74.4        0        0        0        0        0        0 1.57e-30
    74.6        0        0        0        0        0        0 1.15e-30
    74.8        0        0        0        0        0        0 8.42e-31
      75        0        0        0        0        0        0 6.16e-31
    75.2        0        0        0        0        0        0  4.5e-31
    75.4        0        0        0        0        0        0  3.3e-31
    75.6        0        0        0        0        0        0 2.41e-31
    75.8        0        0        0        0        0        0 1.77e-31
      76        0        0        0        0        0        0 1.29e-31
    76.2        0        0        0        0        0        0 9.44e-32
    76.4        0        0        0        0        0        0 6.91e-32
    76.6        0        0        0        0        0        0 5.05e-32
    76.8        0        0        0        0        0        0  3.7e-32
      77        0        0        0        0        0        0 2.71e-32
    77.2        0        0        0        0        0        0 1.98e-32
    77.4        0        0        0        0        0        0 1.45e-32
    77.6        0        0        0        0        0        0 1.06e-32
    77.8        0        0        0        0        0        0 7.74e-33
      78        0        0        0        0        0        0 5.67e-33
    78.2        0        0        0        0        0        0 4.15e-33
    78.4        0        0        0        0        0        0 3.04e-33
    78.6        0        0        0        0        0        0 2.22e-33
    78.8        0        0        0        0        0        0 1.62e-33
      79        0        0        0        0        0        0 1.19e-33
    79.2        0        0        0        0        0        0  8.7e-34
    79.4        0        0        0        0        0        0 6.36e-34
    79.6        0        0        0        0        0        0 4.65e-34
    79.8        0        0        0        0        0        0 3.41e-34
      80        0        0        0        0        0        0 2.49e-34
    80.2        0        0        0        0        0        0 1.83e-34
    80.4        0        0        0        0        0        0 1.33e-34
    80.6        0        0        0        0        0        0 9.75e-35
    80.8        0        0        0        0        0        0 7.14e-35
      81        0        0        0        0        0        0 5.23e-35
    81.2        0        0        0        0        0        0 3.82e-35
    81.4        0        0        0        0        0        0  2.8e-35
    81.6        0        0        0        0        0        0 2.04e-35
    81.8        0        0        0        0        0        0  1.5e-35
      82        0        0        0        0        0        0 1.09e-35
    82.2        0        0        0        0        0        0 8.02e-36
    82.4        0        0        0        0        0        0 5.86e-36
    82.6        0        0        0        0        0        0 4.29e-36
    82.8        0        0        0        0        0        0 3.14e-36
      83        0        0        0        0        0        0  2.3e-36
    83.2        0        0        0        0        0        0 1.68e-36
    83.4        0        0        0        0        0        0 1.23e-36
    83.6        0        0        0        0        0        0 8.98e-37
    83.8        0        0        0        0        0        0 6.57e-37
      84        0        0        0        0        0        0 4.81e-37
    84.2        0        0        0        0        0        0 3.52e-37
    84.4        0        0        0        0        0        0 2.58e-37
    84.6        0        0        0        0        0        0 1.88e-37
    84.8        0        0        0        0        0        0 1.38e-37
      85        0        0        0        0        0        0 1.01e-37
    85.2        0        0        0        0        0        0 7.38e-38
    85.4        0        0        0        0        0        0  5.4e-38
    85.6        0        0        0        0        0        0 3.95e-38
    85.8        0        0        0        0        0        0 2.89e-38
      86        0        0        0        0        0        0 2.11e-38
    86.2        0        0        0        0        0        0 1.55e-38
    86.4        0        0        0        0        0        0 1.13e-38
    86.6        0        0        0        0        0        0 8.28e-39
    86.8        0        0        0        0        0        0 6.05e-39
      87        0        0        0        0        0        0 4.43e-39
    87.2        0        0        0        0        0        0 3.24e-39
    87.4        0        0        0        0        0        0 2.37e-39
    87.6        0        0        0        0        0        0 1.74e-39
    87.8        0        0        0        0        0        0 1.27e-39
      88        0        0        0        0        0        0 9.29e-40
    88.2        0        0        0        0        0        0 6.79e-40
    88.4        0        0        0        0        0        0 4.97e-40
    88.6        0        0        0        0        0        0 3.64e-40
    88.8        0        0        0        0        0        0 2.66e-40
      89        0        0        0        0        0        0 1.95e-40
    89.2        0        0        0        0        0        0 1.42e-40
    89.4        0        0        0        0        0        0 1.04e-40
    89.6        0        0        0        0        0        0 7.62e-41
    89.8        0        0        0        0        0        0 5.58e-41
      90        0        0        0        0        0        0 4.08e-41
    90.2        0        0        0        0        0        0 2.99e-41
    90.4        0        0        0        0        0        0 2.18e-41
    90.6        0        0        0        0        0        0  1.6e-41
    90.8        0        0        0        0        0        0 1.17e-41
      91        0        0        0        0        0        0 8.55e-42
    91.2        0        0        0        0        0        0 6.26e-42
    91.4        0        0        0        0        0        0 4.58e-42
    91.6        0        0        0        0        0        0 3.35e-42
    91.8        0        0        0        0        0        0 2.45e-42
      92        0        0        0        0        0        0 1.79e-42
    92.2        0        0        0        0        0        0 1.31e-42
    92.4        0        0        0        0        0        0 9.59e-43
    92.6        0        0        0        0        0        0 7.01e-43
    92.8        0        0        0        0        0        0 5.14e-43
      93        0        0        0        0        0        0 3.76e-43
    93.2        0        0        0        0        0        0 2.75e-43
    93.4        0        0        0        0        0        0 2.01e-43
    93.6        0        0        0        0        0        0 1.47e-43
    93.8        0        0        0        0        0        0 1.08e-43
      94        0        0        0        0        0        0 7.88e-44
    94.2        0        0        0        0        0        0 5.76e-44
    94.4        0        0        0        0        0        0 4.21e-44
    94.6        0        0        0        0        0        0 3.08e-44
    94.8        0        0        0        0        0        0 2.25e-44
      95        0        0        0        0        0        0 1.65e-44
    95.2        0        0        0        0        0        0 1.21e-44
    95.4        0        0        0        0        0        0 8.84e-45
    95.6        0        0        0        0        0        0 6.47e-45
    95.8        0        0        0        0        0        0 4.73e-45
      96        0        0        0        0        0        0 3.46e-45
    96.2        0        0        0        0        0        0 2.53e-45
    96.4        0        0        0        0        0        0 1.86e-45
    96.6        0        0        0        0        0        0 1.36e-45
    96.8        0        0        0        0        0        0 9.92e-46
      97        0        0        0        0        0        0 7.25e-46
    97.2        0        0        0        0        0        0 5.31e-46
    97.4        0        0        0        0        0        0 3.88e-46
    97.6        0        0        0        0        0        0 2.84e-46
    97.8        0        0        0        0        0        0 2.08e-46
      98        0        0        0        0        0        0 1.52e-46
    98.2        0        0        0        0        0        0 1.11e-46
    98.4        0        0        0        0        0        0 8.13e-47
    98.6        0        0        0        0        0        0 5.95e-47
    98.8        0        0        0        0        0        0 4.35e-47
      99        0        0        0        0        0        0 3.19e-47
    99.2        0        0        0        0        0        0 2.33e-47
    99.4        0        0        0        0        0        0 1.71e-47
    99.6        0        0        0        0        0        0 1.21e-47
    99.8        0        0        0        0        0        0 9.32e-48
