     -25        0        0        0        0        0        0   0.0178
   -24.8        0        0        0        0        0        0   0.0185
   -24.6        0        0        0        0        0        0   0.0192
   -24.4        0        0        0        0        0        0     0.02
   -24.2        0        0        0        0        0        0   0.0207
     -24        0        0        0        0        0        0   0.0215
   -23.8        0        0        0        0        0        0   0.0223
   -23.6        0        0        0        0        0        0   0.0232
   -23.4        0        0        0        0        0        0   0.0241
   -23.2        0        0        0        0        0        0    0.025
     -23        0        0        0        0        0        0    0.026
   -22.8        0        0        0        0        0        0   0.0269
   -22.6        0        0        0        0        0        0    0.028
   -22.4        0        0        0        0        0        0    0.029
   -22.2        0        0        0        0        0        0   0.0301
     -22        0        0        0        0        0        0   0.0312
   -21.8        0        0        0        0        0        0   0.0324
   -21.6        0        0        0        0        0        0   0.0336
   -21.4        0        0        0        0        0        0   0.0349
   -21.2        0        0        0        0        0        0   0.0362
     -21        0        0        0        0        0        0   0.0376
   -20.8        0        0        0        0        0        0    0.039
   -20.6        0        0        0        0        0        0   0.0404
   -20.4        0        0        0        0        0        0   0.0419
   -20.2        0        0        0        0        0        0   0.0435
     -20        0        0        0        0        0        0   0.0451
   -19.8        0        0        0        0        0        0   0.0468
   -19.6        0        0        0        0        0        0   0.0485
   -19.4        0        0        0        0        0        0   0.0503
   -19.2        0        0        0        0        0        0   0.0522
     -19        0        0        0        0        0        0   0.0541
   -18.8        0        0        0        0        0        0   0.0561
   -18.6        0        0        0        0        0        0   0.0581
   -18.4        0        0        0        0        0        0   0.0602
   -18.2        0        0        0        0        0        0   0.0624
     -18        0        0        0        0        0        0   0.0647
   -17.8        0        0        0        0        0        0    0.067
   -17.6        0        0        0        0        0        0   0.0694
   -17.4        0        0        0        0        0        0   0.0719
   -17.2        0        0        0        0        0        0   0.0745
     -17        0        0        0        0        0        0   0.0771
   -16.8        0        0        0        0        0        0   0.0799
   -16.6        0        0        0        0        0        0   0.0827
   -16.4        0        0        0        0        0        0   0.0856
   -16.2        0        0        0        0        0        0   0.0886
     -16        0        0        0        0        0        0   0.0917
   -15.8        0        0        0        0        0        0   0.0949
   -15.6        0        0        0        0        0        0   0.0982
   -15.4        0        0        0        0        0        0    0.102
   -15.2        0        0        0        0        0        0    0.105
     -15        0        0        0        0        0        0    0.109
   -14.8        0        0        0        0        0        0    0.112
   -14.6        0        0        0        0        0        0    0.116
   -14.4        0        0        0        0        0        0     0.12
   -14.2        0        0        0        0        0        0    0.124
     -14        0        0        0        0        0        0    0.128
   -13.8        0        0        0        0        0        0    0.133
   -13.6        0        0        0        0        0        0    0.137
   -13.4        0        0        0        0        0        0    0.142
   -13.2        0        0        0        0        0        0    0.146
     -13        0        0        0        0        0        0    0.151
   -12.8        0        0        0        0        0        0    0.156
   -12.6        0        0        0        0        0        0    0.161
   -12.4        0        0        0        0        0        0    0.166
   -12.2        0        0        0        0        0        0    0.171
     -12        0        0        0        0        0        0    0.176
   -11.8        0        0        0        0        0        0    0.182
   -11.6        0        0        0        0        0        0    0.188
   -11.4        0        0        0        0        0        0    0.193
   -11.2        0        0        0        0        0        0    0.199
     -11        0        0        0        0        0        0    0.205
   -10.8        0        0        0        0        0        0    0.211
   -10.6        0        0        0        0        0        0    0.218
   -10.4        0        0        0        0        0        0    0.224
   -10.2        0        0        0        0        0        0     0.23
     -10        0        0        0        0        0        0    0.237
    -9.8        0        0        0        0        0        0    0.244
    -9.6        0        0        0        0        0        0    0.251
    -9.4        0        0        0        0        0        0    0.258
    -9.2        0        0        0        0        0        0    0.265
      -9        0        0        0        0        0        0    0.272
    -8.8        0        0        0        0        0        0    0.279
    -8.6        0        0        0        0        0        0    0.287
    -8.4        0        0        0        0        0        0    0.295
    -8.2        0        0        0        0        0        0    0.302
      -8        0        0        0        0        0        0     0.31
    -7.8        0        0        0        0        0        0    0.318
    -7.6        0        0        0        0        0        0    0.326
    -7.4        0        0        0        0        0        0    0.334
    -7.2        0        0        0        0        0        0    0.342
      -7        0        0        0        0        0        0    0.351
    -6.8        0        0        0        0        0        0    0.359
    -6.6        0        0        0        0        0        0    0.367
    -6.4        0        0        0        0        0        0    0.376
    -6.2        0        0        0        0        0        0    0.385
      -6        0        0        0        0        0        0    0.393
    -5.8        0        0        0        0        0        0    0.402
    -5.6        0        0        0        0        0        0    0.411
    -5.4        0        0        0        0        0        0     0.42
    -5.2        0        0        0        0        0        0    0.428
      -5        0        0        0        0        0        0    0.437
    -4.8        0        0        0        0        0        0    0.446
    -4.6        0        0        0        0        0        0    0.455
    -4.4        0        0        0        0        0        0    0.464
    -4.2        0        0        0        0        0        0    0.473
      -4        0        0        0        0        0        0    0.482
    -3.8        0        0        0        0        0        0    0.491
    -3.6        0        0        0        0        0        0      0.5
    -3.4        0        0        0        0        0        0    0.509
    -3.2        0        0        0        0        0        0    0.518
      -3        0        0        0        0        0        0    0.527
    -2.8        0        0        0        0        0        0    0.536
    -2.6        0        0        0        0        0        0    0.545
    -2.4        0        0        0        0        0        0    0.554
    -2.2        0        0        0        0        0        0    0.563
      -2        0        0        0        0        0        0    0.572
    -1.8        0        0        0        0        0        0    0.581
    -1.6        0        0        0        0        0        0    0.589
    -1.4        0        0        0        0        0        0    0.598
    -1.2        0        0        0        0        0        0    0.607
      -1        0        0        0        0        0        0    0.615
    -0.8        0        0        0        0        0        0    0.624
    -0.6        0        0        0        0        0        0    0.632
    -0.4        0        0        0        0        0        0     0.64
    -0.2        0        0        0        0        0        0    0.648
3.73e-14        0        0        0        0        0        0    0.656
     0.2        0        0        0        0        0        0    0.664
     0.4        0        0        0        0        0        0    0.672
     0.6        0        0        0        0        0        0     0.68
     0.8        0        0        0        0        0        0    0.688
       1        0        0        0        0        0        0    0.695
     1.2        0        0        0        0        0        0    0.703
     1.4        0        0        0        0        0        0     0.71
     1.6        0        0        0        0        0        0    0.717
     1.8        0        0        0        0        0        0    0.724
       2        0        0        0        0        0        0    0.731
     2.2        0        0        0        0        0        0    0.738
     2.4        0        0        0        0        0        0    0.745
     2.6        0        0        0        0        0        0    0.751
     2.8        0        0        0        0        0        0    0.758
       3        0        0        0        0        0        0    0.764
     3.2        0        0        0        0        0        0     0.77
     3.4        0        0        0        0        0        0    0.776
     3.6        0        0        0        0        0        0    0.782
     3.8        0        0        0        0        0        0    0.788
       4        0        0        0        0        0        0    0.794
     4.2        0        0        0        0        0        0    0.799
     4.4        0        0        0        0        0        0    0.804
     4.6        0        0        0        0        0        0     0.81
     4.8        0        0        0        0        0        0    0.815
       5        0        0        0        0        0        0     0.82
     5.2        0        0        0        0        0        0    0.825
     5.4        0        0        0        0        0        0    0.829
     5.6        0        0        0        0        0        0    0.834
     5.8        0        0        0        0        0        0    0.838
       6        0        0        0        0        0        0    0.843
     6.2        0        0        0        0        0        0    0.847
     6.4        0        0        0        0        0        0    0.851
     6.6        0        0        0        0        0        0    0.855
     6.8        0        0        0        0        0        0    0.859
       7        0        0        0        0        0        0    0.862
     7.2        0        0        0        0        0        0    0.866
     7.4        0        0        0        0        0        0    0.869
     7.6        0        0        0        0        0        0    0.873
     7.8        0        0        0        0        0        0    0.876
       8        0        0        0        0        0        0    0.879
     8.2        0        0        0        0        0        0    0.882
     8.4        0        0        0        0        0        0    0.885
     8.6        0        0        0        0        0        0    0.888
     8.8        0        0        0        0        0        0    0.891
       9        0        0        0        0        0        0    0.893
     9.2        0        0        0        0        0        0    0.896
     9.4        0        0        0        0        0        0    0.898
     9.6        0        0        0        0        0        0      0.9
     9.8        0        0        0        0        0        0    0.903
      10        0        0        0        0        0        0    0.905
    10.2        0        0        0        0        0        0    0.907
    10.4        0        0        0        0        0        0    0.909
    10.6        0        0        0        0        0        0     0.91
    10.8        0        0        0        0        0        0    0.912
      11        0        0        0        0        0        0    0.914
    11.2        0        0        0        0        0        0    0.915
    11.4        0        0        0        0        0        0    0.917
    11.6        0        0        0        0        0        0    0.918
    11.8        0        0        0        0        0        0    0.919
      12        0        0        0        0        0        0    0.921
    12.2        0        0        0        0        0        0    0.922
    12.4        0        0        0        0        0        0    0.923
    12.6        0        0        0        0        0        0    0.924
    12.8        0        0        0        0        0        0    0.925
      13        0        0        0        0        0        0    0.925
    13.2        0        0        0        0        0        0    0.926
    13.4        0        0        0        0        0        0    0.927
    13.6        0        0        0        0        0        0    0.927
    13.8        0        0        0        0        0        0    0.928
      14        0        0        0        0        0        0    0.928
    14.2        0        0        0        0        0        0    0.929
    14.4        0        0        0        0        0        0    0.929
    14.6        0        0        0        0        0        0    0.929
    14.8        0        0        0        0        0        0    0.929
      15        0        0        0        0        0        0    0.929
    15.2        0        0        0        0        0        0    0.929
    15.4        0        0        0        0        0        0    0.929
    15.6        0        0        0        0        0        0    0.929
    15.8        0        0        0        0        0        0    0.929
      16        0        0        0        0        0        0    0.928
    16.2        0        0        0        0        0        0    0.928
    16.4        0        0        0        0        0        0    0.927
    16.6        0        0        0        0        0        0    0.927
    16.8        0        0        0        0        0        0    0.926
      17        0        0        0        0        0        0    0.925
    17.2        0        0        0        0        0        0    0.925
    17.4        0        0        0        0        0        0    0.924
    17.6        0        0        0        0        0        0    0.923
    17.8        0        0        0        0        0        0    0.922
      18        0        0        0        0        0        0    0.921
    18.2        0        0        0        0        0        0    0.919
    18.4        0        0        0        0        0        0    0.918
    18.6        0        0        0        0        0        0    0.917
    18.8        0        0        0        0        0        0    0.915
      19        0        0        0        0        0        0    0.914
    19.2        0        0        0        0        0        0    0.912
    19.4        0        0        0        0        0        0     0.91
    19.6        0        0        0        0        0        0    0.909
    19.8        0        0        0        0        0        0    0.907
      20        0        0        0        0        0        0    0.905
    20.2        0        0        0        0        0        0    0.903
    20.4        0        0        0        0        0        0      0.9
    20.6        0        0        0        0        0        0    0.898
    20.8        0        0        0        0        0        0    0.896
      21        0        0        0        0        0        0    0.893
    21.2        0        0        0        0        0        0    0.891
    21.4        0        0        0        0        0        0    0.888
    21.6        0        0        0        0        0        0    0.885
    21.8        0        0        0        0        0        0    0.882
      22        0        0        0        0        0        0    0.879
    22.2        0        0        0        0        0        0    0.876
    22.4        0        0        0        0        0        0    0.873
    22.6        0        0        0        0        0        0    0.869
    22.8        0        0        0        0        0        0    0.866
      23        0        0        0        0        0        0    0.862
    23.2        0        0        0        0        0        0    0.859
    23.4        0        0        0        0        0        0    0.855
    23.6        0        0        0        0        0        0    0.851
    23.8        0        0        0        0        0        0    0.847
      24        0        0        0        0        0        0    0.843
    24.2        0        0        0        0        0        0    0.838
    24.4        0        0        0        0        0        0    0.834
    24.6        0        0        0        0        0        0    0.829
    24.8        0        0        0        0        0        0    0.825
      25        0        0        0        0        0        0     0.82
    25.2        0        0        0        0        0        0    0.815
    25.4        0        0        0        0        0        0     0.81
    25.6        0        0        0        0        0        0    0.804
    25.8        0        0        0        0        0        0    0.799
      26        0        0        0        0        0        0    0.794
    26.2        0        0        0        0        0        0    0.788
    26.4        0        0        0        0        0        0    0.782
    26.6        0        0        0        0        0        0    0.776
    26.8        0        0        0        0        0        0     0.77
      27        0        0        0        0        0        0    0.764
    27.2        0        0        0        0        0        0    0.758
    27.4        0        0        0        0        0        0    0.751
    27.6        0        0        0        0        0        0    0.745
    27.8        0        0        0        0        0        0    0.738
      28        0        0        0        0        0        0    0.731
    28.2        0        0        0        0        0        0    0.724
    28.4        0        0        0        0        0        0    0.717
    28.6        0        0        0        0        0        0     0.71
    28.8        0        0        0        0        0        0    0.703
      29        0        0        0        0        0        0    0.695
    29.2        0        0        0        0        0        0    0.688
    29.4        0        0        0        0        0        0     0.68
    29.6        0        0        0        0        0        0    0.672
    29.8        0        0        0        0        0        0    0.664
      30        0        0        0        0        0        0    0.656
    30.2        0        0        0        0        0        0    0.648
    30.4        0        0        0        0        0        0     0.64
    30.6        0        0        0        0        0        0    0.632
    30.8        0        0        0        0        0        0    0.624
      31        0        0        0        0        0        0    0.615
    31.2        0        0        0        0        0        0    0.607
    31.4        0        0        0        0        0        0    0.598
    31.6        0        0        0        0        0        0    0.589
    31.8        0        0        0        0        0        0    0.581
      32        0        0        0        0        0        0    0.572
    32.2        0        0        0        0        0        0    0.563
    32.4        0        0        0        0        0        0    0.554
    32.6        0        0        0        0        0        0    0.545
    32.8        0        0        0        0        0        0    0.536
      33        0        0        0        0        0        0    0.527
    33.2        0        0        0        0        0        0    0.518
    33.4        0        0        0        0        0        0    0.509
    33.6        0        0        0        0        0        0      0.5
    33.8        0        0        0        0        0        0    0.491
      34        0        0        0        0        0        0    0.482
    34.2        0        0        0        0        0        0    0.473
    34.4        0        0        0        0        0        0    0.464
    34.6        0        0        0        0        0        0    0.455
    34.8        0        0        0        0        0        0    0.446
      35        0        0        0        0        0        0    0.437
    35.2        0        0        0        0        0        0    0.428
    35.4        0        0        0        0        0        0     0.42
    35.6        0        0        0        0        0        0    0.411
    35.8        0        0        0        0        0        0    0.402
      36        0        0        0        0        0        0    0.393
    36.2        0        0        0        0        0        0    0.385
    36.4        0        0        0        0        0        0    0.376
    36.6        0        0        0        0        0        0    0.367
    36.8        0        0        0        0        0        0    0.359
      37        0        0        0        0        0        0    0.351
    37.2        0        0        0        0        0        0    0.342
    37.4        0        0        0        0        0        0    0.334
    37.6        0        0        0        0        0        0    0.326
    37.8        0        0        0        0        0        0    0.318
      38        0        0        0        0        0        0     0.31
    38.2        0        0        0        0        0        0    0.302
    38.4        0        0        0        0        0        0    0.295
    38.6        0        0        0        0        0        0    0.287
    38.8        0        0        0        0        0        0    0.279
      39        0        0        0        0        0        0    0.272
    39.2        0        0        0        0        0        0    0.265
    39.4        0        0        0        0        0        0    0.258
    39.6        0        0        0        0        0        0    0.251
    39.8        0        0        0        0        0        0    0.244
      40        0        0        0        0        0        0    0.237
    40.2        0        0        0        0        0        0     0.23
    40.4        0        0        0        0        0        0    0.224
    40.6        0        0        0        0        0        0    0.218
    40.8        0        0        0        0        0        0    0.211
      41        0        0        0        0        0        0    0.205
    41.2        0        0        0        0        0        0    0.199
    41.4        0        0        0        0        0        0    0.193
    41.6        0        0        0        0        0        0    0.188
    41.8        0        0        0        0        0        0    0.182
      42        0        0        0        0        0        0    0.176
    42.2        0        0        0        0        0        0    0.171
    42.4        0        0        0        0        0        0    0.166
    42.6        0        0        0        0        0        0    0.161
    42.8        0        0        0        0        0        0    0.156
      43        0        0        0        0        0        0    0.151
    43.2        0        0        0        0        0        0    0.146
    43.4        0        0        0        0        0        0    0.142
    43.6        0        0        0        0        0        0    0.137
    43.8        0        0        0        0        0        0    0.133
      44        0        0        0        0        0        0    0.128
    44.2        0        0        0        0        0        0    0.124
    44.4        0        0        0        0        0        0     0.12
    44.6        0        0        0        0        0        0    0.116
    44.8        0        0        0        0        0        0    0.112
      45        0        0        0        0        0        0    0.109
    45.2        0        0        0        0        0        0    0.105
    45.4        0        0        0        0        0        0    0.102
    45.6        0        0        0        0        0        0   0.0982
    45.8        0        0        0        0        0        0   0.0949
      46        0        0        0        0        0        0   0.0917
    46.2        0        0        0        0        0        0   0.0886
    46.4        0        0        0        0        0        0   0.0856
    46.6        0        0        0        0        0        0   0.0827
    46.8        0        0        0        0        0        0   0.0799
      47        0        0        0        0        0        0   0.0771
    47.2        0        0        0        0        0        0   0.0745
    47.4        0        0        0        0        0        0   0.0719
    47.6        0        0        0        0        0        0   0.0694
    47.8        0        0        0        0        0        0    0.067
      48        0        0        0        0        0        0   0.0647
    48.2        0        0        0        0        0        0   0.0624
    48.4        0        0        0        0        0        0   0.0602
    48.6        0        0        0        0        0        0   0.0581
    48.8        0        0        0        0        0        0   0.0561
      49        0        0        0        0        0        0   0.0541
    49.2        0        0        0        0        0        0   0.0522
    49.4        0        0        0        0        0        0   0.0503
    49.6        0        0        0        0        0        0   0.0485
    49.8        0        0        0        0        0        0   0.0468
      50        0        0        0        0        0        0   0.0451
    50.2        0        0        0        0        0        0   0.0435
    50.4        0        0        0        0        0        0   0.0419
    50.6        0        0        0        0        0        0   0.0404
    50.8        0        0        0        0        0        0    0.039
      51        0        0        0        0        0        0   0.0376
    51.2        0        0        0        0        0        0   0.0362
    51.4        0        0        0        0        0        0   0.0349
    51.6        0        0        0        0        0        0   0.0336
    51.8        0        0        0        0        0        0   0.0324
      52        0        0        0        0        0        0   0.0312
    52.2        0        0        0        0        0        0   0.0301
    52.4        0        0        0        0        0        0    0.029
    52.6        0        0        0        0        0        0    0.028
    52.8        0        0        0        0        0        0   0.0269
      53        0        0        0        0        0        0    0.026
    53.2        0        0        0        0        0        0    0.025
    53.4        0        0        0        0        0        0   0.0241
    53.6        0        0        0        0        0        0   0.0232
    53.8        0        0        0        0        0        0   0.0223
      54        0        0        0        0        0        0   0.0215
    54.2        0        0        0        0        0        0   0.0207
    54.4        0        0        0        0        0        0     0.02
    54.6        0        0        0        0        0        0   0.0192
    54.8        0        0        0        0        0        0   0.0185
      55        0        0        0        0        0        0   0.0178
    55.2        0        0        0        0        0        0   0.0172
    55.4        0        0        0        0        0        0   0.0165
    55.6        0        0        0        0        0        0   0.0159
    55.8        0        0        0        0        0        0   0.0153
      56        0        0        0        0        0        0   0.0148
    56.2        0        0        0        0        0        0   0.0142
    56.4        0        0        0        0        0        0   0.0137
    56.6        0        0        0        0        0        0   0.0132
    56.8        0        0        0        0        0        0   0.0127
      57        0        0        0        0        0        0   0.0122
    57.2        0        0        0        0        0        0   0.0118
    57.4        0        0        0        0        0        0   0.0113
    57.6        0        0        0        0        0        0   0.0109
    57.8        0        0        0        0        0        0   0.0105
      58        0        0        0        0        0        0   0.0101
    58.2        0        0        0        0        0        0  0.00974
    58.4        0        0        0        0        0        0  0.00937
    58.6        0        0        0        0        0        0  0.00902
    58.8        0        0        0        0        0        0  0.00869
      59        0        0        0        0        0        0  0.00836
    59.2        0        0        0        0        0        0  0.00805
    59.4        0        0        0        0        0        0  0.00775
    59.6        0        0        0        0        0        0  0.00746
    59.8        0        0        0        0        0        0  0.00718
      60        0        0        0        0        0        0  0.00691
    60.2        0        0        0        0        0        0  0.00665
    60.4        0        0        0        0        0        0   0.0064
    60.6        0        0        0        0        0        0  0.00616
    60.8        0        0        0        0        0        0  0.00593
      61        0        0        0        0        0        0  0.00571
    61.2        0        0        0        0        0        0   0.0055
    61.4        0        0        0        0        0        0  0.00529
    61.6        0        0        0        0        0        0  0.00509
    61.8        0        0        0        0        0        0   0.0049
      62        0        0        0        0        0        0  0.00472
    62.2        0        0        0        0        0        0  0.00454
    62.4        0        0        0        0        0        0  0.00437
    62.6        0        0        0        0        0        0  0.00421
    62.8        0        0        0        0        0        0  0.00405
      63        0        0        0        0        0        0   0.0039
    63.2        0        0        0        0        0        0  0.00375
    63.4        0        0        0        0        0        0  0.00361
    63.6        0        0        0        0        0        0  0.00347
    63.8        0        0        0        0        0        0  0.00334
      64        0        0        0        0        0        0  0.00322
    64.2        0        0        0        0        0        0   0.0031
    64.4        0        0        0        0        0        0  0.00298
    64.6        0        0        0        0        0        0  0.00287
    64.8        0        0        0        0        0        0  0.00276
      65        0        0        0        0        0        0  0.00266
    65.2        0        0        0        0        0        0  0.00256
    65.4        0        0        0        0        0        0  0.00246
    65.6        0        0        0        0        0        0  0.00237
    65.8        0        0        0        0        0        0  0.00228
      66        0        0        0        0        0        0  0.00219
    66.2        0        0        0        0        0        0  0.00211
    66.4        0        0        0        0        0        0  0.00203
    66.6        0        0        0        0        0        0  0.00195
    66.8        0        0        0        0        0        0  0.00188
      67        0        0        0        0        0        0  0.00181
    67.2        0        0        0        0        0        0  0.00174
    67.4        0        0        0        0        0        0  0.00168
    67.6        0        0        0        0        0        0  0.00161
    67.8        0        0        0        0        0        0  0.00155
      68        0        0        0        0        0        0  0.00149
    68.2        0        0        0        0        0        0  0.00144
    68.4        0        0        0        0        0        0  0.00138
    68.6        0        0        0        0        0        0  0.00133
    68.8        0        0        0        0        0        0  0.00128
      69        0        0        0        0        0        0  0.00123
    69.2        0        0        0        0        0        0  0.00119
    69.4        0        0        0        0        0        0  0.00114
    69.6        0        0        0        0        0        0   0.0011
    69.8        0        0        0        0        0        0  0.00106
      70        0        0        0        0        0        0  0.00102
    70.2        0        0        0        0        0        0 0.000979
    70.4        0        0        0        0        0        0 0.000942
    70.6        0        0        0        0        0        0 0.000907
    70.8        0        0        0        0        0        0 0.000873
      71        0        0        0        0        0        0  0.00084
    71.2        0        0        0        0        0        0 0.000808
    71.4        0        0        0        0        0        0 0.000778
    71.6        0        0        0        0        0        0 0.000748
    71.8        0        0        0        0        0        0  0.00072
      72        0        0        0        0        0        0 0.000693
    72.2        0        0        0        0        0        0 0.000667
    72.4        0        0        0        0        0        0 0.000642
    72.6        0        0        0        0        0        0 0.000617
    72.8        0        0        0        0        0        0 0.000594
      73        0        0        0        0        0        0 0.000572
    73.2        0        0        0        0        0        0  0.00055
    73.4        0        0        0        0        0        0 0.000529
    73.6        0        0        0        0        0        0 0.000509
    73.8        0        0        0        0        0        0  0.00049
      74        0        0        0        0        0        0 0.000472
    74.2        0        0        0        0        0        0 0.000454
    74.4        0        0        0        0        0        0 0.000437
    74.6        0        0        0        0        0        0  0.00042
    74.8        0        0        0        0        0        0 0.000405
      75        0        0        0        0        0        0 0.000389
    75.2        0        0        0        0        0        0 0.000375
    75.4        0        0        0        0        0        0  0.00036
    75.6        0        0        0        0        0        0 0.000347
    75.8        0        0        0        0        0        0 0.000334
      76        0        0        0        0        0        0 0.000321
    76.2        0        0        0        0        0        0 0.000309
    76.4        0        0        0        0        0        0 0.000297
    76.6        0        0        0        0        0        0 0.000286
    76.8        0        0        0        0        0        0 0.000275
      77        0        0        0        0        0        0 0.000265
    77.2        0        0        0        0        0        0 0.000255
    77.4        0        0        0        0        0        0 0.000245
    77.6        0        0        0        0        0        0 0.000236
    77.8        0        0        0        0        0        0 0.000227
      78        0        0        0        0        0        0 0.000219
    78.2        0        0        0        0        0        0  0.00021
    78.4        0        0        0        0        0        0 0.000202
    78.6        0        0        0        0        0        0 0.000195
    78.8        0        0        0        0        0        0 0.000187
      79        0        0        0        0        0        0  0.00018
    79.2        0        0        0        0        0        0 0.000174
    79.4        0        0        0        0        0        0 0.000167
    79.6        0        0        0        0        0        0 0.000161
    79.8        0        0        0        0        0        0 0.000155
      80        0        0        0        0        0        0 0.000149
    80.2        0        0        0        0        0        0 0.000143
    80.4        0        0        0        0        0        0 0.000138
    80.6        0        0        0        0        0        0 0.000133
    80.8        0        0        0        0        0        0 0.000128
      81        0        0        0        0        0        0 0.000123
    81.2        0        0        0        0        0        0 0.000118
    81.4        0        0        0        0        0        0 0.000114
    81.6        0        0        0        0        0        0 0.000109
    81.8        0        0        0        0        0        0 0.000105
      82        0        0        0        0        0        0 0.000101
    82.2        0        0        0        0        0        0 9.76e-05
    82.4        0        0        0        0        0        0 9.38e-05
    82.6        0        0        0        0        0        0 9.03e-05
    82.8        0        0        0        0        0        0 8.69e-05
      83        0        0        0        0        0        0 8.36e-05
    83.2        0        0        0        0        0        0 8.05e-05
    83.4        0        0        0        0        0        0 7.74e-05
    83.6        0        0        0        0        0        0 7.45e-05
    83.8        0        0        0        0        0        0 7.17e-05
      84        0        0        0        0        0        0  6.9e-05
    84.2        0        0        0        0        0        0 6.64e-05
    84.4        0        0        0        0        0        0 6.39e-05
    84.6        0        0        0        0        0        0 6.15e-05
    84.8        0        0        0        0        0        0 5.91e-05
      85        0        0        0        0        0        0 5.69e-05
    85.2        0        0        0        0        0        0 5.48e-05
    85.4        0        0        0        0        0        0 5.27e-05
    85.6        0        0        0        0        0        0 5.07e-05
    85.8        0        0        0        0        0        0 4.88e-05
      86        0        0        0        0        0        0  4.7e-05
    86.2        0        0        0        0        0        0 4.52e-05
    86.4        0        0        0        0        0        0 4.35e-05
    86.6        0        0        0        0        0        0 4.21e-05
