-25 9.58e-07 1.4e-05 1 9.29e-06
-24.6 1.07e-06 1.66e-05 1 1.89e-05
-24.2 1.19e-06 1.94e-05 1 2.27e-05
-23.8 1.36e-06 2.29e-05 1 2.92e-05
-23.4 1.58e-06 2.72e-05 1 3.7e-05
-23 1.88e-06 3.28e-05 1 4.7e-05
-22.6 2.28e-06 4.01e-05 1 5.97e-05
-22.2 2.83e-06 4.94e-05 1 7.49e-05
-21.8 3.56e-06 6.18e-05 1 9.11e-05
-21.4 4.51e-06 7.76e-05 1 0.000111
-21 5.77e-06 9.78e-05 1 0.000133
-20.6 7.38e-06 0.000124 1 0.000158
-20.2 9.48e-06 0.000156 1 0.000189
-19.8 1.22e-05 0.000198 1 0.000221
-19.4 1.56e-05 0.00025 1 0.000262
-19 2.01e-05 0.000317 1 0.000311
-18.6 2.58e-05 0.0004 1 0.00037
-18.2 3.33e-05 0.000506 1 0.000443
-17.8 4.3e-05 0.00064 1 0.000518
-17.4 5.52e-05 0.000808 1 0.000615
-17 7.13e-05 0.00102 1 0.000737
-16.6 9.21e-05 0.00129 1 0.000875
-16.2 0.000119 0.00163 1 0.00104
-15.8 0.000154 0.00207 1 0.00125
-15.4 0.0002 0.00261 1 0.0015
-15 0.00026 0.00331 1 0.0018
-14.6 0.000339 0.00418 1 0.00218
-14.2 0.000444 0.00529 1 0.00269
-13.8 0.000587 0.00669 1 0.00329
-13.4 0.000777 0.00846 1 0.00399
-13 0.00103 0.0107 1 0.00493
-12.6 0.00138 0.0135 1 0.00609
-12.2 0.00185 0.017 1 0.00741
-11.8 0.00248 0.0215 1 0.00904
-11.4 0.00333 0.027 1 0.0111
-11 0.00449 0.0338 1 0.0135
-10.6 0.00602 0.0421 1 0.0161
-10.2 0.00804 0.0522 1 0.0193
-9.8 0.0107 0.0644 1 0.0231
-9.4 0.0142 0.079 1 0.0271
-9 0.0186 0.0962 1 0.031
-8.6 0.0241 0.116 1 0.0356
-8.2 0.031 0.139 1 0.0407
-7.8 0.0395 0.165 1 0.0458
-7.4 0.0498 0.195 1 0.0508
-7 0.062 0.228 1 0.0561
-6.6 0.0765 0.263 1 0.0613
-6.2 0.0933 0.302 1 0.0669
-5.8 0.113 0.344 1 0.0718
-5.4 0.135 0.387 1 0.0747
-5 0.159 0.433 1 0.0784
-4.6 0.186 0.48 1 0.0831
-4.2 0.216 0.527 1 0.0874
-3.8 0.249 0.575 1 0.0888
-3.4 0.283 0.622 1 0.0901
-3 0.32 0.667 1 0.0926
-2.6 0.359 0.711 1 0.0927
-2.2 0.399 0.752 1 0.0917
-1.8 0.44 0.789 1 0.091
-1.4 0.482 0.823 1 0.0893
-1 0.524 0.852 1 0.0859
-0.6 0.565 0.877 1 0.0837
-0.2 0.607 0.897 1 0.0808
0.2 0.647 0.912 1 0.0752
0.6 0.685 0.922 1 0.0709
1 0.722 0.927 1 0.0669
1.4 0.757 0.928 1.09 0.0613
1.8 0.789 0.925 1.1 0.0559
2.2 0.819 0.919 1.11 0.0508
2.6 0.846 0.909 1.11 0.0458
3 0.871 0.896 1.12 0.0402
3.4 0.892 0.882 1.12 0.0346
3.8 0.911 0.867 1.13 0.031
4.2 0.928 0.85 1.13 0.0265
4.6 0.942 0.833 1.13 0.0221
5 0.954 0.817 1.14 0.0186
5.4 0.964 0.801 1.14 0.0152
5.8 0.972 0.786 1.14 0.0118
6.2 0.978 0.772 1.14 0.00924
6.6 0.983 0.759 1.14 0.00838
7 0.988 0.748 1.14 0.0067
7.4 0.991 0.738 1.14 0.00418
7.8 0.993 0.73 1.15 0.00334
8.2 0.995 0.723 1.15 0.0025
8.6 0.996 0.717 1.14 0.00167
9 0.997 0.712 1.14 0.00167
9.4 0.998 0.708 1.15 0.00167
9.8 0.999 0.705 1.15 0.000834
10.2 0.999 0.702 1.15 0
10.6 0.999 0.7 1.15 0
11 0.999 0.699 1.15 0
11.4 0.999 0.698 1.15 0
11.8 0.999 0.698 1.15 0
12.2 0.999 0.698 1.15 0
12.6 0.999 0.698 1.15 0.000833
13 1 0.699 1.15 0.000833
13.4 1 0.7 1.15 0
13.8 1 0.702 1.15 0
14.2 1 0.705 1.15 0
14.6 1 0.708 1.14 0
15 1 0.712 1.14 0
15.4 1 0.717 1.14 0
15.8 1 0.723 1.14 0.00832
16.2 1.01 0.73 1.13 0.00832
16.6 1.01 0.738 1.12 0
17 1.01 0.748 1.11 0.00829
17.4 1.02 0.759 1.1 0.00829
17.8 1.02 0.772 1.09 0.00827
18.2 1.03 0.786 1.08 0.0165
18.6 1.04 0.801 1.06 0.0165
19 1.05 0.817 1.04 0.0164
19.4 1.06 0.833 1.01 0.0163
19.8 1.07 0.85 0.977 0.0244
20.2 1.09 0.867 0.942 0.0324
20.6 1.11 0.882 0.904 0.0322
21 1.13 0.896 0.861 0.032
21.4 1.15 0.909 0.815 0.0397
21.8 1.18 0.919 0.767 0.0473
22.2 1.21 0.925 0.716 0.0469
22.6 1.24 0.928 0.665 0.0542
23 1.28 0.927 0.613 0.0538
23.4 1.31 0.922 0.561 0.0532
23.8 1.35 0.912 0.511 0.0603
24.2 1.39 0.897 0.462 0.0597
24.6 1.43 0.877 0.415 0.0592
25 1.47 0.852 0.371 0.0659
25.4 1.52 0.823 0.33 0.0653
25.8 1.56 0.789 0.291 0.0575
26.2 1.6 0.752 0.255 0.057
26.6 1.64 0.711 0.222 0.0565
27 1.68 0.667 0.192 0.0561
27.4 1.72 0.622 0.166 0.0487
27.8 1.75 0.575 0.142 0.0415
28.2 1.78 0.527 0.12 0.0413
28.6 1.81 0.48 0.101 0.041
29 1.84 0.433 0.0845 0.0408
29.4 1.87 0.387 0.0702 0.0339
29.8 1.89 0.344 0.0578 0.027
30.2 1.91 0.302 0.0473 0.0202
30.6 1.92 0.263 0.0385 0.0201
31 1.94 0.228 0.0312 0.0201
31.4 1.95 0.195 0.025 0.0133
31.8 1.96 0.165 0.02 0.0133
32.2 1.97 0.139 0.0159 0.0133
32.6 1.98 0.116 0.0126 0.00664
33 1.98 0.0962 0.00998 0.00663
33.4 1.99 0.079 0.00787 0.00663
33.8 1.99 0.0644 0.00619 0
34.2 1.99 0.0522 0.00485 0
34.6 1.99 0.0421 0.0038 0.00662
35 2 0.0338 0.00297 0.00662
35.4 2 0.027 0.00232 0
35.8 2 0.0215 0.00181 0
36.2 2 0.017 0.00141 0
36.6 2 0.0135 0.0011 0
37 2 0.0107 0.000861 0
37.4 2 0.00846 0.000671 0
37.8 2 0.00669 0.000523 0
38.2 2 0.00529 0.000408 0
38.6 2 0.00418 0.000318 0
39 2 0.00331 0.000248 0
39.4 2 0.00261 0.000193 0
39.8 2 0.00207 0.00015 0
40.2 2 0.00163 0.000117 0
40.6 2 0.00129 9.11e-05 0
41 2 0.00102 7.1e-05 0
41.4 2 0.000808 5.53e-05 0
41.8 2 0.00064 4.31e-05 0
42.2 2 0.000506 3.36e-05 0
42.6 2 0.0004 2.61e-05 0
43 2 0.000317 2.04e-05 0
43.4 2 0.00025 1.59e-05 0
43.8 2 0.000198 1.23e-05 0
44.2 2 0.000156 9.61e-06 0
44.6 2 0.000124 7.49e-06 0
45 2 9.76e-05 5.84e-06 0
45.4 2 7.71e-05 4.54e-06 0
45.8 2 6.09e-05 3.54e-06 0
46.2 2 4.8e-05 2.75e-06 0
46.6 2 3.8e-05 2.14e-06 0
47 2 3e-05 1.67e-06 0
47.4 2 2.37e-05 1.3e-06 0
47.8 2 1.87e-05 1.01e-06 0
48.2 2 1.48e-05 7.9e-07 0
48.6 2 1.16e-05 6.15e-07 0
49 2 9.2e-06 4.79e-07 0
49.4 2 7.26e-06 3.73e-07 0
49.8 2 5.73e-06 2.9e-07 0
50.2 2 4.53e-06 2.26e-07 0
50.6 2 3.56e-06 1.76e-07 0
51 2 2.81e-06 1.37e-07 0
51.4 2 2.21e-06 1.07e-07 0
51.8 2 1.74e-06 8.33e-08 0
52.2 2 1.37e-06 6.48e-08 0
52.6 2 1.08e-06 5.05e-08 0
53 2 8.51e-07 3.93e-08 0
53.4 2 6.71e-07 3.06e-08 0
53.8 2 5.28e-07 2.38e-08 0
54.2 2 4.15e-07 1.86e-08 0
54.6 2 3.27e-07 1.45e-08 0
55 2 2.56e-07 1.13e-08 0
55.4 2 2.01e-07 8.78e-09 0
55.8 2 1.58e-07 6.84e-09 0
56.2 2 1.25e-07 5.32e-09 0
56.6 2 9.82e-08 4.14e-09 0
57 2 7.77e-08 3.23e-09 0
57.4 2 6.16e-08 2.51e-09 0
57.8 2 4.89e-08 1.96e-09 0
58.2 2 3.9e-08 1.53e-09 0
58.6 2 3.09e-08 1.19e-09 0
59 2 2.46e-08 9.24e-10 0
59.4 2 1.94e-08 7.19e-10 0
59.8 2 1.55e-08 5.6e-10 0
60.2 2 1.23e-08 4.36e-10 0
60.6 2 9.73e-09 3.4e-10 0
61 2 7.93e-09 2.65e-10 0
61.4 2 6.35e-09 2.06e-10 0
61.8 2 5.15e-09 1.61e-10 0
62.2 2 4.31e-09 1.25e-10 0
62.6 2 3.79e-09 9.75e-11 0
63 2 3.13e-09 7.59e-11 0
63.4 2 2.86e-09 5.91e-11 0
63.8 2 2.61e-09 4.62e-11 0
64.2 2 2.41e-09 3.55e-11 0
64.7 2 2.51e-09 2.64e-11 0
65.3 2 2.45e-09 1.91e-11 0
65.7 2 2.39e-09 1.3e-11 0
66.6 2 2.42e-09 8.35e-12 0
67.6 2 2.56e-09 4.63e-12 0
68.2 2 2.74e-09 2.54e-12 0
69.2 2 2.92e-09 1.7e-12 0
69.7 2 2.8e-09 1.09e-12 0
70.2 2 2.84e-09 8.13e-13 0
70.8 2 2.78e-09 5.76e-13 0
71.4 2 2.61e-09 3.98e-13 0
72.1 2 2.55e-09 2.79e-13 0
72.5 2 2.57e-09 1.92e-13 0
73.2 2 2.65e-09 1.15e-13 0
74.6 2 2.67e-09 6.02e-14 0
75.6 2 2.69e-09 2.76e-14 0
76.3 2 2.65e-09 1.91e-14 0
77 2 2.6e-09 1.17e-14 0
77.5 2 2.54e-09 7.64e-15 0
78.6 2 2.43e-09 4.58e-15 0
79.2 2 2.36e-09 2.83e-15 0
79.6 2 2.22e-09 2.04e-15 0
80.8 2 2.11e-09 1.32e-15 0
81.2 2 1.91e-09 8e-16 0
82 2 1.81e-09 5.45e-16 0
82.7 2 1.55e-09 3.04e-16 0
84.8 2 1.39e-09 1.19e-16 0
86.5 2 1.19e-09 3.37e-17 0
86.9 2 9.99e-10 2.39e-17 0
87.3 2 8.4e-10 1.57e-17 0
87.7 2 6.42e-10 1.5e-17 0
88.1 2 5.6e-10 1.17e-17 0
88.5 2 4.05e-10 9.1e-18 0
88.9 2 3.01e-10 7.08e-18 0
89.3 2 2.32e-10 5.51e-18 0
89.7 2 2.53e-10 4.29e-18 0
90.1 2 2.63e-10 3.35e-18 0
90.5 2 2.67e-10 2.6e-18 0
90.9 2 3.54e-10 2.03e-18 0
91.3 2 3.67e-10 1.58e-18 0
91.7 2 3.93e-10 1.23e-18 0
92.1 2 3.87e-10 9.57e-19 0
92.5 2 3.86e-10 7.46e-19 0
92.9 2 3.86e-10 5.81e-19 0
93.3 2 3.86e-10 4.53e-19 0
93.7 2 3.86e-10 3.52e-19 0
94.1 2 3.86e-10 2.74e-19 0
94.5 2 3.86e-10 2.14e-19 0
94.9 2 3.86e-10 1.67e-19 0
95.3 2 3.86e-10 1.3e-19 0
95.7 2 3.86e-10 1.01e-19 0
96.1 2 3.86e-10 7.86e-20 0
96.5 2 3.86e-10 6.13e-20 0
96.9 2 3.86e-10 4.77e-20 0
97.3 2 3.86e-10 3.71e-20 0
97.7 2 3.86e-10 2.89e-20 0
98.1 2 3.86e-10 2.25e-20 0
98.5 2 3.86e-10 1.76e-20 0
98.9 2 3.86e-10 1.37e-20 0
99.3 2 3.86e-10 1.04e-20 0
99.7 2 3.86e-10 8.45e-21 0
