-25 4.4e-06 5.85e-05 1 4.15e-05
-24.6 5.24e-06 7.11e-05 1 8.44e-05
-24.2 6.16e-06 8.46e-05 1 9.07e-05
-23.8 7.24e-06 0.0001 1 0.000103
-23.4 8.57e-06 0.000119 1 0.000124
-23 1.03e-05 0.000142 1 0.000146
-22.6 1.24e-05 0.00017 1 0.000172
-22.2 1.51e-05 0.000205 1 0.000208
-21.8 1.86e-05 0.00025 1 0.00025
-21.4 2.31e-05 0.000305 1 0.000294
-21 2.87e-05 0.000373 1 0.000344
-20.6 3.58e-05 0.000457 1 0.000403
-20.2 4.47e-05 0.000561 1 0.00047
-19.8 5.59e-05 0.000688 1 0.000547
-19.4 6.99e-05 0.000844 1 0.000636
-19 8.75e-05 0.00103 1 0.000731
-18.6 0.000109 0.00127 1 0.000858
-18.2 0.000137 0.00155 1 0.000999
-17.8 0.000171 0.0019 1 0.00115
-17.4 0.000214 0.00233 1 0.00134
-17 0.000268 0.00286 1 0.00157
-16.6 0.000336 0.0035 1 0.00184
-16.2 0.000422 0.00428 1 0.00213
-15.8 0.000529 0.00524 1 0.00248
-15.4 0.000664 0.00641 1 0.00292
-15 0.000836 0.00784 1 0.0034
-14.6 0.00105 0.00959 1 0.00402
-14.2 0.00133 0.0117 1 0.00475
-13.8 0.00168 0.0143 1 0.00558
-13.4 0.00213 0.0175 1 0.00657
-13 0.0027 0.0213 1 0.00774
-12.6 0.00343 0.0259 1 0.00912
-12.2 0.00436 0.0316 1 0.0108
-11.8 0.00555 0.0383 1 0.0127
-11.4 0.00707 0.0464 1 0.0149
-11 0.009 0.0561 1 0.0173
-10.6 0.0114 0.0675 1 0.0202
-10.2 0.0145 0.0808 1 0.0235
-9.8 0.0183 0.0965 1 0.0268
-9.4 0.023 0.115 1 0.0304
-9 0.0287 0.135 1 0.0344
-8.6 0.0357 0.159 1 0.0389
-8.2 0.0441 0.185 1 0.0433
-7.8 0.0541 0.215 1 0.0479
-7.4 0.0659 0.247 1 0.0527
-7 0.0797 0.282 1 0.0572
-6.6 0.0955 0.32 1 0.0624
-6.2 0.114 0.361 1 0.0662
-5.8 0.134 0.403 1 0.0699
-5.4 0.157 0.447 1 0.0741
-5 0.182 0.493 1 0.0764
-4.6 0.209 0.539 1 0.08
-4.2 0.239 0.586 1 0.0832
-3.8 0.271 0.632 1 0.085
-3.4 0.305 0.677 1 0.0866
-3 0.341 0.72 1 0.0871
-2.6 0.378 0.761 1 0.0876
-2.2 0.417 0.799 1 0.0871
-1.8 0.456 0.833 1 0.0855
-1.4 0.496 0.864 1 0.0832
-1 0.535 0.89 1 0.0811
-0.6 0.575 0.912 1 0.0782
-0.2 0.613 0.929 1 0.0746
0.2 0.651 0.941 1 0.0712
0.6 0.687 0.949 1 0.0671
1 0.722 0.953 1 0.0632
1.4 0.755 0.952 1.08 0.0577
1.8 0.785 0.948 1.08 0.0533
2.2 0.814 0.94 1.09 0.0482
2.6 0.839 0.929 1.09 0.0433
3 0.863 0.917 1.1 0.0394
3.4 0.884 0.902 1.1 0.0339
3.8 0.902 0.886 1.1 0.0302
4.2 0.919 0.87 1.1 0.0266
4.6 0.933 0.853 1.11 0.0222
5 0.945 0.836 1.11 0.0187
5.4 0.955 0.82 1.11 0.0161
5.8 0.964 0.805 1.11 0.0135
6.2 0.971 0.79 1.11 0.0109
6.6 0.977 0.777 1.11 0.00924
7 0.982 0.765 1.11 0.00755
7.4 0.986 0.754 1.11 0.00586
7.8 0.989 0.744 1.12 0.00418
8.2 0.991 0.736 1.12 0.00334
8.6 0.993 0.729 1.12 0.00334
9 0.995 0.723 1.12 0.0025
9.4 0.996 0.718 1.11 0.00167
9.8 0.997 0.714 1.12 0.00167
10.2 0.998 0.71 1.12 0.000834
10.6 0.998 0.707 1.12 0.000834
11 0.999 0.705 1.12 0.000834
11.4 0.999 0.703 1.12 0
11.8 0.999 0.702 1.12 0
12.2 0.999 0.701 1.12 0
12.6 0.999 0.7 1.12 0
13 0.999 0.7 1.12 0.000833
13.4 1 0.7 1.12 0.000833
13.8 1 0.701 1.12 0
14.2 1 0.702 1.12 0
14.6 1 0.703 1.12 0
15 1 0.705 1.12 0
15.4 1 0.707 1.12 0
15.8 1 0.71 1.11 0
16.2 1 0.714 1.11 0
16.6 1 0.718 1.11 0
17 1 0.723 1.11 0.00832
17.4 1.01 0.729 1.1 0.00832
17.8 1.01 0.736 1.1 0
18.2 1.01 0.744 1.09 0
18.6 1.01 0.754 1.08 0.00829
19 1.02 0.765 1.07 0.00829
19.4 1.02 0.777 1.06 0.00827
19.8 1.03 0.79 1.05 0.0165
20.2 1.04 0.805 1.03 0.00824
20.6 1.04 0.82 1.02 0.00821
21 1.05 0.836 0.993 0.0246
21.4 1.07 0.853 0.966 0.0245
21.8 1.08 0.87 0.937 0.0243
22.2 1.1 0.886 0.904 0.0323
22.6 1.12 0.902 0.869 0.0321
23 1.14 0.917 0.831 0.0319
23.4 1.16 0.929 0.789 0.0396
23.8 1.19 0.94 0.745 0.0394
24.2 1.21 0.948 0.699 0.039
24.6 1.24 0.952 0.652 0.0542
25 1.28 0.953 0.605 0.0538
25.4 1.31 0.949 0.558 0.0532
25.8 1.35 0.941 0.512 0.0603
26.2 1.39 0.929 0.466 0.0523
26.6 1.42 0.912 0.423 0.0518
27 1.46 0.89 0.381 0.0588
27.4 1.5 0.864 0.341 0.0582
27.8 1.54 0.833 0.304 0.0577
28.2 1.58 0.799 0.27 0.0572
28.6 1.62 0.761 0.238 0.0568
29 1.66 0.72 0.208 0.0493
29.4 1.69 0.677 0.182 0.0489
29.8 1.73 0.632 0.157 0.0486
30.2 1.76 0.586 0.136 0.0414
30.6 1.79 0.539 0.116 0.0412
31 1.82 0.493 0.0987 0.0342
31.4 1.84 0.447 0.0835 0.034
31.8 1.87 0.403 0.0703 0.0339
32.2 1.89 0.361 0.0589 0.0202
32.6 1.9 0.32 0.049 0.0202
33 1.92 0.282 0.0406 0.0201
33.4 1.93 0.247 0.0335 0.0201
33.8 1.95 0.215 0.0275 0.02
34.2 1.96 0.185 0.0225 0.00666
34.6 1.96 0.159 0.0184 0.00665
35 1.97 0.135 0.0149 0.0133
35.4 1.98 0.115 0.0121 0.00664
35.8 1.98 0.0965 0.00978 0.00663
36.2 1.99 0.0808 0.0079 0.00663
36.6 1.99 0.0675 0.00638 0
37 1.99 0.0561 0.00513 0
37.4 1.99 0.0464 0.00413 0.00662
37.8 2 0.0383 0.00332 0.00662
38.2 2 0.0316 0.00266 0
38.6 2 0.0259 0.00214 0
39 2 0.0213 0.00171 0
39.4 2 0.0175 0.00138 0
39.8 2 0.0143 0.0011 0
40.2 2 0.0117 0.000884 0
40.6 2 0.00959 0.000709 0
41 2 0.00784 0.000568 0
41.4 2 0.00641 0.000455 0
41.8 2 0.00524 0.000364 0
42.2 2 0.00428 0.000292 0
42.6 2 0.0035 0.000234 0
43 2 0.00286 0.000187 0
43.4 2 0.00233 0.00015 0
43.8 2 0.0019 0.00012 0
44.2 2 0.00155 9.61e-05 0
44.6 2 0.00127 7.69e-05 0
45 2 0.00103 6.16e-05 0
45.4 2 0.000844 4.93e-05 0
45.8 2 0.000688 3.95e-05 0
46.2 2 0.000561 3.17e-05 0
46.6 2 0.000457 2.54e-05 0
47 2 0.000372 2.03e-05 0
47.4 2 0.000303 1.63e-05 0
47.8 2 0.000247 1.3e-05 0
48.2 2 0.000201 1.04e-05 0
48.6 2 0.000163 8.36e-06 0
49 2 0.000133 6.69e-06 0
49.4 2 0.000108 5.35e-06 0
49.8 2 8.78e-05 4.29e-06 0
50.2 2 7.15e-05 3.43e-06 0
50.6 2 5.81e-05 2.75e-06 0
51 2 4.72e-05 2.2e-06 0
51.4 2 3.84e-05 1.76e-06 0
51.8 2 3.12e-05 1.41e-06 0
52.2 2 2.53e-05 1.13e-06 0
52.6 2 2.05e-05 9.04e-07 0
53 2 1.67e-05 7.24e-07 0
53.4 2 1.35e-05 5.81e-07 0
53.8 2 1.1e-05 4.65e-07 0
54.2 2 8.9e-06 3.72e-07 0
54.6 2 7.23e-06 2.98e-07 0
55 2 5.86e-06 2.39e-07 0
55.4 2 4.76e-06 1.91e-07 0
55.8 2 3.86e-06 1.53e-07 0
56.2 2 3.13e-06 1.22e-07 0
56.6 2 2.54e-06 9.81e-08 0
57 2 2.05e-06 7.86e-08 0
57.4 2 1.66e-06 6.3e-08 0
57.8 2 1.35e-06 5.04e-08 0
58.2 2 1.09e-06 4.04e-08 0
58.6 2 8.86e-07 3.23e-08 0
59 2 7.18e-07 2.59e-08 0
59.4 2 5.82e-07 2.07e-08 0
59.8 2 4.7e-07 1.66e-08 0
60.2 2 3.82e-07 1.33e-08 0
60.6 2 3.09e-07 1.06e-08 0
61 2 2.51e-07 8.5e-09 0
61.4 2 2.04e-07 6.8e-09 0
61.8 2 1.66e-07 5.45e-09 0
62.2 2 1.35e-07 4.37e-09 0
62.6 2 1.1e-07 3.5e-09 0
63 2 9.05e-08 2.8e-09 0
63.4 2 7.41e-08 2.24e-09 0
63.8 2 6.03e-08 1.8e-09 0
64.2 2 4.92e-08 1.44e-09 0
64.6 2 4.01e-08 1.15e-09 0
65 2 3.31e-08 9.22e-10 0
65.4 2 2.74e-08 7.38e-10 0
65.8 2 2.26e-08 5.91e-10 0
66.2 2 1.89e-08 4.73e-10 0
66.6 2 1.57e-08 3.79e-10 0
67 2 1.34e-08 3.04e-10 0
67.4 2 1.13e-08 2.43e-10 0
67.8 2 9.41e-09 1.95e-10 0
68.2 2 7.94e-09 1.56e-10 0
68.6 2 7.03e-09 1.25e-10 0
69 2 6.39e-09 9.98e-11 0
69.4 2 5.88e-09 8e-11 0
69.8 2 5.56e-09 6.41e-11 0
70.2 2 5.22e-09 5.15e-11 0
70.6 2 4.97e-09 4.09e-11 0
71.1 2 4.77e-09 3.21e-11 0
71.5 2 4.46e-09 2.49e-11 0
71.9 2 4.33e-09 1.94e-11 0
72.4 2 4.3e-09 1.53e-11 0
72.8 2 4.12e-09 1.2e-11 0
73.2 2 3.79e-09 9.74e-12 0
73.6 2 3.64e-09 7.69e-12 0
74.1 2 3.53e-09 5.88e-12 0
74.7 2 3.59e-09 4.36e-12 0
75.1 2 3.48e-09 3.21e-12 0
75.7 2 3.38e-09 2.48e-12 0
76.1 2 3.27e-09 1.92e-12 0
76.5 2 3.18e-09 1.54e-12 0
77 2 3.19e-09 1.19e-12 0
77.5 2 3.2e-09 8.84e-13 0
78.1 2 3.1e-09 6.48e-13 0
78.6 2 3.18e-09 4.94e-13 0
79 2 3.16e-09 3.85e-13 0
79.4 2 3.22e-09 3.05e-13 0
79.9 2 3.57e-09 2.4e-13 0
80.4 2 3.8e-09 1.8e-13 0
80.9 2 3.95e-09 1.3e-13 0
81.6 2 3.89e-09 9.37e-14 0
82.1 2 4.14e-09 6.8e-14 0
82.6 2 4.26e-09 5.38e-14 0
83 2 4.2e-09 4.14e-14 0
83.4 2 4.07e-09 3.26e-14 0
83.9 2 4.23e-09 2.56e-14 0
84.3 2 4.27e-09 2.02e-14 0
84.7 2 4.32e-09 1.63e-14 0
85.1 2 4.3e-09 1.29e-14 0
85.6 2 4.36e-09 9.98e-15 0
86.1 2 4.15e-09 7.47e-15 0
86.7 2 4e-09 5.53e-15 0
87.2 2 3.85e-09 4.09e-15 0
87.6 2 3.75e-09 3.22e-15 0
88 2 3.56e-09 2.54e-15 0
88.5 2 3.59e-09 1.98e-15 0
89 2 3.41e-09 1.48e-15 0
89.6 2 3.44e-09 1.1e-15 0
90.1 2 3.41e-09 8.15e-16 0
90.5 2 3.45e-09 6.38e-16 0
90.9 2 3.37e-09 5.14e-16 0
91.4 2 3.38e-09 4.03e-16 0
91.8 2 3.29e-09 3.15e-16 0
92.2 2 3.23e-09 2.51e-16 0
92.6 2 3.1e-09 2.02e-16 0
93 2 3.21e-09 1.62e-16 0
93.4 2 3.29e-09 1.3e-16 0
93.8 2 3.32e-09 1.04e-16 0
94.2 2 3.34e-09 8.14e-17 0
94.8 2 3.7e-09 6.23e-17 0
95.2 2 3.91e-09 4.76e-17 0
95.6 2 4.01e-09 3.78e-17 0
96 2 4.11e-09 3.06e-17 0
96.4 2 4.33e-09 2.45e-17 0
96.8 2 4.38e-09 1.96e-17 0
97.2 2 4.5e-09 1.57e-17 0
97.6 2 4.65e-09 1.26e-17 0
98 2 4.9e-09 1.01e-17 0
98.4 2 4.95e-09 8.05e-18 0
98.8 2 4.98e-09 6.45e-18 0
99.2 2 5.13e-09 5.08e-18 0
99.6 2 5.28e-09 4.11e-18 0
