-15 0.0526 0.234 1 0.0114
-14.6 0.0578 0.253 1 0.0233
-14.2 0.0634 0.273 1 0.0244
-13.8 0.0695 0.293 1 0.0257
-13.4 0.0761 0.313 1 0.0271
-13 0.0833 0.334 1 0.0286
-12.6 0.0911 0.356 1 0.0302
-12.2 0.0996 0.379 1 0.0322
-11.8 0.109 0.403 1 0.0321
-11.4 0.118 0.428 1 0.0339
-11 0.129 0.454 1 0.0363
-10.6 0.14 0.482 1 0.0369
-10.2 0.152 0.509 1 0.039
-9.8 0.165 0.538 1 0.041
-9.4 0.179 0.567 1 0.0414
-9 0.193 0.597 1 0.0418
-8.6 0.208 0.627 1 0.045
-8.2 0.225 0.657 1 0.0453
-7.8 0.241 0.688 1 0.0455
-7.4 0.259 0.718 1 0.0484
-7 0.278 0.747 1 0.0485
-6.6 0.297 0.777 1 0.0487
-6.2 0.317 0.805 1 0.0489
-5.8 0.337 0.833 1 0.0491
-5.4 0.358 0.86 1 0.0505
-5 0.38 0.886 1 0.0506
-4.6 0.402 0.91 1 0.0508
-4.2 0.425 0.933 1 0.051
-3.8 0.448 0.954 1 0.0501
-3.4 0.471 0.974 1 0.0493
-3 0.494 0.991 1 0.0485
-2.6 0.517 1.01 1 0.0478
-2.2 0.54 1.02 1 0.0471
-1.8 0.563 1.03 1 0.0464
-1.4 0.586 1.04 1 0.0448
-1 0.608 1.05 1 0.0433
-0.6 0.63 1.06 1 0.0428
-0.2 0.652 1.06 1 0.0413
0.2 0.673 1.06 1 0.039
0.6 0.693 1.06 1 0.0377
1 0.713 1.06 1 0.0364
1.4 0.732 1.06 1 0.0342
1.8 0.75 1.05 1.03 0.033
2.2 0.768 1.05 1.03 0.031
2.6 0.784 1.04 1.03 0.0289
3 0.8 1.04 1.03 0.0278
3.4 0.815 1.03 1.03 0.0268
3.8 0.83 1.02 1.03 0.0248
4.2 0.843 1.01 1.03 0.0229
4.6 0.856 1 1.03 0.0219
5 0.868 0.99 1.03 0.0201
5.4 0.879 0.979 1.03 0.0191
5.8 0.89 0.969 1.03 0.0173
6.2 0.899 0.958 1.03 0.0164
6.6 0.909 0.948 1.03 0.0155
7 0.917 0.939 1.03 0.0137
7.4 0.925 0.929 1.03 0.0137
7.8 0.933 0.92 1.02 0.0128
8.2 0.94 0.911 1.02 0.0111
8.6 0.946 0.903 1.02 0.0102
9 0.952 0.896 1.02 0.0102
9.4 0.958 0.889 1.02 0.0101
9.8 0.964 0.883 1.02 0.00928
10.2 0.969 0.877 1.02 0.00842
10.6 0.974 0.872 1.01 0.00841
11 0.979 0.868 1.01 0.00755
11.4 0.983 0.865 1.01 0.00754
11.8 0.988 0.862 1.01 0.00753
12.2 0.992 0.86 1 0.00668
12.6 0.996 0.859 0.999 0.00668
13 1 0.858 0.995 0.00334
13.4 1 0.859 0.991 0.00832
13.8 1.01 0.86 0.986 0.00832
14.2 1.01 0.862 0.981 0.00829
14.6 1.02 0.865 0.975 0.00829
15 1.02 0.868 0.969 0.00827
15.4 1.03 0.872 0.963 0.00827
15.8 1.03 0.877 0.955 0.00824
16.2 1.04 0.883 0.947 0.00824
16.6 1.04 0.889 0.938 0.00821
17 1.05 0.896 0.929 0.00821
17.4 1.05 0.903 0.919 0.00819
17.8 1.06 0.911 0.908 0.0163
18.2 1.07 0.92 0.896 0.00816
18.6 1.07 0.929 0.883 0.00813
19 1.08 0.939 0.869 0.0162
19.4 1.09 0.948 0.855 0.0162
19.8 1.1 0.958 0.84 0.0161
20.2 1.11 0.969 0.823 0.0161
20.6 1.12 0.979 0.806 0.016
21 1.13 0.99 0.788 0.016
21.4 1.14 1 0.769 0.0239
21.8 1.16 1.01 0.749 0.0238
22.2 1.17 1.02 0.729 0.0158
22.6 1.18 1.03 0.708 0.0236
23 1.2 1.04 0.686 0.0314
23.4 1.22 1.04 0.663 0.0234
23.8 1.23 1.05 0.64 0.0233
24.2 1.25 1.05 0.616 0.0309
24.6 1.27 1.06 0.592 0.0308
25 1.29 1.06 0.568 0.0306
25.4 1.31 1.06 0.543 0.0305
25.8 1.33 1.06 0.519 0.0303
26.2 1.35 1.06 0.495 0.0302
26.6 1.37 1.06 0.47 0.03
27 1.39 1.05 0.446 0.0299
27.4 1.41 1.04 0.423 0.0371
27.8 1.44 1.03 0.399 0.0369
28.2 1.46 1.02 0.377 0.0294
28.6 1.48 1.01 0.355 0.0365
29 1.51 0.991 0.333 0.0364
29.4 1.53 0.974 0.313 0.0289
29.8 1.55 0.954 0.293 0.036
30.2 1.58 0.933 0.273 0.0358
30.6 1.6 0.91 0.255 0.0285
31 1.62 0.886 0.237 0.0284
31.4 1.64 0.86 0.221 0.0283
31.8 1.66 0.833 0.205 0.0282
32.2 1.68 0.805 0.19 0.028
32.6 1.7 0.777 0.176 0.0279
33 1.72 0.747 0.162 0.0278
33.4 1.74 0.718 0.15 0.0277
33.8 1.76 0.688 0.138 0.0276
34.2 1.78 0.657 0.127 0.0206
34.6 1.79 0.627 0.117 0.0206
35 1.81 0.597 0.107 0.0205
35.4 1.82 0.567 0.0984 0.0137
35.8 1.83 0.538 0.0901 0.0204
36.2 1.85 0.509 0.0825 0.0204
36.6 1.86 0.481 0.0755 0.0136
37 1.87 0.454 0.069 0.0135
37.4 1.88 0.428 0.0631 0.0135
37.8 1.89 0.402 0.0575 0.0135
38.2 1.9 0.378 0.0524 0.0135
38.6 1.91 0.354 0.0478 0.0134
39 1.92 0.332 0.0436 0.00671
39.4 1.92 0.31 0.0397 0.0067
39.8 1.93 0.29 0.0361 0.0134
40.2 1.94 0.27 0.0328 0.00669
40.6 1.94 0.252 0.0298 0.00668
41 1.95 0.235 0.0271 0.00668
41.4 1.95 0.218 0.0246 0.00666
41.8 1.96 0.203 0.0224 0.00666
42.2 1.96 0.188 0.0203 0
42.6 1.96 0.175 0.0184 0.00665
43 1.97 0.162 0.0167 0.00665
43.4 1.97 0.15 0.0152 0
43.8 1.97 0.139 0.0137 0.00664
44.2 1.98 0.128 0.0125 0.00664
44.6 1.98 0.119 0.0113 0
45 1.98 0.11 0.0102 0
45.4 1.98 0.101 0.00928 0
45.8 1.98 0.0933 0.00841 0
46.2 1.98 0.0861 0.00762 0.00663
46.6 1.99 0.0794 0.0069 0.00663
47 1.99 0.0731 0.00624 0
47.4 1.99 0.0674 0.00566 0
47.8 1.99 0.062 0.00513 0
48.2 1.99 0.0571 0.00465 0
48.6 1.99 0.0526 0.0042 0
49 1.99 0.0483 0.00381 0
49.4 1.99 0.0445 0.00345 0
49.8 1.99 0.0409 0.00312 0
50.2 1.99 0.0376 0.00282 0.00662
50.6 2 0.0345 0.00255 0.00662
51 2 0.0317 0.00231 0
51.4 2 0.0291 0.00209 0
51.8 2 0.0267 0.00189 0
52.2 2 0.0245 0.00171 0
52.6 2 0.0225 0.00155 0
53 2 0.0207 0.0014 0
53.4 2 0.0189 0.00127 0
53.8 2 0.0174 0.00115 0
54.2 2 0.0159 0.00104 0
54.6 2 0.0146 0.000941 0
55 2 0.0134 0.000851 0
55.4 2 0.0123 0.000771 0
55.8 2 0.0112 0.000698 0
56.2 2 0.0103 0.000632 0
56.6 2 0.00943 0.000571 0
57 2 0.00864 0.000517 0
57.4 2 0.00791 0.000468 0
57.8 2 0.00724 0.000424 0
58.2 2 0.00663 0.000384 0
58.6 2 0.00607 0.000347 0
59 2 0.00555 0.000314 0
59.4 2 0.00508 0.000284 0
59.8 2 0.00465 0.000257 0
60.2 2 0.00425 0.000233 0
60.6 2 0.00389 0.000211 0
61 2 0.00356 0.000191 0
61.4 2 0.00325 0.000172 0
61.8 2 0.00297 0.000156 0
62.2 2 0.00272 0.000141 0
62.6 2 0.00249 0.000128 0
63 2 0.00227 0.000115 0
63.4 2 0.00208 0.000105 0
63.8 2 0.0019 9.46e-05 0
64.2 2 0.00173 8.56e-05 0
64.6 2 0.00158 7.75e-05 0
65 2 0.00145 7.01e-05 0
65.4 2 0.00132 6.35e-05 0
65.8 2 0.00121 5.75e-05 0
66.2 2 0.0011 5.2e-05 0
66.6 2 0.00101 4.7e-05 0
67 2 0.00092 4.25e-05 0
67.4 2 0.00084 3.85e-05 0
67.8 2 0.000767 3.48e-05 0
68.2 2 0.000701 3.15e-05 0
68.6 2 0.00064 2.85e-05 0
69 2 0.000584 2.58e-05 0
69.4 2 0.000533 2.33e-05 0
69.8 2 0.000486 2.11e-05 0
70.2 2 0.000444 1.91e-05 0
70.6 2 0.000405 1.73e-05 0
71 2 0.000369 1.56e-05 0
71.4 2 0.000337 1.42e-05 0
71.8 2 0.000308 1.28e-05 0
72.2 2 0.000281 1.16e-05 0
72.6 2 0.000256 1.05e-05 0
73 2 0.000234 9.49e-06 0
73.4 2 0.000213 8.59e-06 0
73.8 2 0.000194 7.77e-06 0
74.2 2 0.000177 7.03e-06 0
74.6 2 0.000162 6.36e-06 0
75 2 0.000147 5.75e-06 0
75.4 2 0.000134 5.21e-06 0
75.8 2 0.000122 4.71e-06 0
76.2 2 0.000112 4.27e-06 0
76.6 2 0.000102 3.86e-06 0
77 2 9.28e-05 3.49e-06 0
77.4 2 8.46e-05 3.16e-06 0
77.8 2 7.71e-05 2.86e-06 0
78.2 2 7.03e-05 2.59e-06 0
78.6 2 6.41e-05 2.34e-06 0
79 2 5.84e-05 2.12e-06 0
79.4 2 5.32e-05 1.92e-06 0
79.8 2 4.85e-05 1.73e-06 0
80.2 2 4.42e-05 1.57e-06 0
80.6 2 4.03e-05 1.42e-06 0
81 2 3.67e-05 1.28e-06 0
81.4 2 3.34e-05 1.16e-06 0
81.8 2 3.05e-05 1.05e-06 0
82.2 2 2.77e-05 9.52e-07 0
82.6 2 2.53e-05 8.61e-07 0
83 2 2.3e-05 7.8e-07 0
83.4 2 2.1e-05 7.05e-07 0
83.8 2 1.91e-05 6.37e-07 0
84.2 2 1.74e-05 5.77e-07 0
84.6 2 1.58e-05 5.22e-07 0
85 2 1.44e-05 4.73e-07 0
85.4 2 1.31e-05 4.28e-07 0
85.8 2 1.2e-05 3.87e-07 0
86.2 2 1.09e-05 3.5e-07 0
86.6 2 9.92e-06 3.17e-07 0
87 2 9.04e-06 2.87e-07 0
87.4 2 8.23e-06 2.59e-07 0
87.8 2 7.49e-06 2.35e-07 0
88.2 2 6.82e-06 2.12e-07 0
88.6 2 6.21e-06 1.92e-07 0
89 2 5.65e-06 1.74e-07 0
89.4 2 5.15e-06 1.57e-07 0
89.8 2 4.68e-06 1.42e-07 0
90.2 2 4.26e-06 1.29e-07 0
90.6 2 3.88e-06 1.17e-07 0
91 2 3.53e-06 1.05e-07 0
91.4 2 3.21e-06 9.54e-08 0
91.8 2 2.92e-06 8.63e-08 0
92.2 2 2.66e-06 7.8e-08 0
92.6 2 2.42e-06 7.07e-08 0
93 2 2.2e-06 6.4e-08 0
93.4 2 2e-06 5.79e-08 0
93.8 2 1.82e-06 5.24e-08 0
94.2 2 1.66e-06 4.73e-08 0
94.6 2 1.51e-06 4.29e-08 0
95 2 1.37e-06 3.88e-08 0
95.4 2 1.25e-06 3.51e-08 0
95.8 2 1.13e-06 3.18e-08 0
96.2 2 1.02e-06 2.87e-08 0
96.6 2 9.19e-07 2.6e-08 0
97 2 8.31e-07 2.35e-08 0
97.4 2 7.53e-07 2.13e-08 0
97.8 2 6.86e-07 1.93e-08 0
98.2 2 6.3e-07 1.74e-08 0
98.6 2 5.86e-07 1.58e-08 0
99 2 5.54e-07 1.42e-08 0
99.4 2 5.33e-07 1.28e-08 0
99.8 2 5.24e-07 1.2e-08 0
