-15 0.0798 0.323 1 0.0124
-14.6 0.0863 0.344 1 0.0254
-14.2 0.0933 0.365 1 0.027
-13.8 0.101 0.387 1 0.0281
-13.4 0.109 0.409 1 0.0279
-13 0.117 0.431 1 0.0289
-12.6 0.126 0.454 1 0.0316
-12.2 0.136 0.478 1 0.0324
-11.8 0.146 0.502 1 0.0332
-11.4 0.157 0.527 1 0.0355
-11 0.169 0.552 1 0.0362
-10.6 0.181 0.578 1 0.0368
-10.2 0.194 0.605 1 0.0374
-9.8 0.207 0.631 1 0.038
-9.4 0.221 0.658 1 0.04
-9 0.236 0.685 1 0.0405
-8.6 0.251 0.712 1 0.0409
-8.2 0.267 0.739 1 0.0427
-7.8 0.284 0.766 1 0.0431
-7.4 0.301 0.792 1 0.0435
-7 0.319 0.818 1 0.0439
-6.6 0.337 0.842 1 0.0443
-6.2 0.356 0.867 1 0.0447
-5.8 0.375 0.89 1 0.0439
-5.4 0.394 0.912 1 0.0443
-5 0.414 0.933 1 0.0447
-4.6 0.434 0.953 1 0.0451
-4.2 0.455 0.972 1 0.0444
-3.8 0.475 0.989 1 0.0438
-3.4 0.496 1 1 0.0432
-3 0.516 1.02 1 0.0426
-2.6 0.537 1.03 1 0.0421
-2.2 0.557 1.04 1 0.0415
-1.8 0.578 1.05 1 0.041
-1.4 0.598 1.06 1 0.0386
-1 0.617 1.07 1 0.0382
-0.6 0.637 1.07 1 0.0378
-0.2 0.656 1.07 1 0.0355
0.2 0.674 1.08 1 0.0352
0.6 0.693 1.08 1 0.0339
1 0.71 1.08 1 0.0318
1.4 0.727 1.07 1 0.0315
1.8 0.744 1.07 1 0.0304
2.2 0.76 1.07 1.02 0.0283
2.6 0.775 1.06 1.02 0.0272
3 0.79 1.06 1.02 0.0261
3.4 0.804 1.05 1.02 0.0242
3.8 0.817 1.04 1.02 0.0232
4.2 0.83 1.04 1.02 0.0222
4.6 0.842 1.03 1.02 0.0212
5 0.854 1.02 1.02 0.0202
5.4 0.865 1.01 1.02 0.0192
5.8 0.876 1 1.01 0.0183
6.2 0.886 0.995 1.01 0.0165
6.6 0.895 0.987 1.01 0.0156
7 0.904 0.979 1.01 0.0155
7.4 0.913 0.972 1.01 0.0146
7.8 0.921 0.964 1.01 0.0129
8.2 0.928 0.957 1.01 0.0128
8.6 0.936 0.95 1.01 0.0128
9 0.943 0.944 1 0.011
9.4 0.949 0.938 1 0.011
9.8 0.956 0.933 0.998 0.011
10.2 0.962 0.928 0.996 0.0101
10.6 0.968 0.924 0.993 0.00927
11 0.973 0.92 0.989 0.00925
11.4 0.979 0.917 0.986 0.00923
11.8 0.984 0.915 0.982 0.00921
12.2 0.99 0.913 0.978 0.0092
12.6 0.995 0.912 0.974 0.00835
13 1 0.912 0.969 0.0125
13.4 1.01 0.912 0.963 0.00832
13.8 1.01 0.913 0.958 0.00829
14.2 1.02 0.915 0.952 0.00829
14.6 1.02 0.917 0.945 0.00827
15 1.03 0.92 0.938 0.00827
15.4 1.03 0.924 0.93 0.00824
15.8 1.04 0.928 0.922 0.00824
16.2 1.04 0.933 0.913 0.00821
16.6 1.05 0.938 0.904 0.0164
17 1.06 0.944 0.894 0.00819
17.4 1.06 0.95 0.883 0.00816
17.8 1.07 0.957 0.872 0.0163
18.2 1.08 0.964 0.86 0.0162
18.6 1.09 0.972 0.848 0.0162
19 1.1 0.979 0.834 0.00809
19.4 1.1 0.987 0.82 0.00806
19.8 1.11 0.995 0.806 0.0161
20.2 1.12 1 0.79 0.016
20.6 1.13 1.01 0.774 0.024
21 1.15 1.02 0.757 0.0239
21.4 1.16 1.03 0.74 0.0159
21.8 1.17 1.04 0.722 0.0158
22.2 1.18 1.04 0.703 0.0236
22.6 1.2 1.05 0.684 0.0236
23 1.21 1.06 0.664 0.0234
23.4 1.23 1.06 0.644 0.0234
23.8 1.24 1.07 0.624 0.0232
24.2 1.26 1.07 0.603 0.0232
24.6 1.27 1.07 0.582 0.0231
25 1.29 1.08 0.56 0.0306
25.4 1.31 1.08 0.539 0.0305
25.8 1.33 1.08 0.518 0.0228
26.2 1.34 1.07 0.496 0.0226
26.6 1.36 1.07 0.475 0.0301
27 1.38 1.07 0.454 0.0299
27.4 1.4 1.06 0.433 0.0298
27.8 1.42 1.05 0.412 0.0297
28.2 1.44 1.04 0.392 0.0295
28.6 1.46 1.03 0.372 0.0294
29 1.48 1.02 0.353 0.0293
29.4 1.5 1 0.334 0.0364
29.8 1.53 0.989 0.315 0.0362
30.2 1.55 0.972 0.298 0.0288
30.6 1.57 0.953 0.28 0.0287
31 1.59 0.933 0.264 0.0286
31.4 1.61 0.912 0.248 0.0284
31.8 1.63 0.89 0.233 0.0213
32.2 1.64 0.867 0.218 0.0212
32.6 1.66 0.842 0.204 0.0282
33 1.68 0.818 0.191 0.028
33.4 1.7 0.792 0.178 0.0279
33.8 1.72 0.766 0.166 0.0209
34.2 1.73 0.739 0.155 0.0208
34.6 1.75 0.712 0.145 0.0208
35 1.76 0.685 0.134 0.0207
35.4 1.78 0.658 0.125 0.0206
35.8 1.79 0.631 0.116 0.0206
36.2 1.81 0.605 0.108 0.0205
36.6 1.82 0.578 0.0997 0.0137
37 1.83 0.552 0.0923 0.0136
37.4 1.84 0.526 0.0854 0.0136
37.8 1.85 0.501 0.0791 0.0136
38.2 1.86 0.476 0.0731 0.0136
38.6 1.87 0.452 0.0675 0.0135
39 1.88 0.429 0.0624 0.0135
39.4 1.89 0.406 0.0576 0.0135
39.8 1.9 0.385 0.0531 0.0135
40.2 1.91 0.364 0.049 0.00672
40.6 1.91 0.343 0.0451 0.00671
41 1.92 0.324 0.0416 0.0134
41.4 1.93 0.305 0.0383 0.0067
41.8 1.93 0.287 0.0353 0.00669
42.2 1.94 0.27 0.0325 0.00669
42.6 1.94 0.254 0.0299 0.00668
43 1.95 0.239 0.0275 0.00668
43.4 1.95 0.224 0.0253 0
43.8 1.95 0.21 0.0232 0.00666
44.2 1.96 0.197 0.0214 0.00666
44.6 1.96 0.185 0.0196 0
45 1.96 0.173 0.018 0.00665
45.4 1.97 0.162 0.0166 0.00665
45.8 1.97 0.151 0.0152 0
46.2 1.97 0.141 0.014 0
46.6 1.97 0.132 0.0128 0.00664
47 1.98 0.123 0.0118 0.00664
47.4 1.98 0.115 0.0108 0
47.8 1.98 0.107 0.00991 0
48.2 1.98 0.1 0.00909 0
48.6 1.98 0.0935 0.00835 0.00663
49 1.99 0.0871 0.00767 0.00663
49.4 1.99 0.0812 0.00704 0
49.8 1.99 0.0756 0.00646 0
50.2 1.99 0.0705 0.00592 0
50.6 1.99 0.0656 0.00544 0
51 1.99 0.0611 0.00499 0
51.4 1.99 0.0568 0.00457 0
51.8 1.99 0.0529 0.00419 0
52.2 1.99 0.0492 0.00385 0
52.6 1.99 0.0457 0.00353 0
53 1.99 0.0425 0.00323 0
53.4 1.99 0.0395 0.00296 0
53.8 1.99 0.0367 0.00272 0.00662
54.2 2 0.0341 0.00249 0.00662
54.6 2 0.0316 0.00229 0
55 2 0.0294 0.0021 0
55.4 2 0.0273 0.00192 0
55.8 2 0.0253 0.00176 0
56.2 2 0.0235 0.00161 0
56.6 2 0.0218 0.00148 0
57 2 0.0202 0.00136 0
57.4 2 0.0188 0.00124 0
57.8 2 0.0174 0.00114 0
58.2 2 0.0161 0.00105 0
58.6 2 0.015 0.00096 0
59 2 0.0139 0.000879 0
59.4 2 0.0129 0.000806 0
59.8 2 0.0119 0.00074 0
60.2 2 0.011 0.000679 0
60.6 2 0.0102 0.000622 0
61 2 0.00948 0.00057 0
61.4 2 0.00878 0.000523 0
61.8 2 0.00813 0.000479 0
62.2 2 0.00753 0.000439 0
62.6 2 0.00697 0.000403 0
63 2 0.00646 0.000369 0
63.4 2 0.00598 0.000338 0
63.8 2 0.00553 0.00031 0
64.2 2 0.00512 0.000284 0
64.6 2 0.00474 0.000261 0
65 2 0.00439 0.000239 0
65.4 2 0.00406 0.000219 0
65.8 2 0.00376 0.000201 0
66.2 2 0.00348 0.000184 0
66.6 2 0.00322 0.000169 0
67 2 0.00297 0.000155 0
67.4 2 0.00275 0.000142 0
67.8 2 0.00254 0.00013 0
68.2 2 0.00235 0.000119 0
68.6 2 0.00218 0.000109 0
69 2 0.00201 0.0001 0
69.4 2 0.00186 9.19e-05 0
69.8 2 0.00172 8.42e-05 0
70.2 2 0.00159 7.72e-05 0
70.6 2 0.00147 7.09e-05 0
71 2 0.00136 6.5e-05 0
71.4 2 0.00126 5.95e-05 0
71.8 2 0.00116 5.45e-05 0
72.2 2 0.00107 5e-05 0
72.6 2 0.000992 4.58e-05 0
73 2 0.000917 4.2e-05 0
73.4 2 0.000847 3.85e-05 0
73.8 2 0.000782 3.53e-05 0
74.2 2 0.000723 3.24e-05 0
74.6 2 0.000668 2.97e-05 0
75 2 0.000617 2.72e-05 0
75.4 2 0.00057 2.49e-05 0
75.8 2 0.000526 2.29e-05 0
76.2 2 0.000486 2.1e-05 0
76.6 2 0.000449 1.92e-05 0
77 2 0.000415 1.76e-05 0
77.4 2 0.000383 1.61e-05 0
77.8 2 0.000354 1.48e-05 0
78.2 2 0.000326 1.36e-05 0
78.6 2 0.000301 1.24e-05 0
79 2 0.000278 1.14e-05 0
79.4 2 0.000257 1.05e-05 0
79.8 2 0.000237 9.6e-06 0
80.2 2 0.000219 8.8e-06 0
80.6 2 0.000202 8.06e-06 0
81 2 0.000187 7.38e-06 0
81.4 2 0.000172 6.76e-06 0
81.8 2 0.000159 6.2e-06 0
82.2 2 0.000147 5.69e-06 0
82.6 2 0.000135 5.21e-06 0
83 2 0.000125 4.78e-06 0
83.4 2 0.000115 4.38e-06 0
83.8 2 0.000106 4.02e-06 0
84.2 2 9.81e-05 3.68e-06 0
84.6 2 9.05e-05 3.38e-06 0
85 2 8.35e-05 3.09e-06 0
85.4 2 7.7e-05 2.84e-06 0
85.8 2 7.11e-05 2.6e-06 0
86.2 2 6.56e-05 2.38e-06 0
86.6 2 6.05e-05 2.19e-06 0
87 2 5.58e-05 2e-06 0
87.4 2 5.15e-05 1.84e-06 0
87.8 2 4.75e-05 1.68e-06 0
88.2 2 4.38e-05 1.54e-06 0
88.6 2 4.04e-05 1.41e-06 0
89 2 3.73e-05 1.3e-06 0
89.4 2 3.44e-05 1.19e-06 0
89.8 2 3.17e-05 1.09e-06 0
90.2 2 2.92e-05 9.99e-07 0
90.6 2 2.69e-05 9.16e-07 0
91 2 2.48e-05 8.39e-07 0
91.4 2 2.29e-05 7.69e-07 0
91.8 2 2.11e-05 7.05e-07 0
92.2 2 1.95e-05 6.47e-07 0
92.6 2 1.8e-05 5.93e-07 0
93 2 1.66e-05 5.44e-07 0
93.4 2 1.53e-05 4.98e-07 0
93.8 2 1.41e-05 4.57e-07 0
94.2 2 1.3e-05 4.19e-07 0
94.6 2 1.2e-05 3.84e-07 0
95 2 1.1e-05 3.52e-07 0
95.4 2 1.01e-05 3.23e-07 0
95.8 2 9.28e-06 2.96e-07 0
96.2 2 8.5e-06 2.71e-07 0
96.6 2 7.77e-06 2.49e-07 0
97 2 7.11e-06 2.28e-07 0
97.4 2 6.53e-06 2.09e-07 0
97.8 2 6.03e-06 1.91e-07 0
98.2 2 5.61e-06 1.76e-07 0
98.6 2 5.27e-06 1.61e-07 0
99 2 5.02e-06 1.47e-07 0
99.4 2 4.87e-06 1.34e-07 0
99.8 2 4.8e-06 1.27e-07 0
