-15 0.281 0.787 1 0.0114
-14.6 0.29 0.802 1 0.0239
-14.2 0.3 0.817 1 0.0237
-13.8 0.309 0.831 1 0.0234
-13.4 0.319 0.846 1 0.0244
-13 0.329 0.861 1 0.0241
-12.6 0.339 0.875 1 0.0239
-12.2 0.349 0.889 1 0.0237
-11.8 0.359 0.903 1 0.0235
-11.4 0.369 0.917 1 0.0244
-11 0.38 0.93 1 0.0253
-10.6 0.391 0.943 1 0.0239
-10.2 0.401 0.956 1 0.0237
-9.8 0.412 0.969 1 0.0246
-9.4 0.423 0.981 1 0.0255
-9 0.435 0.993 1 0.0253
-8.6 0.446 1 1 0.024
-8.2 0.457 1.02 1 0.0238
-7.8 0.468 1.03 1 0.0247
-7.4 0.48 1.04 1 0.0245
-7 0.491 1.05 1 0.0243
-6.6 0.503 1.06 1 0.0241
-6.2 0.514 1.07 1 0.0239
-5.8 0.526 1.08 1 0.0248
-5.4 0.538 1.08 1 0.0236
-5 0.549 1.09 1 0.0234
-4.6 0.561 1.1 1 0.0232
-4.2 0.572 1.11 1 0.0231
-3.8 0.584 1.11 1 0.0239
-3.4 0.596 1.12 1 0.0228
-3 0.607 1.13 1 0.0226
-2.6 0.619 1.13 1 0.0225
-2.2 0.63 1.14 1 0.0214
-1.8 0.641 1.14 1 0.0222
-1.4 0.653 1.15 1 0.0221
-1 0.664 1.15 1 0.021
-0.6 0.675 1.16 1 0.0209
-0.2 0.686 1.16 1 0.0208
0.2 0.697 1.16 1 0.0207
0.6 0.708 1.16 1 0.0206
1 0.719 1.17 1 0.0205
1.4 0.73 1.17 1 0.0194
1.8 0.74 1.17 1 0.0193
2.2 0.751 1.17 0.94 0.0193
2.6 0.761 1.17 0.938 0.0192
3 0.772 1.18 0.935 0.0191
3.4 0.782 1.18 0.932 0.0181
3.8 0.792 1.18 0.929 0.018
4.2 0.802 1.18 0.925 0.0179
4.6 0.812 1.18 0.922 0.017
5 0.821 1.18 0.918 0.0169
5.4 0.831 1.18 0.915 0.0177
5.8 0.841 1.18 0.911 0.0168
6.2 0.85 1.18 0.907 0.0158
6.6 0.859 1.18 0.903 0.0167
7 0.869 1.18 0.899 0.0166
7.4 0.878 1.18 0.894 0.0157
7.8 0.887 1.18 0.89 0.0156
8.2 0.896 1.18 0.885 0.0156
8.6 0.905 1.18 0.88 0.0155
9 0.914 1.18 0.875 0.0155
9.4 0.923 1.18 0.87 0.0146
9.8 0.931 1.18 0.865 0.0145
10.2 0.94 1.18 0.859 0.0153
10.6 0.949 1.17 0.854 0.0144
11 0.957 1.17 0.848 0.0144
11.4 0.966 1.17 0.841 0.0143
11.8 0.974 1.17 0.835 0.0143
12.2 0.983 1.17 0.829 0.0143
12.6 0.991 1.17 0.822 0.0142
13 1 1.17 0.815 0.0158
13.4 1.01 1.17 0.808 0.0166
13.8 1.02 1.17 0.801 0.0166
14.2 1.03 1.17 0.794 0.00827
14.6 1.03 1.17 0.786 0.00824
15 1.04 1.17 0.778 0.0165
15.4 1.05 1.17 0.77 0.0164
15.8 1.06 1.18 0.762 0.0163
16.2 1.07 1.18 0.754 0.0163
16.6 1.08 1.18 0.745 0.0162
17 1.09 1.18 0.736 0.0162
17.4 1.1 1.18 0.727 0.00809
17.8 1.1 1.18 0.718 0.00806
18.2 1.11 1.18 0.709 0.0161
18.6 1.12 1.18 0.699 0.016
19 1.13 1.18 0.69 0.016
19.4 1.14 1.18 0.68 0.016
19.8 1.15 1.18 0.67 0.0159
20.2 1.16 1.18 0.661 0.0159
20.6 1.17 1.18 0.65 0.0158
21 1.18 1.18 0.64 0.0158
21.4 1.19 1.18 0.63 0.0157
21.8 1.2 1.18 0.619 0.0157
22.2 1.21 1.18 0.609 0.0156
22.6 1.22 1.18 0.598 0.0156
23 1.23 1.18 0.587 0.0156
23.4 1.24 1.17 0.576 0.0155
23.8 1.25 1.17 0.565 0.0155
24.2 1.26 1.17 0.554 0.0154
24.6 1.27 1.17 0.543 0.0154
25 1.28 1.17 0.532 0.0154
25.4 1.29 1.16 0.521 0.0153
25.8 1.3 1.16 0.51 0.0153
26.2 1.31 1.16 0.499 0.0152
26.6 1.32 1.16 0.488 0.0228
27 1.34 1.15 0.477 0.0227
27.4 1.35 1.15 0.466 0.0151
27.8 1.36 1.14 0.455 0.015
28.2 1.37 1.14 0.444 0.015
28.6 1.38 1.13 0.433 0.015
29 1.39 1.13 0.422 0.0149
29.4 1.4 1.12 0.411 0.0223
29.8 1.42 1.11 0.4 0.0223
30.2 1.43 1.11 0.39 0.0148
30.6 1.44 1.1 0.379 0.0148
31 1.45 1.09 0.369 0.0147
31.4 1.46 1.08 0.359 0.0147
31.8 1.47 1.08 0.349 0.022
32.2 1.49 1.07 0.339 0.0219
32.6 1.5 1.06 0.329 0.0146
33 1.51 1.05 0.319 0.0145
33.4 1.52 1.04 0.31 0.0145
33.8 1.53 1.03 0.3 0.0145
34.2 1.54 1.02 0.291 0.0144
34.6 1.55 1 0.282 0.0216
35 1.57 0.993 0.273 0.0215
35.4 1.58 0.981 0.264 0.0143
35.8 1.59 0.969 0.256 0.0143
36.2 1.6 0.956 0.248 0.0142
36.6 1.61 0.943 0.24 0.0142
37 1.62 0.93 0.232 0.0142
37.4 1.63 0.917 0.224 0.0142
37.8 1.64 0.903 0.216 0.0141
38.2 1.65 0.889 0.209 0.0141
38.6 1.66 0.875 0.202 0.0141
39 1.67 0.861 0.195 0.014
39.4 1.68 0.846 0.188 0.014
39.8 1.69 0.832 0.181 0.014
40.2 1.7 0.817 0.175 0.014
40.6 1.71 0.802 0.168 0.0139
41 1.72 0.787 0.162 0.0139
41.4 1.73 0.772 0.157 0.0139
41.8 1.74 0.757 0.151 0.00694
42.2 1.74 0.742 0.145 0.00692
42.6 1.75 0.727 0.14 0.0138
43 1.76 0.712 0.134 0.0138
43.4 1.77 0.697 0.129 0.0138
43.8 1.78 0.681 0.125 0.00688
44.2 1.78 0.666 0.12 0.00687
44.6 1.79 0.652 0.115 0.0137
45 1.8 0.637 0.111 0.0137
45.4 1.81 0.622 0.107 0.00684
45.8 1.81 0.607 0.102 0.00683
46.2 1.82 0.593 0.0984 0.0137
46.6 1.83 0.578 0.0946 0.00682
47 1.83 0.564 0.091 0.00681
47.4 1.84 0.55 0.0874 0.00681
47.8 1.84 0.536 0.0839 0.00679
48.2 1.85 0.522 0.0805 0.0136
48.6 1.86 0.508 0.0773 0.00678
49 1.86 0.495 0.0741 0.00677
49.4 1.87 0.482 0.0712 0.00677
49.8 1.87 0.469 0.0683 0.00676
50.2 1.88 0.456 0.0656 0.00676
50.6 1.88 0.443 0.063 0.00675
51 1.89 0.431 0.0604 0.00675
51.4 1.89 0.419 0.0578 0
51.8 1.89 0.407 0.0555 0.00673
52.2 1.9 0.395 0.0532 0.00673
52.6 1.9 0.384 0.051 0.00672
53 1.91 0.373 0.0489 0.00672
53.4 1.91 0.362 0.0469 0
53.8 1.91 0.351 0.045 0.00671
54.2 1.92 0.341 0.0431 0.00671
54.6 1.92 0.33 0.0413 0
55 1.92 0.32 0.0396 0.0067
55.4 1.93 0.31 0.0379 0.0067
55.8 1.93 0.301 0.0364 0
56.2 1.93 0.292 0.0348 0.00669
56.6 1.94 0.283 0.0334 0.00669
57 1.94 0.274 0.032 0
57.4 1.94 0.265 0.0306 0
57.8 1.94 0.257 0.0293 0.00668
58.2 1.95 0.248 0.0281 0.00668
58.6 1.95 0.24 0.0269 0
59 1.95 0.233 0.0258 0
59.4 1.95 0.225 0.0247 0
59.8 1.95 0.218 0.0236 0.00666
60.2 1.96 0.211 0.0226 0.00666
60.6 1.96 0.204 0.0217 0
61 1.96 0.197 0.0208 0
61.4 1.96 0.191 0.0199 0
61.8 1.96 0.184 0.019 0
62.2 1.96 0.178 0.0182 0.00665
62.6 1.97 0.172 0.0175 0.00665
63 1.97 0.166 0.0167 0
63.4 1.97 0.161 0.016 0
63.8 1.97 0.155 0.0153 0
64.2 1.97 0.15 0.0147 0
64.6 1.97 0.145 0.014 0
65 1.97 0.14 0.0134 0
65.4 1.97 0.135 0.0128 0.00664
65.8 1.98 0.13 0.0123 0.00664
66.2 1.98 0.126 0.0118 0
66.6 1.98 0.121 0.0113 0
67 1.98 0.117 0.0108 0
67.4 1.98 0.113 0.0103 0
67.8 1.98 0.109 0.00987 0
68.2 1.98 0.105 0.00944 0
68.6 1.98 0.102 0.00903 0
69 1.98 0.098 0.00865 0
69.4 1.98 0.0945 0.00828 0
69.8 1.98 0.0912 0.00792 0.00663
70.2 1.99 0.088 0.00757 0.00663
70.6 1.99 0.0848 0.00725 0
71 1.99 0.0818 0.00693 0
71.4 1.99 0.0789 0.00663 0
71.8 1.99 0.0761 0.00635 0
72.2 1.99 0.0733 0.00608 0
72.6 1.99 0.0707 0.00581 0
73 1.99 0.0681 0.00556 0
73.4 1.99 0.0657 0.00532 0
73.8 1.99 0.0633 0.00509 0
74.2 1.99 0.061 0.00487 0
74.6 1.99 0.0588 0.00466 0
75 1.99 0.0566 0.00446 0
75.4 1.99 0.0546 0.00427 0
75.8 1.99 0.0526 0.00409 0
76.2 1.99 0.0507 0.00391 0
76.6 1.99 0.0488 0.00374 0
77 1.99 0.047 0.00358 0
77.4 1.99 0.0453 0.00343 0
77.8 1.99 0.0436 0.00328 0
78.2 1.99 0.042 0.00314 0
78.6 1.99 0.0405 0.003 0
79 1.99 0.039 0.00287 0
79.4 1.99 0.0375 0.00274 0
79.8 1.99 0.0361 0.00262 0
80.2 1.99 0.0348 0.00251 0.00662
80.6 2 0.0335 0.0024 0.00662
81 2 0.0323 0.00229 0
81.4 2 0.0311 0.00219 0
81.8 2 0.0299 0.0021 0
82.2 2 0.0288 0.00201 0
82.6 2 0.0277 0.00192 0
83 2 0.0267 0.00184 0
83.4 2 0.0257 0.00176 0
83.8 2 0.0247 0.00168 0
84.2 2 0.0238 0.00161 0
84.6 2 0.0229 0.00154 0
85 2 0.022 0.00147 0
85.4 2 0.0212 0.00141 0
85.8 2 0.0204 0.00135 0
86.2 2 0.0196 0.00129 0
86.6 2 0.0189 0.00123 0
87 2 0.0182 0.00118 0
87.4 2 0.0175 0.00113 0
87.8 2 0.0168 0.00108 0
88.2 2 0.0162 0.00103 0
88.6 2 0.0156 0.000987 0
89 2 0.015 0.000945 0
89.4 2 0.0144 0.000904 0
89.8 2 0.0139 0.000865 0
90.2 2 0.0133 0.000827 0
90.6 2 0.0128 0.000791 0
91 2 0.0123 0.000757 0
91.4 2 0.0119 0.000723 0
91.8 2 0.0114 0.000692 0
92.2 2 0.011 0.000662 0
92.6 2 0.0105 0.000634 0
93 2 0.0101 0.000607 0
93.4 2 0.00975 0.00058 0
93.8 2 0.00938 0.000554 0
94.2 2 0.00902 0.00053 0
94.6 2 0.00867 0.000507 0
95 2 0.00834 0.000485 0
95.4 2 0.008 0.000464 0
95.8 2 0.00766 0.000444 0
96.2 2 0.00733 0.000425 0
96.6 2 0.00702 0.000406 0
97 2 0.00672 0.000389 0
97.4 2 0.00646 0.000372 0
97.8 2 0.00622 0.000356 0
98.2 2 0.00602 0.00034 0
98.6 2 0.00586 0.000326 0
99 2 0.00574 0.000311 0
99.4 2 0.00566 0.000296 0
99.8 2 0.00562 0.000288 0
