-25 9.58e-07 1.4e-05 1 9.29e-06
-24.6 1.07e-06 1.66e-05 1 1.89e-05
-24.2 1.19e-06 1.94e-05 1 2.27e-05
-23.8 1.36e-06 2.29e-05 1 2.92e-05
-23.4 1.58e-06 2.72e-05 1 3.7e-05
-23 1.88e-06 3.28e-05 1 4.7e-05
-22.6 2.28e-06 4.01e-05 1 5.97e-05
-22.2 2.83e-06 4.94e-05 1 7.49e-05
-21.8 3.56e-06 6.18e-05 1 9.11e-05
-21.4 4.51e-06 7.76e-05 1 0.00011
-21 5.76e-06 9.78e-05 1 0.000132
-20.6 7.37e-06 0.000124 1 0.000157
-20.2 9.46e-06 0.000156 1 0.000185
-19.8 1.21e-05 0.000198 1 0.000221
-19.4 1.56e-05 0.00025 1 0.000265
-19 2.01e-05 0.000317 1 0.000308
-18.6 2.57e-05 0.0004 1 0.00037
-18.2 3.33e-05 0.000506 1 0.000441
-17.8 4.28e-05 0.00064 1 0.000514
-17.4 5.5e-05 0.000808 1 0.00061
-17 7.08e-05 0.00102 1 0.000727
-16.6 9.13e-05 0.00129 1 0.000868
-16.2 0.000118 0.00163 1 0.00103
-15.8 0.000152 0.00206 1 0.00124
-15.4 0.000198 0.0026 1 0.00149
-15 0.000257 0.00329 1 0.00177
-14.6 0.000334 0.00415 1 0.00213
-14.2 0.000436 0.00524 1 0.00259
-13.8 0.000571 0.00662 1 0.00314
-13.4 0.000751 0.00837 1 0.00382
-13 0.000991 0.0106 1 0.00464
-12.6 0.00131 0.0133 1 0.00573
-12.2 0.00175 0.0168 1 0.00707
-11.8 0.00234 0.0212 1 0.00865
-11.4 0.00314 0.0267 1 0.0107
-11 0.00423 0.0335 1 0.013
-10.6 0.00568 0.0418 1 0.0158
-10.2 0.00764 0.052 1 0.019
-9.8 0.0102 0.0644 1 0.0227
-9.4 0.0136 0.0792 1 0.0267
-9 0.0179 0.0968 1 0.0313
-8.6 0.0235 0.118 1 0.0368
-8.2 0.0306 0.142 1 0.0422
-7.8 0.0394 0.17 1 0.0483
-7.4 0.0504 0.201 1 0.0546
-7 0.0637 0.237 1 0.0611
-6.6 0.0798 0.275 1 0.0678
-6.2 0.0988 0.318 1 0.0741
-5.8 0.121 0.363 1 0.081
-5.4 0.147 0.412 1 0.0868
-5 0.176 0.462 1 0.0921
-4.6 0.209 0.514 1 0.0982
-4.2 0.246 0.568 0.985 0.104
-3.8 0.287 0.621 0.99 0.107
-3.4 0.331 0.674 0.995 0.111
-3 0.379 0.726 0.998 0.114
-2.6 0.43 0.776 0.998 0.117
-2.2 0.485 0.823 0.995 0.12
-1.8 0.543 0.867 0.988 0.121
-1.4 0.603 0.906 0.977 0.121
-1 0.666 0.94 0.96 0.121
-0.6 0.73 0.968 0.937 0.12
-0.2 0.796 0.991 0.907 0.121
0.2 0.864 1.01 0.871 0.119
0.6 0.932 1.02 0.827 0.116
1 1 1.02 0.777 0.115
1.4 1.07 1.02 0.721 0.114
1.8 1.14 1.01 0.662 0.104
2.2 1.2 0.991 0.6 0.102
2.6 1.27 0.968 0.539 0.1
3 1.33 0.94 0.479 0.0984
3.4 1.4 0.906 0.422 0.097
3.8 1.46 0.867 0.368 0.0882
4.2 1.52 0.823 0.319 0.0798
4.6 1.57 0.776 0.274 0.0717
5 1.62 0.726 0.233 0.071
5.4 1.67 0.674 0.197 0.0633
5.8 1.71 0.621 0.166 0.0558
6.2 1.75 0.568 0.138 0.0553
6.6 1.79 0.514 0.114 0.0481
7 1.82 0.462 0.0942 0.041
7.4 1.85 0.412 0.0771 0.0407
7.8 1.88 0.363 0.0627 0.0338
8.2 1.9 0.318 0.0507 0.0269
8.6 1.92 0.275 0.0408 0.0268
9 1.94 0.237 0.0326 0.0201
9.4 1.95 0.201 0.026 0.0133
9.8 1.96 0.17 0.0207 0.0133
10.2 1.97 0.142 0.0164 0.0133
10.6 1.98 0.118 0.0129 0.00664
11 1.98 0.0968 0.0101 0.00663
11.4 1.99 0.0792 0.00795 0.00663
11.8 1.99 0.0644 0.00624 0
12.2 1.99 0.052 0.00489 0.00662
12.6 2 0.0418 0.00382 0.00662
13 2 0.0335 0.00298 0
13.4 2 0.0267 0.00233 0
13.8 2 0.0212 0.00182 0
14.2 2 0.0168 0.00142 0
14.6 2 0.0133 0.00111 0
15 2 0.0106 0.000862 0
15.4 2 0.00837 0.000672 0
15.8 2 0.00662 0.000524 0
16.2 2 0.00524 0.000408 0
16.6 2 0.00415 0.000318 0
17 2 0.00329 0.000248 0
17.4 2 0.0026 0.000193 0
17.8 2 0.00206 0.00015 0
18.2 2 0.00163 0.000117 0
18.6 2 0.00129 9.12e-05 0
19 2 0.00102 7.1e-05 0
19.4 2 0.000808 5.53e-05 0
19.8 2 0.00064 4.31e-05 0
20.2 2 0.000506 3.36e-05 0
20.6 2 0.0004 2.61e-05 0
21 2 0.000317 2.04e-05 0
21.4 2 0.00025 1.59e-05 0
21.8 2 0.000198 1.23e-05 0
22.2 2 0.000156 9.61e-06 0
22.6 2 0.000124 7.49e-06 0
23 2 9.76e-05 5.84e-06 0
23.4 2 7.71e-05 4.54e-06 0
23.8 2 6.09e-05 3.54e-06 0
24.2 2 4.8e-05 2.75e-06 0
24.6 2 3.8e-05 2.14e-06 0
25 2 3e-05 1.67e-06 0
25.4 2 2.37e-05 1.3e-06 0
25.8 2 1.87e-05 1.01e-06 0
26.2 2 1.48e-05 7.9e-07 0
26.6 2 1.16e-05 6.15e-07 0
27 2 9.2e-06 4.79e-07 0
27.4 2 7.26e-06 3.73e-07 0
27.8 2 5.73e-06 2.9e-07 0
28.2 2 4.53e-06 2.26e-07 0
28.6 2 3.56e-06 1.76e-07 0
29 2 2.8e-06 1.37e-07 0
29.4 2 2.21e-06 1.07e-07 0
29.8 2 1.74e-06 8.33e-08 0
30.2 2 1.37e-06 6.48e-08 0
30.6 2 1.08e-06 5.05e-08 0
31 2 8.51e-07 3.93e-08 0
31.4 2 6.71e-07 3.06e-08 0
31.8 2 5.29e-07 2.38e-08 0
32.2 2 4.16e-07 1.86e-08 0
32.6 2 3.28e-07 1.45e-08 0
33 2 2.58e-07 1.13e-08 0
33.4 2 2.03e-07 8.78e-09 0
33.8 2 1.6e-07 6.84e-09 0
34.2 2 1.26e-07 5.32e-09 0
34.6 2 9.87e-08 4.14e-09 0
35 2 7.76e-08 3.23e-09 0
35.4 2 6.1e-08 2.51e-09 0
35.8 2 4.79e-08 1.96e-09 0
36.2 2 3.76e-08 1.53e-09 0
36.6 2 2.96e-08 1.19e-09 0
37 2 2.33e-08 9.24e-10 0
37.4 2 1.83e-08 7.19e-10 0
37.8 2 1.44e-08 5.6e-10 0
38.2 2 1.13e-08 4.36e-10 0
38.6 2 8.83e-09 3.4e-10 0
39 2 6.92e-09 2.65e-10 0
39.4 2 5.41e-09 2.06e-10 0
39.8 2 4.2e-09 1.61e-10 0
40.2 2 3.27e-09 1.25e-10 0
40.6 2 2.53e-09 9.75e-11 0
41 2 1.95e-09 7.59e-11 0
41.4 2 1.49e-09 5.91e-11 0
41.8 2 1.13e-09 4.6e-11 0
42.2 2 8.61e-10 3.58e-11 0
42.6 2 6.43e-10 2.79e-11 0
43 2 4.66e-10 2.17e-11 0
43.4 2 3.44e-10 1.69e-11 0
43.8 2 2.33e-10 1.32e-11 0
44.2 2 1.75e-10 1.03e-11 0
44.6 2 1.25e-10 8.03e-12 0
45 2 1.01e-10 6.24e-12 0
45.5 2 7.8e-11 4.66e-12 0
46.1 2 6.48e-11 2.95e-12 0
47 2 6.21e-11 1.35e-12 0
50.9 2 7.03e-11 3.04e-13 0
53.1 2 7.39e-11 0 0
55.3 2 8.16e-11 0 0
57.3 2 8.75e-11 2.51e-15 0
59.4 2 9.36e-11 5.85e-16 0
61.4 2 1.11e-10 0 0
61.8 2 1.13e-10 1.45e-16 0
62.2 2 1.06e-10 1.22e-16 0
64.2 2 1.13e-10 6.92e-17 0
64.7 2 1.12e-10 3.06e-17 0
65.1 2 1.13e-10 1.6e-17 0
65.5 2 1.13e-10 1.7e-17 0
65.9 2 1.11e-10 1.32e-17 0
66.3 2 1.07e-10 1.03e-17 0
66.7 2 1.04e-10 8.03e-18 0
67.1 2 9.76e-11 6.25e-18 0
67.5 2 9.66e-11 4.86e-18 0
67.9 2 8.83e-11 3.79e-18 0
68.3 2 9.19e-11 2.95e-18 0
68.7 2 9.36e-11 2.3e-18 0
69.1 2 9.21e-11 1.79e-18 0
69.5 2 8.77e-11 1.39e-18 0
69.9 2 9.26e-11 1.09e-18 0
70.3 2 9.38e-11 8.45e-19 0
70.7 2 9.38e-11 6.58e-19 0
71.1 2 9.38e-11 5.13e-19 0
71.5 2 9.38e-11 4e-19 0
71.9 2 9.38e-11 3.11e-19 0
72.3 2 9.38e-11 2.42e-19 0
72.7 2 9.38e-11 1.89e-19 0
73.1 2 9.38e-11 1.47e-19 0
73.5 2 9.38e-11 1.14e-19 0
73.9 2 9.38e-11 8.91e-20 0
74.3 2 9.38e-11 6.94e-20 0
74.7 2 9.38e-11 5.41e-20 0
75.1 2 9.38e-11 4.21e-20 0
75.5 2 9.38e-11 3.28e-20 0
75.9 2 9.38e-11 2.55e-20 0
76.3 2 9.38e-11 1.99e-20 0
76.7 2 9.38e-11 1.55e-20 0
77.1 2 9.38e-11 1.21e-20 0
77.5 2 9.38e-11 9.4e-21 0
77.9 2 9.38e-11 7.32e-21 0
78.3 2 9.38e-11 5.7e-21 0
78.7 2 9.38e-11 4.44e-21 0
79.1 2 9.38e-11 3.46e-21 0
79.5 2 9.38e-11 2.69e-21 0
79.9 2 9.38e-11 2.1e-21 0
80.3 2 9.38e-11 1.63e-21 0
80.7 2 9.38e-11 1.27e-21 0
81.1 2 9.38e-11 9.9e-22 0
81.5 2 9.38e-11 7.71e-22 0
81.9 2 9.38e-11 6e-22 0
82.3 2 9.38e-11 4.68e-22 0
82.7 2 9.38e-11 3.64e-22 0
83.1 2 9.38e-11 2.84e-22 0
83.5 2 9.38e-11 2.21e-22 0
83.9 2 9.38e-11 1.72e-22 0
84.3 2 9.38e-11 1.34e-22 0
84.7 2 9.38e-11 1.04e-22 0
85.1 2 9.38e-11 8.13e-23 0
85.5 2 9.38e-11 6.34e-23 0
85.9 2 9.38e-11 4.93e-23 0
86.3 2 9.38e-11 3.84e-23 0
86.7 2 9.38e-11 2.99e-23 0
87.1 2 9.38e-11 2.33e-23 0
87.5 2 9.38e-11 1.81e-23 0
87.9 2 9.38e-11 1.41e-23 0
88.3 2 9.38e-11 1.1e-23 0
88.7 2 9.38e-11 8.55e-24 0
89.1 2 9.38e-11 6.66e-24 0
89.5 2 9.38e-11 5.19e-24 0
89.9 2 9.38e-11 4.05e-24 0
90.3 2 9.38e-11 3.15e-24 0
90.7 2 9.38e-11 2.45e-24 0
91.1 2 9.38e-11 1.91e-24 0
91.5 2 9.38e-11 1.49e-24 0
91.9 2 9.38e-11 1.16e-24 0
92.3 2 9.38e-11 9.03e-25 0
92.7 2 9.38e-11 7.03e-25 0
93.1 2 9.38e-11 5.48e-25 0
93.5 2 9.38e-11 4.27e-25 0
93.9 2 9.38e-11 3.32e-25 0
94.3 2 9.38e-11 2.59e-25 0
94.7 2 9.38e-11 2.01e-25 0
95.1 2 9.38e-11 1.57e-25 0
95.5 2 9.38e-11 1.22e-25 0
95.9 2 9.38e-11 9.52e-26 0
96.3 2 9.38e-11 7.41e-26 0
96.7 2 9.38e-11 5.76e-26 0
97.1 2 9.38e-11 4.49e-26 0
97.5 2 9.38e-11 3.5e-26 0
97.9 2 9.38e-11 2.73e-26 0
98.3 2 9.38e-11 2.12e-26 0
98.7 2 9.38e-11 1.65e-26 0
99.1 2 9.38e-11 1.27e-26 0
99.5 2 9.38e-11 9.82e-27 0
99.9 2 9.38e-11 8.74e-27 0
