     -15    0.053    0.236        1   0.0114     2.11
   -14.6   0.0582    0.256        1   0.0234     4.02
   -14.2   0.0639    0.275        1   0.0248     3.65
   -13.8   0.0701    0.296        1   0.0263     3.31
   -13.4   0.0769    0.316        1   0.0276     2.99
     -13   0.0842    0.338        1   0.0291      2.7
   -12.6   0.0922     0.36        1    0.031     2.47
   -12.2    0.101    0.384        1   0.0319     2.19
   -11.8     0.11    0.409        1    0.033     1.96
   -11.4     0.12    0.434        1   0.0355     1.82
     -11    0.131    0.461        1   0.0377     1.68
   -10.6    0.143    0.489        1   0.0383     1.48
   -10.2    0.155    0.518        1   0.0403     1.34
    -9.8    0.169    0.548        1   0.0422     1.23
    -9.4    0.183    0.579        1   0.0425     1.08
      -9    0.198     0.61        1   0.0443    0.989
    -8.6    0.214    0.642        1    0.046    0.902
    -8.2    0.231    0.674        1   0.0475    0.821
    -7.8    0.249    0.707        1    0.049    0.747
    -7.4    0.268    0.739        1   0.0504     0.68
      -7    0.288    0.771        1   0.0517    0.619
    -6.6    0.309    0.803        1   0.0518    0.552
    -6.2     0.33    0.835        1   0.0518    0.494
    -5.8    0.352    0.866        1   0.0543    0.463
    -5.4    0.376    0.896        1   0.0543    0.418
      -5    0.399    0.925        1   0.0543    0.376
    -4.6    0.424    0.954        1   0.0555    0.349
    -4.2    0.449    0.981        1   0.0555    0.317
    -3.8    0.475     1.01        1   0.0556    0.289
    -3.4    0.501     1.03        1   0.0556    0.264
      -3    0.528     1.05    0.964   0.0547    0.239
    -2.6    0.554     1.08    0.959   0.0538    0.216
    -2.2    0.581      1.1    0.954   0.0549    0.204
    -1.8    0.609     1.11    0.948   0.0541    0.186
    -1.4    0.636     1.13    0.941   0.0533     0.17
      -1    0.664     1.15    0.934   0.0526    0.156
    -0.6    0.691     1.16    0.926   0.0509    0.142
    -0.2    0.718     1.17    0.916   0.0512    0.133
     0.2    0.746     1.18    0.906   0.0506    0.124
     0.6    0.773     1.19    0.895    0.049    0.113
       1      0.8      1.2    0.883   0.0485    0.106
     1.4    0.827      1.2     0.87   0.0479   0.0988
     1.8    0.854     1.21    0.856   0.0474   0.0926
     2.2    0.881     1.21    0.841   0.0469    0.087
     2.6    0.908     1.22    0.825   0.0456   0.0805
       3    0.934     1.22    0.808   0.0452   0.0759
     3.4    0.961     1.22     0.79   0.0448   0.0719
     3.8    0.987     1.22     0.77    0.041   0.0631
     4.2     1.01     1.22     0.75    0.044   0.0645
     4.6     1.04     1.22    0.729   0.0494   0.0694
       5     1.07     1.22    0.707   0.0408   0.0551
     5.4     1.09     1.22    0.685   0.0404   0.0522
     5.8     1.12     1.21    0.662   0.0481   0.0598
     6.2     1.15     1.21    0.638   0.0398   0.0477
     6.6     1.17      1.2    0.614   0.0395   0.0453
       7      1.2      1.2    0.589   0.0471   0.0521
     7.4     1.23     1.19    0.564   0.0389   0.0417
     7.8     1.25     1.18    0.539   0.0386   0.0397
     8.2     1.28     1.17    0.513   0.0461   0.0458
     8.6     1.31     1.16    0.488   0.0457   0.0437
       9     1.34     1.15    0.464   0.0378   0.0351
     9.4     1.36     1.13    0.439   0.0376   0.0336
     9.8     1.39     1.11    0.415   0.0448   0.0388
    10.2     1.42      1.1    0.391   0.0445   0.0372
    10.6     1.45     1.08    0.368   0.0369   0.0299
      11     1.47     1.05    0.345   0.0366   0.0287
    11.4      1.5     1.03    0.324   0.0437   0.0333
    11.8     1.53     1.01    0.303   0.0362   0.0269
    12.2     1.55    0.981    0.282    0.036   0.0259
    12.6     1.58    0.954    0.263   0.0358   0.0252
      13      1.6    0.925    0.245   0.0285   0.0195
    13.4     1.62    0.896    0.227   0.0354   0.0237
    13.8     1.65    0.866    0.211   0.0353   0.0231
    14.2     1.67    0.835    0.195   0.0281   0.0179
    14.6     1.69    0.803     0.18    0.028   0.0175
      15     1.71    0.771    0.166   0.0279   0.0171
    15.4     1.73    0.739    0.153   0.0278   0.0167
    15.8     1.75    0.707    0.141   0.0277   0.0163
    16.2     1.77    0.674     0.13   0.0276    0.016
    16.6     1.79    0.642    0.119   0.0206   0.0118
      17      1.8     0.61    0.109   0.0205   0.0115
    17.4     1.82    0.579      0.1   0.0205   0.0114
    17.8     1.83    0.548   0.0915   0.0136  0.00747
    18.2     1.84    0.518   0.0837   0.0204    0.011
    18.6     1.86    0.489   0.0764   0.0203   0.0109
      19     1.87    0.461   0.0698   0.0135  0.00715
    19.4     1.88    0.434   0.0637   0.0135  0.00707
    19.8     1.89    0.407   0.0581   0.0135    0.007
    20.2      1.9    0.382    0.053   0.0135  0.00693
    20.6     1.91    0.358   0.0482   0.0134  0.00685
      21     1.92    0.335   0.0439  0.00671  0.00341
    21.4     1.92    0.313   0.0399   0.0067  0.00337
    21.8     1.93    0.292   0.0363   0.0134  0.00671
    22.2     1.94    0.272    0.033  0.00669  0.00334
    22.6     1.94    0.254     0.03  0.00668   0.0033
      23     1.95    0.236   0.0272  0.00668   0.0033
    23.4     1.95    0.219   0.0247  0.00666  0.00327
    23.8     1.96    0.204   0.0225  0.00666  0.00327
    24.2     1.96    0.189   0.0204        0        0
    24.6     1.96    0.175   0.0185  0.00665  0.00324
      25     1.97    0.162   0.0168  0.00665  0.00324
    25.4     1.97     0.15   0.0152        0        0
    25.8     1.97    0.139   0.0138  0.00664   0.0032
    26.2     1.98    0.129   0.0125  0.00664   0.0032
    26.6     1.98    0.119   0.0113        0        0
      27     1.98     0.11   0.0103        0        0
    27.4     1.98    0.101  0.00929        0        0
    27.8     1.98   0.0935  0.00842        0        0
    28.2     1.98   0.0862  0.00763  0.00663  0.00317
    28.6     1.99   0.0795  0.00691  0.00663  0.00317
      29     1.99   0.0732  0.00626        0        0
    29.4     1.99   0.0675  0.00567        0        0
    29.8     1.99   0.0621  0.00513        0        0
    30.2     1.99   0.0572  0.00465        0        0
    30.6     1.99   0.0526  0.00421        0        0
      31     1.99   0.0484  0.00381        0        0
    31.4     1.99   0.0445  0.00345        0        0
    31.8     1.99   0.0409  0.00312        0        0
    32.2     1.99   0.0376  0.00282  0.00662  0.00314
    32.6        2   0.0345  0.00256  0.00662  0.00314
      33        2   0.0317  0.00231        0        0
    33.4        2   0.0291  0.00209        0        0
    33.8        2   0.0267   0.0019        0        0
    34.2        2   0.0245  0.00171        0        0
    34.6        2   0.0225  0.00155        0        0
      35        2   0.0207   0.0014        0        0
    35.4        2   0.0189  0.00127        0        0
    35.8        2   0.0174  0.00115        0        0
    36.2        2   0.0159  0.00104        0        0
    36.6        2   0.0146 0.000941        0        0
      37        2   0.0134 0.000851        0        0
    37.4        2   0.0123 0.000771        0        0
    37.8        2   0.0112 0.000698        0        0
    38.2        2   0.0103 0.000632        0        0
    38.6        2  0.00943 0.000571        0        0
      39        2  0.00864 0.000517        0        0
    39.4        2  0.00791 0.000468        0        0
    39.8        2  0.00724 0.000424        0        0
    40.2        2  0.00663 0.000384        0        0
    40.6        2  0.00607 0.000347        0        0
      41        2  0.00555 0.000314        0        0
    41.4        2  0.00508 0.000284        0        0
    41.8        2  0.00465 0.000257        0        0
    42.2        2  0.00425 0.000233        0        0
    42.6        2  0.00389 0.000211        0        0
      43        2  0.00356 0.000191        0        0
    43.4        2  0.00325 0.000172        0        0
    43.8        2  0.00297 0.000156        0        0
    44.2        2  0.00272 0.000141        0        0
    44.6        2  0.00249 0.000128        0        0
      45        2  0.00227 0.000115        0        0
    45.4        2  0.00208 0.000105        0        0
    45.8        2   0.0019 9.46e-05        0        0
    46.2        2  0.00173 8.56e-05        0        0
    46.6        2  0.00158 7.75e-05        0        0
      47        2  0.00145 7.01e-05        0        0
    47.4        2  0.00132 6.35e-05        0        0
    47.8        2  0.00121 5.75e-05        0        0
    48.2        2   0.0011  5.2e-05        0        0
    48.6        2  0.00101  4.7e-05        0        0
      49        2  0.00092 4.25e-05        0        0
    49.4        2  0.00084 3.85e-05        0        0
    49.8        2 0.000767 3.48e-05        0        0
    50.2        2 0.000701 3.15e-05        0        0
    50.6        2  0.00064 2.85e-05        0        0
      51        2 0.000584 2.58e-05        0        0
    51.4        2 0.000533 2.33e-05        0        0
    51.8        2 0.000486 2.11e-05        0        0
    52.2        2 0.000444 1.91e-05        0        0
    52.6        2 0.000405 1.73e-05        0        0
      53        2  0.00037 1.56e-05        0        0
    53.4        2 0.000337 1.42e-05        0        0
    53.8        2 0.000308 1.28e-05        0        0
    54.2        2 0.000281 1.16e-05        0        0
    54.6        2 0.000256 1.05e-05        0        0
      55        2 0.000234 9.49e-06        0        0
    55.4        2 0.000213 8.59e-06        0        0
    55.8        2 0.000194 7.77e-06        0        0
    56.2        2 0.000177 7.03e-06        0        0
    56.6        2 0.000162 6.36e-06        0        0
      57        2 0.000147 5.75e-06        0        0
    57.4        2 0.000134 5.21e-06        0        0
    57.8        2 0.000122 4.71e-06        0        0
    58.2        2 0.000112 4.27e-06        0        0
    58.6        2 0.000102 3.86e-06        0        0
      59        2 9.28e-05 3.49e-06        0        0
    59.4        2 8.46e-05 3.16e-06        0        0
    59.8        2 7.71e-05 2.86e-06        0        0
    60.2        2 7.03e-05 2.59e-06        0        0
    60.6        2 6.41e-05 2.34e-06        0        0
      61        2 5.84e-05 2.12e-06        0        0
    61.4        2 5.32e-05 1.92e-06        0        0
    61.8        2 4.85e-05 1.73e-06        0        0
    62.2        2 4.42e-05 1.57e-06        0        0
    62.6        2 4.03e-05 1.42e-06        0        0
      63        2 3.67e-05 1.28e-06        0        0
    63.4        2 3.34e-05 1.16e-06        0        0
    63.8        2 3.05e-05 1.05e-06        0        0
    64.2        2 2.78e-05 9.52e-07        0        0
    64.6        2 2.53e-05 8.61e-07        0        0
      65        2  2.3e-05  7.8e-07        0        0
    65.4        2  2.1e-05 7.05e-07        0        0
    65.8        2 1.91e-05 6.37e-07        0        0
    66.2        2 1.74e-05 5.77e-07        0        0
    66.6        2 1.58e-05 5.22e-07        0        0
      67        2 1.44e-05 4.73e-07        0        0
    67.4        2 1.31e-05 4.28e-07        0        0
    67.8        2  1.2e-05 3.87e-07        0        0
    68.2        2 1.09e-05  3.5e-07        0        0
    68.6        2 9.92e-06 3.17e-07        0        0
      69        2 9.04e-06 2.87e-07        0        0
    69.4        2 8.23e-06 2.59e-07        0        0
    69.8        2 7.49e-06 2.35e-07        0        0
    70.2        2 6.82e-06 2.12e-07        0        0
    70.6        2 6.21e-06 1.92e-07        0        0
      71        2 5.66e-06 1.74e-07        0        0
    71.4        2 5.15e-06 1.57e-07        0        0
    71.8        2 4.69e-06 1.42e-07        0        0
    72.2        2 4.27e-06 1.29e-07        0        0
    72.6        2 3.88e-06 1.17e-07        0        0
      73        2 3.53e-06 1.05e-07        0        0
    73.4        2 3.22e-06 9.54e-08        0        0
    73.8        2 2.93e-06 8.63e-08        0        0
    74.2        2 2.66e-06  7.8e-08        0        0
    74.6        2 2.42e-06 7.07e-08        0        0
      75        2 2.21e-06  6.4e-08        0        0
    75.4        2 2.01e-06 5.79e-08        0        0
    75.8        2 1.83e-06 5.24e-08        0        0
    76.2        2 1.66e-06 4.73e-08        0        0
    76.6        2 1.51e-06 4.29e-08        0        0
      77        2 1.38e-06 3.88e-08        0        0
    77.4        2 1.25e-06 3.51e-08        0        0
    77.8        2 1.14e-06 3.18e-08        0        0
    78.2        2 1.04e-06 2.87e-08        0        0
    78.6        2 9.43e-07  2.6e-08        0        0
      79        2 8.58e-07 2.35e-08        0        0
    79.4        2  7.8e-07 2.13e-08        0        0
    79.8        2  7.1e-07 1.93e-08        0        0
    80.2        2 6.45e-07 1.74e-08        0        0
    80.6        2 5.87e-07 1.58e-08        0        0
      81        2 5.33e-07 1.43e-08        0        0
    81.4        2 4.85e-07 1.29e-08        0        0
    81.8        2 4.41e-07 1.17e-08        0        0
    82.2        2 4.02e-07 1.06e-08        0        0
    82.6        2 3.66e-07 9.56e-09        0        0
      83        2 3.32e-07 8.66e-09        0        0
    83.4        2 3.02e-07 7.84e-09        0        0
    83.8        2 2.75e-07 7.09e-09        0        0
    84.2        2 2.51e-07 6.41e-09        0        0
    84.6        2 2.28e-07  5.8e-09        0        0
      85        2 2.08e-07 5.25e-09        0        0
    85.4        2 1.89e-07 4.75e-09        0        0
    85.8        2 1.72e-07  4.3e-09        0        0
    86.2        2 1.56e-07 3.89e-09        0        0
    86.6        2 1.42e-07 3.52e-09        0        0
      87        2 1.29e-07 3.18e-09        0        0
    87.4        2 1.17e-07 2.88e-09        0        0
    87.8        2 1.07e-07 2.61e-09        0        0
    88.2        2  9.7e-08 2.36e-09        0        0
    88.6        2 8.82e-08 2.13e-09        0        0
      89        2 8.02e-08 1.93e-09        0        0
    89.4        2 7.29e-08 1.75e-09        0        0
    89.8        2 6.64e-08 1.58e-09        0        0
    90.2        2 6.04e-08 1.43e-09        0        0
    90.6        2 5.49e-08 1.29e-09        0        0
      91        2 4.99e-08 1.17e-09        0        0
    91.4        2 4.54e-08 1.06e-09        0        0
    91.8        2 4.12e-08  9.6e-10        0        0
    92.2        2 3.75e-08 8.68e-10        0        0
    92.6        2 3.41e-08 7.85e-10        0        0
      93        2  3.1e-08  7.1e-10        0        0
    93.4        2 2.82e-08 6.43e-10        0        0
    93.8        2 2.57e-08 5.81e-10        0        0
    94.2        2 2.33e-08 5.26e-10        0        0
    94.6        2 2.12e-08 4.76e-10        0        0
      95        2 1.93e-08 4.31e-10        0        0
    95.4        2 1.75e-08  3.9e-10        0        0
    95.8        2 1.58e-08 3.53e-10        0        0
    96.2        2 1.43e-08 3.19e-10        0        0
    96.6        2 1.29e-08 2.89e-10        0        0
      97        2 1.16e-08 2.61e-10        0        0
    97.4        2 1.05e-08 2.36e-10        0        0
    97.8        2  9.6e-09 2.14e-10        0        0
    98.2        2 8.82e-09 1.94e-10        0        0
    98.6        2 8.19e-09 1.75e-10        0        0
      99        2 7.75e-09 1.58e-10        0        0
    99.4        2 7.47e-09 1.42e-10        0        0
    99.8        2 7.36e-09 1.33e-10        0        0
